   E (MeV)	Unadj. F×Eavg	Adj. F×Eavg
 1.00000E-10	 1.24056E+01	 4.42678E+01
 1.00000E-09	 1.24056E+01	 4.42678E+01
 1.00000E-09	 1.89227E+00	 3.86339E+00
 1.00000E-08	 1.89227E+00	 3.86339E+00
 1.00000E-08	 1.92416E+01	 3.72619E+01
 2.30000E-08	 1.92416E+01	 3.72619E+01
 2.30000E-08	 4.32715E+01	 8.65062E+01
 5.00000E-08	 4.32715E+01	 8.65062E+01
 5.00000E-08	 5.79607E+01	 1.09804E+02
 7.60000E-08	 5.79607E+01	 1.09804E+02
 7.60000E-08	 4.15169E+01	 9.44350E+01
 1.15000E-07	 4.15169E+01	 9.44350E+01
 1.15000E-07	 3.54209E+01	 1.18773E+02
 1.70000E-07	 3.54209E+01	 1.18773E+02
 1.70000E-07	 1.30864E+01	 4.19149E+01
 2.55000E-07	 1.30864E+01	 4.19149E+01
 2.55000E-07	 9.91589E+00	 3.64854E+01
 3.80000E-07	 9.91589E+00	 3.64854E+01
 3.80000E-07	 1.00224E+01	 4.68700E+01
 5.50000E-07	 1.00224E+01	 4.68700E+01
 5.50000E-07	 7.91195E+00	 2.95770E+01
 8.40000E-07	 7.91195E+00	 2.95770E+01
 8.40000E-07	 1.18154E+01	 4.33119E+01
 1.27500E-06	 1.18154E+01	 4.33119E+01
 1.27500E-06	 7.25477E+00	 2.71312E+01
 1.90000E-06	 7.25477E+00	 2.71312E+01
 1.90000E-06	 7.69344E+00	 2.40649E+01
 2.80000E-06	 7.69344E+00	 2.40649E+01
 2.80000E-06	 1.30550E+01	 3.17789E+01
 4.25000E-06	 1.30550E+01	 3.17789E+01
 4.25000E-06	 1.29136E+01	 2.93050E+01
 6.30000E-06	 1.29136E+01	 2.93050E+01
 6.30000E-06	 1.18341E+01	 2.05040E+01
 9.20000E-06	 1.18341E+01	 2.05040E+01
 9.20000E-06	 1.85213E+01	 2.89242E+01
 1.35000E-05	 1.85213E+01	 2.89242E+01
 1.35000E-05	 1.92727E+01	 2.11860E+01
 2.10000E-05	 1.92727E+01	 2.11860E+01
 2.10000E-05	 1.77381E+01	 1.47834E+01
 3.00000E-05	 1.77381E+01	 1.47834E+01
 3.00000E-05	 1.39380E+01	 1.04514E+01
 4.50000E-05	 1.39380E+01	 1.04514E+01
 4.50000E-05	 2.65448E+01	 1.70406E+01
 6.90000E-05	 2.65448E+01	 1.70406E+01
 6.90000E-05	 2.50043E+01	 1.51503E+01
 1.00000E-04	 2.50043E+01	 1.51503E+01
 1.00000E-04	 2.39356E+01	 8.51548E+00
 1.35000E-04	 2.39356E+01	 8.51548E+00
 1.35000E-04	 1.38341E+01	 5.56389E+00
 1.70000E-04	 1.38341E+01	 5.56389E+00
 1.70000E-04	 1.30198E+01	 5.31905E+00
 2.20000E-04	 1.30198E+01	 5.31905E+00
 2.20000E-04	 2.85655E+01	 1.62471E+01
 2.80000E-04	 2.85655E+01	 1.62471E+01
 2.80000E-04	 1.52599E+01	 9.63304E+00
 3.60000E-04	 1.52599E+01	 9.63304E+00
 3.60000E-04	 2.73283E+01	 1.95429E+01
 4.50000E-04	 2.73283E+01	 1.95429E+01
 4.50000E-04	 2.66802E+01	 2.07604E+01
 5.75000E-04	 2.66802E+01	 2.07604E+01
 5.75000E-04	 3.80169E+01	 3.14671E+01
 7.60000E-04	 3.80169E+01	 3.14671E+01
 7.60000E-04	 3.00906E+01	 2.56556E+01
 9.60000E-04	 3.00906E+01	 2.56556E+01
 9.60000E-04	 5.04664E+01	 4.81268E+01
 1.27500E-03	 5.04664E+01	 4.81268E+01
 1.27500E-03	 5.81398E+01	 5.72827E+01
 1.60000E-03	 5.81398E+01	 5.72827E+01
 1.60000E-03	 6.23409E+01	 6.28274E+01
 2.00000E-03	 6.23409E+01	 6.28274E+01
 2.00000E-03	 8.77622E+01	 9.09962E+01
 2.70000E-03	 8.77622E+01	 9.09962E+01
 2.70000E-03	 1.21550E+02	 1.28250E+02
 3.40000E-03	 1.21550E+02	 1.28250E+02
 3.40000E-03	 1.58037E+02	 1.68415E+02
 4.50000E-03	 1.58037E+02	 1.68415E+02
 4.50000E-03	 1.97659E+02	 2.14018E+02
 5.50000E-03	 1.97659E+02	 2.14018E+02
 5.50000E-03	 2.25584E+02	 2.44210E+02
 7.20000E-03	 2.25584E+02	 2.44210E+02
 7.20000E-03	 2.39320E+02	 2.59444E+02
 9.20000E-03	 2.39320E+02	 2.59444E+02
 9.20000E-03	 3.75212E+02	 4.07232E+02
 1.20000E-02	 3.75212E+02	 4.07232E+02
 1.20000E-02	 6.56989E+02	 7.14905E+02
 1.50000E-02	 6.56989E+02	 7.14905E+02
 1.50000E-02	 6.79657E+02	 7.44250E+02
 1.90000E-02	 6.79657E+02	 7.44250E+02
 1.90000E-02	 9.21153E+02	 9.98261E+02
 2.55000E-02	 9.21153E+02	 9.98261E+02
 2.55000E-02	 1.05751E+03	 1.14959E+03
 3.20000E-02	 1.05751E+03	 1.14959E+03
 3.20000E-02	 1.33978E+03	 1.44962E+03
 4.00000E-02	 1.33978E+03	 1.44962E+03
 4.00000E-02	 1.59999E+03	 1.71970E+03
 5.25000E-02	 1.59999E+03	 1.71970E+03
 5.25000E-02	 2.22469E+03	 2.38923E+03
 6.60000E-02	 2.22469E+03	 2.38923E+03
 6.60000E-02	 2.93763E+03	 3.14431E+03
 8.80000E-02	 2.93763E+03	 3.14431E+03
 8.80000E-02	 3.67885E+03	 3.92690E+03
 1.10000E-01	 3.67885E+03	 3.92690E+03
 1.10000E-01	 4.66514E+03	 4.98205E+03
 1.35000E-01	 4.66514E+03	 4.98205E+03
 1.35000E-01	 5.89987E+03	 6.29804E+03
 1.60000E-01	 5.89987E+03	 6.29804E+03
 1.60000E-01	 7.01003E+03	 7.47156E+03
 1.90000E-01	 7.01003E+03	 7.47156E+03
 1.90000E-01	 8.23561E+03	 8.77647E+03
 2.20000E-01	 8.23561E+03	 8.77647E+03
 2.20000E-01	 9.62432E+03	 1.02473E+04
 2.55000E-01	 9.62432E+03	 1.02473E+04
 2.55000E-01	 1.08236E+04	 1.15123E+04
 2.90000E-01	 1.08236E+04	 1.15123E+04
 2.90000E-01	 1.16330E+04	 1.23876E+04
 3.20000E-01	 1.16330E+04	 1.23876E+04
 3.20000E-01	 1.40155E+04	 1.49101E+04
 3.60000E-01	 1.40155E+04	 1.49101E+04
 3.60000E-01	 1.51565E+04	 1.61311E+04
 4.00000E-01	 1.51565E+04	 1.61311E+04
 4.00000E-01	 1.72674E+04	 1.83487E+04
 4.50000E-01	 1.72674E+04	 1.83487E+04
 4.50000E-01	 1.89302E+04	 2.01343E+04
 5.00000E-01	 1.89302E+04	 2.01343E+04
 5.00000E-01	 2.07787E+04	 2.20786E+04
 5.50000E-01	 2.07787E+04	 2.20786E+04
 5.50000E-01	 2.23160E+04	 2.37321E+04
 6.00000E-01	 2.23160E+04	 2.37321E+04
 6.00000E-01	 2.50400E+04	 2.66460E+04
 6.60000E-01	 2.50400E+04	 2.66460E+04
 6.60000E-01	 2.67015E+04	 2.83704E+04
 7.20000E-01	 2.67015E+04	 2.83704E+04
 7.20000E-01	 2.95005E+04	 3.13771E+04
 7.80000E-01	 2.95005E+04	 3.13771E+04
 7.80000E-01	 3.18786E+04	 3.39176E+04
 8.40000E-01	 3.18786E+04	 3.39176E+04
 8.40000E-01	 3.42194E+04	 3.63745E+04
 9.20000E-01	 3.42194E+04	 3.63745E+04
 9.20000E-01	 3.64080E+04	 3.86964E+04
 1.00000E+00	 3.64080E+04	 3.86964E+04
 1.00000E+00	 4.22640E+04	 4.47399E+04
 1.20000E+00	 4.22640E+04	 4.47399E+04
 1.20000E+00	 4.92649E+04	 5.21501E+04
 1.40000E+00	 4.92649E+04	 5.21501E+04
 1.40000E+00	 4.38145E+04	 4.64305E+04
 1.60000E+00	 4.38145E+04	 4.64305E+04
 1.60000E+00	 3.80818E+04	 4.04535E+04
 1.80000E+00	 3.80818E+04	 4.04535E+04
 1.80000E+00	 4.15399E+04	 4.41057E+04
 2.00000E+00	 4.15399E+04	 4.41057E+04
 2.00000E+00	 4.55857E+04	 4.83573E+04
 2.30000E+00	 4.55857E+04	 4.83573E+04
 2.30000E+00	 4.82363E+04	 5.12097E+04
 2.60000E+00	 4.82363E+04	 5.12097E+04
 2.60000E+00	 4.72466E+04	 5.02336E+04
 2.90000E+00	 4.72466E+04	 5.02336E+04
 2.90000E+00	 5.30028E+04	 5.63392E+04
 3.30000E+00	 5.30028E+04	 5.63392E+04
 3.30000E+00	 6.11563E+04	 6.50442E+04
 3.70000E+00	 6.11563E+04	 6.50442E+04
 3.70000E+00	 7.06196E+04	 7.51903E+04
 4.10000E+00	 7.06196E+04	 7.51903E+04
 4.10000E+00	 7.69767E+04	 8.21387E+04
 4.50000E+00	 7.69767E+04	 8.21387E+04
 4.50000E+00	 9.74625E+04	 1.03885E+05
 5.00000E+00	 9.74625E+04	 1.03885E+05
 5.00000E+00	 1.07099E+05	 1.14358E+05
 5.50000E+00	 1.07099E+05	 1.14358E+05
 5.50000E+00	 1.36624E+05	 1.45945E+05
 6.00000E+00	 1.36624E+05	 1.45945E+05
 6.00000E+00	 1.53846E+05	 1.64150E+05
 6.70000E+00	 1.53846E+05	 1.64150E+05
 6.70000E+00	 1.76567E+05	 1.88749E+05
 7.40000E+00	 1.76567E+05	 1.88749E+05
 7.40000E+00	 1.94814E+05	 2.08331E+05
 8.20000E+00	 1.94814E+05	 2.08331E+05
 8.20000E+00	 2.09557E+05	 2.24496E+05
 9.00000E+00	 2.09557E+05	 2.24496E+05
 9.00000E+00	 2.13080E+05	 2.28378E+05
 1.00000E+01	 2.13080E+05	 2.28378E+05
 1.00000E+01	 1.96912E+05	 2.11805E+05
 1.10000E+01	 1.96912E+05	 2.11805E+05
 1.10000E+01	 1.70096E+05	 1.83771E+05
 1.20000E+01	 1.70096E+05	 1.83771E+05
 1.20000E+01	 1.41714E+05	 1.53917E+05
 1.30000E+01	 1.41714E+05	 1.53917E+05
 1.30000E+01	 1.11105E+05	 1.21600E+05
 1.40000E+01	 1.11105E+05	 1.21600E+05
 1.40000E+01	 8.83227E+04	 9.74089E+04
 1.50000E+01	 8.83227E+04	 9.74089E+04
 1.50000E+01	 7.04250E+04	 7.83136E+04
 1.60000E+01	 7.04250E+04	 7.83136E+04
 1.60000E+01	 5.17491E+04	 5.82323E+04
 1.70000E+01	 5.17491E+04	 5.82323E+04
 1.70000E+01	 4.04132E+04	 4.59479E+04
 1.80000E+01	 4.04132E+04	 4.59479E+04
 1.80000E+01	 3.70841E+04	 4.23906E+04
 1.90000E+01	 3.70841E+04	 4.23906E+04
 1.90000E+01	 3.02216E+04	 3.48292E+04
 2.00000E+01	 3.02216E+04	 3.48292E+04
 2.00000E+01	 2.69981E+04	 3.12563E+04
 2.10000E+01	 2.69981E+04	 3.12563E+04
 2.10000E+01	 2.56153E+04	 2.96672E+04
 2.20000E+01	 2.56153E+04	 2.96672E+04
 2.20000E+01	 2.07081E+04	 2.41589E+04
 2.30000E+01	 2.07081E+04	 2.41589E+04
 2.30000E+01	 1.81460E+04	 2.12283E+04
 2.40000E+01	 1.81460E+04	 2.12283E+04
 2.40000E+01	 1.69805E+04	 1.98286E+04
 2.50000E+01	 1.69805E+04	 1.98286E+04
 2.50000E+01	 1.39124E+04	 1.63096E+04
 2.60000E+01	 1.39124E+04	 1.63096E+04
 2.60000E+01	 1.19565E+04	 1.40196E+04
 2.70000E+01	 1.19565E+04	 1.40196E+04
 2.70000E+01	 1.24132E+04	 1.44103E+04
 2.80000E+01	 1.24132E+04	 1.44103E+04
 2.80000E+01	 1.25638E+04	 1.44518E+04
 2.90000E+01	 1.25638E+04	 1.44518E+04
 2.90000E+01	 8.34833E+03	 9.69246E+03
 3.00000E+01	 8.34833E+03	 9.69246E+03
 3.00000E+01	 4.13766E+03	 4.92572E+03
 3.10000E+01	 4.13766E+03	 4.92572E+03
 3.10000E+01	 1.63520E+03	 2.03914E+03
 3.20000E+01	 1.63520E+03	 2.03914E+03
 3.20000E+01	 9.40869E+02	 1.20116E+03
 3.30000E+01	 9.40869E+02	 1.20116E+03
 3.30000E+01	 6.44211E+02	 8.28784E+02
 3.40000E+01	 6.44211E+02	 8.28784E+02
 3.40000E+01	 3.70947E+02	 4.88189E+02
 3.50000E+01	 3.70947E+02	 4.88189E+02
 3.50000E+01	 2.90508E+02	 3.78562E+02
 3.60000E+01	 2.90508E+02	 3.78562E+02
 3.60000E+01	 2.71706E+02	 3.44866E+02
 3.70000E+01	 2.71706E+02	 3.44866E+02
 3.70000E+01	 2.09359E+02	 2.62995E+02
 3.80000E+01	 2.09359E+02	 2.62995E+02
 3.80000E+01	 6.36869E+01	 8.62661E+01
 3.90000E+01	 6.36869E+01	 8.62661E+01
 3.90000E+01	 0.00000E+00	 0.00000E+00
 4.00000E+01	 0.00000E+00	 0.00000E+00
 4.00000E+01	 0.00000E+00	 0.00000E+00
 4.10000E+01	 0.00000E+00	 0.00000E+00
 4.10000E+01	 0.00000E+00	 0.00000E+00
 4.20000E+01	 0.00000E+00	 0.00000E+00
 4.20000E+01	 0.00000E+00	 0.00000E+00
 4.30000E+01	 0.00000E+00	 0.00000E+00
 4.30000E+01	 0.00000E+00	 0.00000E+00
 4.40000E+01	 0.00000E+00	 0.00000E+00
 4.40000E+01	 0.00000E+00	 0.00000E+00
 4.50000E+01	 0.00000E+00	 0.00000E+00
 4.50000E+01	 0.00000E+00	 0.00000E+00
 4.60000E+01	 0.00000E+00	 0.00000E+00
 4.60000E+01	 0.00000E+00	 0.00000E+00
 4.70000E+01	 0.00000E+00	 0.00000E+00
 4.70000E+01	 0.00000E+00	 0.00000E+00
 4.80000E+01	 0.00000E+00	 0.00000E+00
 4.80000E+01	 0.00000E+00	 0.00000E+00
 4.90000E+01	 0.00000E+00	 0.00000E+00
 4.90000E+01	 0.00000E+00	 0.00000E+00
 5.00000E+01	 0.00000E+00	 0.00000E+00
 5.00000E+01	 0.00000E+00	 0.00000E+00
 5.10000E+01	 0.00000E+00	 0.00000E+00
 5.10000E+01	 0.00000E+00	 0.00000E+00
 5.20000E+01	 0.00000E+00	 0.00000E+00
 5.20000E+01	 0.00000E+00	 0.00000E+00
 5.30000E+01	 0.00000E+00	 0.00000E+00
 5.30000E+01	 0.00000E+00	 0.00000E+00
 5.40000E+01	 0.00000E+00	 0.00000E+00
 5.40000E+01	 0.00000E+00	 0.00000E+00
 5.50000E+01	 0.00000E+00	 0.00000E+00
 5.50000E+01	 0.00000E+00	 0.00000E+00
 5.60000E+01	 0.00000E+00	 0.00000E+00
 5.60000E+01	 0.00000E+00	 0.00000E+00
 5.70000E+01	 0.00000E+00	 0.00000E+00
 5.70000E+01	 0.00000E+00	 0.00000E+00
 5.80000E+01	 0.00000E+00	 0.00000E+00
 5.80000E+01	 0.00000E+00	 0.00000E+00
 5.90000E+01	 0.00000E+00	 0.00000E+00
 5.90000E+01	 0.00000E+00	 0.00000E+00
 6.00000E+01	 0.00000E+00	 0.00000E+00
