PSD values
 peak window - tail offset - tail window - fom
8  26  12  0
8  26  13  1.37807
8  26  14  1.45465
8  26  15  1.49131
8  26  16  1.51146
8  26  17  1.51487
8  27  12  0
8  27  13  0.042183
8  27  14  1.46313
8  27  15  1.49785
8  27  16  1.51382
8  27  17  1.51447
8  28  12  0
8  28  13  1.40194
8  28  14  1.47119
8  28  15  1.50017
8  28  16  1.51545
8  28  17  1.51188
8  29  12  1.28836
8  29  13  1.41245
8  29  14  1.47654
8  29  15  1.50229
8  29  16  1.51362
8  29  17  1.51111
9  26  12  0.0553457
9  26  13  1.53976
9  26  14  0.040137
9  26  15  1.57376
9  26  16  0
9  26  17  0
9  27  12  1.46237
9  27  13  1.5466
9  27  14  1.57769
9  27  15  0.0599622
9  27  16  0
9  27  17  0
9  28  12  1.47173
9  28  13  0.0407725
9  28  14  1.57872
9  28  15  1.57256
9  28  16  1.54631
9  28  17  0
9  29  12  1.48298
9  29  13  1.5594
9  29  14  0.0409088
9  29  15  1.57085
9  29  16  1.5425
9  29  17  0
10  26  12  0.0399879
10  26  13  1.59596
10  26  14  0
10  26  15  0
10  26  16  0
10  26  17  0
10  27  12  0.060014
10  27  13  1.5987
10  27  14  1.59115
10  27  15  0
10  27  16  0
10  27  17  0
10  28  12  1.55813
10  28  13  1.60039
10  28  14  1.58711
10  28  15  0
10  28  16  0
10  28  17  0
10  29  12  1.56493
10  29  13  1.60102
10  29  14  1.58311
10  29  15  1.54774
10  29  16  0
10  29  17  0
11  26  12  0
11  26  13  0
11  26  14  0
11  26  15  0
11  26  16  0
11  26  17  0
11  27  12  0
11  27  13  0
11  27  14  0
11  27  15  0
11  27  16  0
11  27  17  0
11  28  12  1.59182
11  28  13  1.60063
11  28  14  0
11  28  15  0
11  28  16  0
11  28  17  0
11  29  12  1.59674
11  29  13  1.59731
11  29  14  1.55443
11  29  15  0
11  29  16  0
11  29  17  0
12  26  12  0
12  26  13  0
12  26  14  0
12  26  15  0
12  26  16  0
12  26  17  0
12  27  12  0
12  27  13  0
12  27  14  0
12  27  15  0
12  27  16  0
12  27  17  0
12  28  12  0
12  28  13  0
12  28  14  0
12  28  15  0
12  28  16  0
12  28  17  0
12  29  12  1.60456
12  29  13  0
12  29  14  0
12  29  15  0
12  29  16  0
12  29  17  0
