1.5275 0.0283263238168 0.00795430495472
1.7825 0.0263269759018 0.0106022595706
2.0375 0.0436335741733 0.012400542328
2.2925 0.0549392146982 0.0134775398299
2.5475 0.0359082131323 0.0146460502284
2.8025 0.0839976385617 0.0157522213547
3.0575 0.0595680205192 0.0168509649368
3.3125 0.0953622447658 0.0200466311812
3.5675 0.0630603657199 0.0200556882455
3.8225 0.0688083195637 0.0202916920374
4.0775 0.0712123708761 0.0214610340677
4.3325 0.0358715309947 0.0201153689773
4.5875 0.0843778300633 0.0204162705538
4.8425 0.0613556747893 0.0212285855863
5.0975 0.0686466781813 0.0195492897042
5.3525 0.0346267380798 0.0167930298189
5.6075 0.0467217302121 0.0133458099123
5.8625 0.0268352120616 0.00807702044954
6.1175 0.00537545873456 0.00382225712788
6.3725 0.00504588515464 0.00167455792235
