1.46375 0.0182698728954 0.00754707375941
1.59125 0.0105187022912 0.00746857516459
1.71875 0.0111893041461 0.00760507245707
1.84625 0.0175790514589 0.00994433048576
1.97375 0.0215885551073 0.0118808509451
2.10125 0.0201130906365 0.0125044235981
2.22875 0.0275525612389 0.0143297870138
2.35625 0.0280131088632 0.0140851902254
2.48375 0.016976110727 0.0114848743596
2.61125 0.0167986714862 0.012688571445
2.73875 0.052101975311 0.0187988954881
2.86625 0.0278026950973 0.018445963683
2.99375 0.0351358459693 0.0180714186287
3.12125 0.0259284888357 0.0180530697121
3.24875 0.0612192774073 0.0266883397952
3.37625 0.041837413129 0.0232250309502
3.50375 0.019465755853 0.0155478539236
3.63125 0.0457140599163 0.0216687182521
3.75875 0.0283907921566 0.0196339619234
3.88625 0.028800320007 0.0189625394828
4.01375 0.0471525436114 0.0229111617074
4.14125 0.0258062468269 0.0172194867683
4.26875 0.0193719342552 0.0141323023257
4.39625 0.022619223025 0.0161781296964
4.52375 0.0413921029539 0.0223472466197
4.65125 0.0400976045942 0.0229776730312
4.77875 0.0278472089941 0.0191527511647
4.90625 0.0351750524399 0.0202232913008
5.03375 0.0356641916826 0.0209028847127
5.16125 0.0288622970479 0.018021859622
5.28875 0.0182188531214 0.0131716528132
5.41625 0.0203344616693 0.0136989098435
5.54375 0.0237259069818 0.0140102182429
5.67125 0.0195907371786 0.0127895460468
5.79875 0.0164234364571 0.00999519025275
5.92625 0.0111453723541 0.00683330140942
6.05375 0.00435739687252 0.0033476285877
6.18125 0.00228046405258 0.00192924048565
6.30875 0.00193394048691 0.00160174931646
6.43625 0.00300537286158 0.0012939754032
