1.5275 648050980.392 181978966.194
1.7825 602309803.922 242558997.544
2.0375 998250980.392 283700195.798
2.2925 1256901960.78 308339795.752
2.5475 821509803.922 335073032.094
2.8025 1921701960.78 360380067.611
3.0575 1362800000.0 385517175.419
3.3125 2181701960.78 458627779.395
3.5675 1442698039.22 458834987.342
3.8225 1574200000.0 464234293.293
4.0775 1629200000.0 490986555.748
4.3325 820670588.235 460200365.956
4.5875 1930400000.0 467084406.501
4.8425 1403698039.22 485668588.361
5.0975 1570501960.78 447249577.485
5.3525 792192156.863 384191733.042
5.6075 1068901960.78 305326072.444
5.8625 613937254.902 184786457.107
6.1175 122980000.0 87445779.9415
6.3725 115440000.0 38310615.6068
