$SPEC_ID:
Pulser
$SPEC_REM:
DET# 2
DETDESC# DETECTOR 2
AP# GammaVision Version 7.01.03
$DATE_MEA:
03/30/2017 14:32:25
$MEAS_TIM:
825 826
$DATA:
0 8191
       0
       0
       0
       0
       0
       0
       0
       0
       0
       0
       0
       0
       0
       0
       0
       0
       0
       0
       0
       0
       0
       0
       0
       4
     178
     182
      73
      59
      48
      66
      61
      62
      67
      81
      78
      86
      71
      66
      62
      59
      81
      77
      85
      54
      60
      67
      68
      52
      72
      61
      57
      51
      70
      61
      84
      55
      64
      63
      72
      48
      71
      83
      73
      63
      80
      56
      64
      72
      71
      60
      71
      76
      58
      52
      65
      60
      66
      68
      63
      84
      74
      66
      66
      72
      59
      63
      63
      71
      62
      60
      52
      70
      53
      64
      63
      62
      53
      66
      57
      56
      69
      64
      61
      58
      70
      50
      48
      71
      57
      57
      42
      69
      49
      52
      72
      58
      60
      64
      49
      60
      82
      50
      72
      63
      59
      61
      70
      75
      76
      65
      68
      72
      68
      67
      55
      70
      58
      67
      62
      82
      75
      73
      61
      68
      58
      68
      71
      71
      64
      72
      72
      81
      75
      75
      70
      84
      80
      80
      84
      85
      77
      72
      78
      71
      91
      75
      77
      73
      78
      98
      83
     108
      70
      86
      76
      75
      89
      86
     102
     107
      91
     114
     147
     221
     283
     278
     198
     187
     248
     424
     427
     306
     164
     104
      79
      68
      80
      73
      76
      76
      99
      74
      63
      81
      80
      61
      64
      83
      58
      65
      73
      78
     140
     176
     216
     204
     178
     105
     101
     105
     124
     101
      97
      97
      77
      76
      82
      58
      69
      66
      55
      67
      66
      69
      73
      67
      85
      74
      63
      72
      75
      78
      81
      83
      72
      75
      78
      65
      73
      86
      69
      68
      82
      78
      71
      83
      97
      75
      86
      66
      64
      71
      67
      66
      95
      72
      81
      65
      79
      85
      61
      85
      74
      75
      80
      80
      74
      62
      94
      62
      66
      91
      78
      83
      82
      74
      82
      74
      79
      78
      96
      75
      88
      89
      86
      75
      67
      80
      91
      86
      88
      87
      89
      80
      80
      81
      79
     100
      78
      99
      77
      88
      88
      73
      92
     108
      71
      88
      64
      83
      87
      91
      90
      94
      85
      94
      97
      78
     101
      72
      87
      99
      82
      82
      84
      71
      89
      91
      90
      83
      93
      79
      76
      98
      82
     100
      81
      77
      98
      74
      90
      93
      84
      99
      84
      78
      94
      73
      78
      74
      99
      96
      67
      80
      89
      77
      85
      86
      77
      77
      75
      96
     100
      83
      82
      74
      83
      82
      91
      99
      89
      76
     101
      81
      89
      81
      78
      85
      85
      89
      98
      85
      84
      89
      72
      74
     112
      69
      71
      81
      82
      87
      93
      87
      77
      80
      89
      95
      82
      98
      79
      90
      85
      88
      80
     106
      81
      80
     100
      95
      79
      82
      71
      85
      85
      74
      69
      81
      78
      69
      73
      75
      95
      69
      84
      79
      93
      81
      88
      60
      79
      88
      80
      89
      73
      86
      82
      76
      94
      81
      91
      73
      87
      75
      58
      62
      78
      82
      85
      84
      55
      70
      83
      72
      84
      63
      65
      83
      73
      74
      75
      92
      75
      77
      69
      90
      67
      60
      87
      63
      75
      82
      69
      85
      67
      85
      67
      75
      81
      71
      74
      74
      71
      56
      71
      81
      86
      85
      74
      73
      55
      66
      75
      77
      82
      65
      57
      88
      78
      77
      82
      71
      77
      77
      72
      87
      80
      61
      71
      83
      68
      83
      73
      87
      81
      80
      73
      78
      67
      72
      74
      96
      92
      85
      74
      93
      82
      90
      82
      89
      86
      89
      82
      87
      92
      93
      92
     105
      83
      93
     106
     120
      92
      97
      77
     107
      80
      97
      82
      84
      89
      96
     104
      69
     109
     111
      94
      76
     105
      93
      89
      96
      97
      80
      75
      94
      93
      96
      91
      95
      99
      91
     123
      94
     101
      98
     113
     110
     113
     103
     108
      91
      87
      87
      77
     109
      99
      94
     102
      99
     110
     104
     109
      84
      81
      97
     113
      95
      91
      89
     104
      95
      93
     116
     101
      87
     105
     103
     110
     104
      93
     106
      88
     112
      99
     108
     110
     109
     102
     111
      96
     114
     121
     103
     101
     106
     135
     108
      98
     108
      92
     101
     112
     101
      95
     114
     101
     103
     109
     101
     101
      95
     106
     111
     101
     113
      92
     100
     106
      91
      92
     101
     105
     121
     104
     107
      84
      81
     105
      83
      85
      90
      91
      84
     101
      70
     103
      99
      84
      87
      70
      81
      99
      81
      86
      73
      82
      79
      71
      94
      91
      75
      64
      83
      60
      77
      80
      73
      69
      72
      70
      74
      69
      79
      93
      59
      54
      56
      71
      70
      65
      52
      62
      66
      72
      60
      54
      55
      61
      54
      51
      58
      49
      66
      64
      64
      66
      56
      58
      51
      56
      64
      51
      57
      49
      72
      37
      53
      38
      48
      47
      60
      46
      57
      52
      46
      46
      60
      62
      47
      54
      52
      48
      54
      42
      56
      42
      52
      57
      50
      51
      33
      45
      59
      55
      55
      51
      48
      49
      50
      53
      50
      41
      49
      39
      46
      51
      41
      53
      45
      44
      55
      50
      71
      46
      44
      36
      53
      44
      44
      52
      47
      51
      55
      40
      50
      34
      39
      37
      39
      33
      43
      50
      34
      42
      52
      33
      27
      48
      36
      38
      46
      45
      51
      47
      27
      33
      36
      34
      51
      48
      29
      45
      45
      43
      44
      47
      35
      41
      38
      42
      40
      41
      49
      50
      44
      46
      37
      39
      40
      45
      46
      33
      49
      37
      37
      45
      44
      52
      37
      30
      47
      43
      44
      33
      43
      40
      40
      50
      42
      36
      41
      36
      32
      35
      35
      41
      30
      35
      43
      39
      32
      37
      35
      24
      40
      32
      35
      33
      44
      25
      42
      39
      37
      33
      40
      24
      47
      37
      36
      36
      39
      36
      40
      37
      34
      44
      34
      42
      27
      36
      32
      35
      46
      40
      38
      40
      32
      25
      34
      38
      22
      27
      17
      35
      44
      31
      45
      25
      35
      36
      40
      43
      39
      28
      31
      40
      35
      40
      32
      34
      38
      31
      32
      29
      25
      35
      41
      29
      32
      43
      29
      45
      44
      27
      30
      27
      31
      41
      32
      24
      23
      27
      28
      46
      30
      18
      35
      30
      33
      27
      21
      36
      41
      31
      31
      40
      29
      33
      26
      36
      44
      29
      32
      34
      36
      50
      37
      36
      33
      30
      29
      41
      31
      29
      26
      30
      25
      35
      44
      25
      27
      31
      40
      35
      34
      30
      38
      25
      40
      28
      30
      26
      28
      27
      24
      34
      39
      20
      35
      26
      28
      34
      27
      37
      24
      24
      30
      29
      28
      29
      18
      30
      29
      29
      31
      31
      26
      25
      32
      26
      22
      30
      31
      24
      36
      38
      35
      32
      20
      34
      29
      24
      23
      25
      37
      33
      32
      29
      24
      30
      28
      29
      38
      36
      29
      30
      19
      19
      21
      28
      28
      24
      36
      30
      32
      28
      24
      26
      23
      21
      32
      33
      26
      30
      21
      23
      33
      23
      20
      32
      20
      36
      27
      25
      27
      24
      14
      33
      19
      34
      25
      30
      31
      20
      28
      27
      33
      23
      31
      20
      28
      38
      35
      20
      26
      32
      21
      32
      26
      23
      17
      27
      27
      27
      22
      21
      22
      39
      20
      27
      28
      18
      21
      31
      26
      29
      16
      28
      20
      20
      27
      17
      37
      26
      19
      27
      29
      38
      15
      39
      30
      28
      23
      26
      26
      21
      20
      32
      25
      24
      28
      29
      34
      31
      31
      32
      23
      26
      21
      30
      31
      16
      23
      26
      23
      27
      33
      32
      24
      24
      36
      16
      29
      24
      26
      22
      34
      32
      28
      29
      25
      31
      33
      26
      26
      21
      29
      29
      31
      23
      25
      30
      31
      23
      27
      28
      24
      28
      29
      24
      22
      24
      30
      25
      30
      14
      24
      22
      21
      20
      28
      35
      26
      33
      31
      20
      29
      22
      25
      32
      26
      34
      11
      32
      26
      30
      29
      20
      21
      27
      29
      31
      26
      30
      26
      24
      23
      28
      17
      21
      22
      32
      22
      26
      16
      21
      26
      33
      35
      29
      23
      29
      32
      29
      25
      25
      26
      19
      20
      24
      19
      21
      24
      22
      28
      30
      21
      30
      34
      29
      14
      25
      23
      32
      27
      23
      29
      30
      24
      14
      29
      22
      36
      42
      25
      49
      40
      32
      56
      36
      31
      37
      36
      31
      26
      28
      24
      29
      21
      21
      22
      22
      21
      17
      30
      24
      22
      18
      25
      19
      31
      29
      31
      21
      20
      23
      24
      32
      39
      19
      15
      28
      26
      27
      20
      28
      20
      19
      30
      26
      23
      29
      28
      21
      26
      24
      22
      23
      18
      20
      34
      31
      23
      24
      24
      27
      35
      30
      20
      28
      25
      38
      20
      29
      25
      29
      26
      28
      24
      23
      30
      24
      34
      23
      23
      28
      20
      27
      20
      17
      15
      33
      23
      23
      24
      20
      20
      31
      20
      31
      25
      29
      23
      23
      28
      21
      27
      17
      35
      26
      23
      23
      24
      24
      28
      29
      25
      19
      28
      33
      20
      19
      25
      20
      20
      22
      19
      17
      28
      18
      26
      30
      26
      20
      21
      24
      21
      25
      15
      25
      34
      21
      21
      23
      21
      21
      33
      22
      27
      18
      30
      20
      19
      19
      18
      32
      23
      29
      20
      27
      19
      26
      25
      20
      25
      23
      21
      20
      22
      24
      18
      34
      17
      36
      17
      32
      20
      22
      25
      27
      23
      26
      29
      21
      23
      23
      27
      23
      18
      21
      24
      21
      34
      28
      28
      28
      30
      25
      21
      26
      22
      25
      22
      24
      28
      28
      34
      22
      21
      21
      30
      28
      17
      25
      37
      20
      22
      30
      33
      26
      27
      24
      27
      27
      22
      20
      27
      25
      23
      25
      29
      25
      23
      29
      19
      29
      34
      29
      21
      26
      27
      22
      28
      21
      34
      17
      23
      28
      27
      30
      22
      23
      31
      24
      23
      28
      20
      30
      23
      29
      30
      24
      33
      24
      21
      25
      31
      15
      34
      28
      28
      24
      20
      21
      24
      21
      21
      19
      24
      23
      26
      16
      22
      17
      26
      23
      38
      28
      16
      18
      25
      21
      29
      22
      35
      28
      21
      21
      17
      30
      25
      17
      21
      19
      23
      23
      29
      13
      28
      35
      24
      22
      20
      32
      22
      19
      25
      27
      14
      24
      26
      19
      18
      17
      29
      23
      24
      27
      17
      14
      23
      18
      25
      21
      25
      26
      24
      21
      17
      27
      20
      22
      28
      26
      25
      25
      18
      27
      24
      19
      24
      25
      23
      27
      21
      25
      14
      23
      17
      25
      20
      26
      22
      23
      31
      26
      25
      20
      28
      18
      23
      27
      28
      27
      21
      19
      24
      23
      24
      26
      34
      19
      19
      25
      26
      27
      22
      31
      27
      29
      28
      28
      28
      30
      24
      29
      18
      24
      26
      26
      24
      36
      24
      17
      31
      17
      31
      24
      27
      26
      23
      21
      25
      27
      22
      29
      23
      19
      17
      14
      19
      17
      12
      22
      27
      21
      23
      27
      19
      27
      25
      23
      21
      28
      32
      19
      28
      21
      28
      20
      32
      26
      24
      31
      27
      28
      29
      22
      21
      12
      21
      22
      19
      23
      27
      20
      24
      19
      27
      19
      24
      28
      18
      28
      27
      23
      27
      15
      25
      34
      23
      29
      23
      26
      26
      27
      19
      16
      23
      27
      24
      29
      24
      21
      24
      30
      22
      27
      22
      24
      26
      23
      19
      28
      21
      26
      30
      24
      28
      21
      19
      23
      26
      22
      29
      26
      31
      23
      24
      30
      22
      27
      25
      24
      28
      19
      24
      29
      30
      23
      21
      28
      18
      25
      26
      28
      26
      28
      33
      28
      28
      24
      21
      20
      25
      22
      28
      21
      19
      24
      19
      28
      23
      30
      31
      17
      31
      27
      27
      19
      24
      19
      34
      23
      22
      19
      23
      14
      29
      32
      12
      21
      22
      21
      21
      22
      16
      34
      26
      20
      19
      24
      27
      20
      20
      30
      28
      31
      26
      35
      33
      25
      26
      22
      27
      34
      31
      27
      29
      15
      30
      22
      22
      34
      17
      30
      29
      29
      32
      19
      28
      27
      30
      25
      14
      29
      23
      13
      23
      30
      34
      28
      22
      25
      20
      25
      22
      19
      28
      36
      28
      24
      26
      30
      26
      28
      26
      27
      36
      25
      19
      23
      22
      22
      29
      25
      24
      25
      32
      22
      24
      25
      25
      24
      24
      18
      31
      29
      33
      23
      21
      33
      27
      22
      27
      31
      31
      36
      22
      31
      22
      32
      32
      25
      21
      26
      34
      29
      33
      34
      29
      27
      26
      27
      23
      24
      24
      28
      23
      35
      33
      33
      29
      28
      22
      29
      21
      24
      21
      24
      17
      30
      21
      30
      26
      34
      34
      27
      17
      29
      24
      25
      30
      19
      24
      23
      32
      28
      28
      26
      30
      22
      17
      33
      27
      34
      20
      38
      31
      40
      20
      31
      19
      22
      30
      23
      29
      28
      28
      28
      24
      30
      32
      35
      24
      26
      28
      28
      43
      38
      36
      33
      31
      21
      26
      27
      28
      34
      33
      30
      23
      31
      31
      26
      29
      38
      35
      28
      24
      26
      24
      33
      32
      23
      31
      25
      33
      39
      37
      32
      24
      20
      30
      34
      26
      37
      25
      33
      33
      30
      34
      30
      30
      33
      36
      29
      31
      32
      26
      29
      25
      37
      30
      34
      37
      40
      34
      26
      17
      27
      28
      30
      28
      27
      39
      21
      26
      36
      40
      28
      33
      40
      34
      37
      33
      29
      28
      35
      32
      32
      38
      39
      29
      35
      37
      36
      28
      29
      31
      31
      35
      35
      26
      26
      25
      32
      32
      22
      27
      31
      26
      34
      31
      33
      27
      29
      32
      29
      36
      21
      40
      23
      22
      34
      41
      32
      23
      37
      31
      25
      18
      31
      30
      24
      42
      32
      24
      31
      27
      32
      31
      34
      41
      35
      34
      49
      30
      32
      36
      39
      36
      35
      26
      36
      28
      32
      30
      38
      34
      37
      42
      43
      35
      38
      30
      45
      34
      34
      25
      33
      31
      32
      35
      34
      40
      34
      35
      45
      30
      41
      41
      34
      31
      45
      32
      31
      42
      27
      29
      31
      34
      39
      34
      40
      34
      37
      37
      31
      48
      36
      34
      38
      29
      34
      32
      27
      34
      40
      29
      36
      31
      40
      38
      39
      42
      34
      28
      35
      33
      38
      37
      36
      40
      47
      39
      42
      32
      23
      32
      37
      46
      40
      40
      32
      39
      45
      48
      37
      29
      49
      39
      48
      42
      36
      38
      36
      29
      37
      39
      39
      39
      35
      38
      44
      32
      44
      36
      35
      37
      39
      50
      40
      51
      33
      50
      43
      25
      47
      43
      42
      53
      39
      21
      40
      45
      51
      36
      44
      43
      42
      41
      34
      41
      47
      36
      47
      49
      61
      50
      44
      34
      35
      41
      39
      40
      44
      45
      45
      32
      49
      51
      43
      37
      33
      37
      40
      47
      48
      53
      42
      37
      51
      45
      41
      44
      42
      41
      51
      51
      34
      40
      39
      30
      41
      37
      43
      49
      42
      52
      42
      35
      44
      47
      44
      42
      48
      41
      51
      35
      43
      52
      46
      50
      36
      43
      65
      35
      36
      45
      48
      47
      45
      50
      53
      47
      53
      42
      40
      55
      45
      47
      31
      42
      56
      44
      62
      37
      40
      38
      41
      45
      61
      44
      49
      40
      46
      45
      45
      49
      50
      51
      53
      51
      54
      53
      52
      45
      48
      44
      46
      50
      43
      56
      37
      47
      60
      53
      58
      56
      59
      33
      47
      46
      54
      53
      56
      46
      37
      48
      47
      52
      43
      45
      43
      43
      31
      47
      59
      36
      47
      32
      43
      47
      40
      45
      49
      42
      34
      34
      39
      29
      41
      39
      36
      30
      32
      30
      36
      44
      33
      28
      35
      34
      41
      32
      33
      39
      38
      29
      36
      26
      33
      41
      34
      34
      24
      51
      44
      33
      38
      42
      30
      37
      40
      41
      39
      35
      27
      29
      38
      33
      31
      32
      24
      25
      29
      29
      28
      39
      45
      41
      30
      32
      27
      33
      43
      35
      42
      29
      39
      27
      30
      35
      33
      37
      34
      37
      34
      38
      26
      30
      34
      37
      31
      24
      29
      39
      33
      32
      43
      30
      30
      32
      26
      31
      39
      33
      35
      39
      33
      33
      29
      31
      33
      45
      28
      39
      33
      29
      41
      27
      33
      24
      31
      34
      26
      29
      24
      33
      40
      31
      22
      28
      29
      29
      31
      41
      36
      38
      28
      33
      37
      30
      26
      34
      36
      26
      34
      32
      44
      31
      25
      23
      43
      39
      29
      27
      28
      40
      34
      31
      33
      38
      37
      23
      27
      31
      39
      28
      34
      35
      30
      32
      31
      27
      45
      33
      28
      31
      27
      27
      26
      36
      27
      31
      25
      34
      30
      43
      27
      31
      28
      22
      39
      22
      38
      23
      40
      27
      28
      34
      28
      39
      36
      27
      27
      27
      24
      32
      22
      28
      29
      29
      29
      27
      24
      44
      25
      30
      25
      27
      39
      35
      22
      27
      28
      32
      25
      30
      31
      23
      23
      30
      23
      22
      32
      32
      30
      30
      30
      33
      19
      38
      28
      21
      42
      28
      25
      28
      18
      26
      31
      20
      27
      32
      27
      26
      30
      30
      33
      30
      33
      33
      31
      30
      19
      25
      33
      30
      43
      40
      25
      32
      33
      43
      24
      29
      29
      28
      33
      26
      28
      36
      29
      33
      24
      28
      33
      34
      22
      22
      40
      29
      36
      37
      23
      25
      31
      18
      31
      29
      31
      22
      38
      52
      33
      22
      33
      20
      36
      29
      31
      31
      31
      36
      32
      36
      28
      11
      31
      23
      20
      29
      27
      30
      29
      26
      30
      19
      34
      36
      33
      34
      36
      35
      31
      36
      41
      33
      33
      29
      33
      29
      37
      25
      37
      22
      18
      33
      31
      36
      38
      36
      36
      34
      19
      33
      24
      30
      31
      30
      31
      27
      32
      23
      29
      36
      28
      33
      24
      28
      28
      27
      28
      27
      29
      32
      33
      31
      28
      27
      27
      23
      23
      19
      26
      38
      23
      35
      24
      35
      29
      25
      19
      35
      20
      33
      21
      28
      24
      26
      31
      17
      15
      16
      25
      25
      14
      14
      24
      20
      19
      19
      28
      17
      18
      25
      11
      13
      21
      21
      16
      12
      21
      24
      17
      13
      11
      27
      21
      22
      25
      19
      17
      16
      24
      16
      20
      18
      12
      20
      18
      17
      16
      15
      10
      16
      18
      19
      19
      25
      19
      17
      13
      22
      18
      17
      16
      21
      16
       8
      19
      13
      19
      13
      23
      15
      16
       9
      20
      13
      26
      19
      19
      14
      15
      21
      24
      15
      18
      11
      18
      15
      19
      12
      23
       8
      19
       8
      13
      18
      14
      21
      17
      11
      18
      17
      15
      14
      12
      19
      15
      18
      24
      20
      15
      17
      14
      14
      20
      22
      19
      11
      22
      19
      17
      27
      23
      24
      33
      30
      45
      48
      83
     100
     117
     161
     194
     286
     352
     449
     540
     712
     782
     871
     845
     909
     888
     938
     822
     700
     553
     389
     234
     146
     103
      67
      42
      38
      31
      23
      12
       9
       8
      14
      13
      14
       9
       9
       4
      10
      12
      10
       5
       9
      12
      10
       3
      10
       9
       5
       7
       8
       9
       6
       7
      13
       8
      16
      15
      10
       6
      15
      11
      12
      10
      11
      10
       8
      11
       6
      12
      11
       6
       6
      11
       8
       7
       4
       8
       7
       9
       7
       7
      10
       3
       5
       6
       8
       5
       9
       8
       9
       7
       8
      10
       7
       4
       7
       5
       6
       6
       6
       6
       4
       6
       3
      11
       4
       7
       8
      10
       7
       9
       4
       6
      11
       4
       7
       5
       2
       5
       8
       2
       9
       5
       6
       9
       2
       7
       7
       3
      11
       4
       4
       5
       6
       5
       4
       6
       4
       1
       5
       7
       3
       6
       3
       2
       4
       6
       5
       2
       2
       7
       5
       5
       4
       3
       6
       1
       6
       5
       3
       2
       1
       3
       4
       4
       2
       1
       4
       8
       7
       1
       3
       1
       4
       2
       2
       4
       1
       1
       3
       0
       1
       2
       6
       0
       2
       4
       1
       2
       3
       3
       3
       5
       4
       3
       5
       4
       3
       3
       4
       1
       2
       3
       4
       2
       4
       6
       2
       2
       4
       0
       3
       1
       1
       1
       3
       2
       0
       1
       0
       2
       3
       1
       3
       1
       1
       0
       2
       2
       1
       4
       2
       0
       1
       0
       0
       3
       3
       2
       1
       1
       0
       3
       2
       1
       4
       2
       1
       3
       3
       4
       2
       3
       2
       1
       3
       1
       1
       6
       5
       5
       1
       3
       2
       1
       0
       1
       3
       2
       1
       0
       0
       2
       4
       7
       2
       4
       2
       0
       4
       1
       1
       0
       2
       2
       3
       0
       0
       0
       2
       2
       2
       3
       2
       0
       2
       2
       5
       1
       1
       3
       0
       2
       3
       4
       0
       2
       0
       2
       0
       1
       1
       3
       2
       0
       1
       0
       2
       0
       1
       1
       1
       1
       4
       3
       2
       0
       0
       2
       3
       2
       1
       2
       2
       2
       1
       4
       3
       2
       1
       4
       4
       1
       1
       3
       0
       3
       0
       6
       3
       2
       3
       3
       1
       4
       0
       0
       2
       2
       4
       3
       3
       1
       1
       2
       1
       1
       2
       6
       0
       0
       1
       4
       1
       1
       1
       2
       4
       5
       3
       3
       2
       0
       2
       2
       5
       3
       6
       2
       3
       9
       8
       9
      14
      14
      17
      30
      24
      28
      46
      50
      76
      88
     115
     144
     203
     240
     309
     418
     490
     558
     640
     655
     698
     726
     722
     779
     719
     670
     514
     424
     280
     194
     123
      59
      49
      40
      23
      17
      10
       1
       2
       0
       2
       1
       1
       0
       1
       0
       1
       0
       0
       0
       1
       0
       0
       2
       0
       0
       0
       0
       0
       0
       0
       0
       1
       1
       1
       0
       0
       0
       2
       0
       0
       1
       0
       0
       1
       0
       1
       0
       0
       0
       1
       0
       0
       1
       1
       0
       0
       1
       0
       1
       0
       1
       1
       1
       0
       0
       0
       0
       0
       0
       2
       2
       0
       0
       0
       0
       2
       0
       0
       0
       0
       1
       0
       0
       0
       0
       1
       1
       1
       0
       0
       0
       0
       0
       0
       1
       0
       0
       1
       0
       0
       1
       0
       0
       1
       0
       0
       0
       1
       1
       0
       0
       0
       1
       1
       0
       1
       2
       0
       0
       0
       0
       2
       0
       0
       1
       0
       0
       0
       0
       0
       0
       0
       0
       0
       0
       0
       0
       0
       1
       0
       0
       0
       0
       1
       0
       0
       0
       0
       0
       0
       0
       0
       0
       0
       0
       0
       0
       0
       0
       0
       1
       0
       1
       0
       1
       0
       0
       1
       2
       0
       0
       1
       0
       0
       0
       0
       0
       1
       1
       0
       0
       1
       0
       0
       1
       0
       0
       0
       0
       0
       0
       0
       0
       0
       0
       2
       0
       0
       0
       0
       1
       0
       0
       0
       0
       0
       0
       0
       0
       0
       0
       0
       0
       1
       0
       1
       0
       2
       0
       0
       0
       0
       0
       0
       2
       0
       1
       0
       1
       0
       0
       0
       0
       0
       0
       0
       0
       0
       0
       0
       0
       0
       0
       0
       0
       0
       0
       0
       0
       0
       0
       1
       0
       1
       1
       0
       0
       0
       1
       0
       0
       1
       0
       1
       0
       2
       0
       0
       0
       1
       1
       0
       0
       0
       1
       0
       2
       0
       0
       0
       0
       1
       0
       0
       0
       0
       0
       0
       1
       0
       0
       0
       1
       0
       0
       0
       0
       0
       1
       0
       0
       0
       0
       0
       0
       0
       0
       0
       0
       0
       0
       0
       0
       0
       0
       0
       0
       0
       1
       0
       0
       1
       0
       0
       0
       0
       0
       0
       0
       0
       0
       0
       0
       0
       2
       0
       1
       0
       0
       0
       0
       0
       1
       0
       0
       0
       1
       0
       0
       0
       2
       0
       0
       0
       0
       0
       0
       0
       1
       1
       0
       0
       0
       1
       0
       0
       0
       0
       0
       1
       1
       0
       0
       0
       0
       0
       1
       0
       0
       1
       0
       0
       1
       0
       0
       0
       0
       0
       0
       0
       1
       0
       0
       0
       0
       0
       0
       0
       1
       0
       1
       1
       0
       0
       0
       0
       0
       1
       0
       0
       1
       0
       0
       0
       0
       0
       0
       1
       0
       0
       0
       1
       0
       0
       0
       0
       0
       1
       0
       0
       0
       0
       0
       0
       0
       0
       0
       0
       1
       0
       2
       0
       2
       2
       0
       1
       0
       2
       0
       1
       0
       1
       0
       0
       0
       1
       0
       0
       0
       1
       0
       1
       0
       0
       0
       0
       0
       0
       0
       1
       0
       1
       0
       0
       0
       0
       0
       0
       0
       0
       0
       2
       0
       0
       0
       0
       0
       0
       0
       0
       0
       0
       1
       0
       0
       0
       0
       0
       0
       0
       0
       0
       0
       1
       0
       1
       0
       1
       0
       0
       0
       1
       0
       0
       0
       0
       1
       0
       1
       0
       0
       0
       0
       0
       0
       0
       1
       0
       0
       0
       0
       0
       0
       0
       0
       0
       0
       0
       0
       0
       0
       0
       0
       0
       0
       0
       0
       1
       0
       2
       0
       2
       0
       0
       0
       1
       0
       0
       0
       1
       0
       0
       0
       0
       2
       0
       0
       0
       0
       0
       0
       0
       0
       0
       0
       3
       0
       1
       0
       0
       0
       0
       1
       0
       0
       0
       0
       1
       1
       0
       0
       0
       1
       1
       0
       0
       0
       0
       0
       0
       0
       0
       1
       1
       0
       0
       0
       0
       1
       0
       0
       1
       0
       1
       0
       0
       0
       0
       0
       0
       1
       0
       0
       0
       0
       0
       0
       0
       1
       0
       1
       0
       0
       1
       1
       0
       0
       0
       0
       0
       0
       0
       0
       0
       0
       0
       0
       0
       1
       1
       1
       0
       0
       0
       1
       0
       0
       1
       0
       0
       0
       0
       0
       0
       0
       0
       0
       0
       0
       0
       0
       0
       0
       0
       0
       0
       0
       0
       1
       0
       1
       0
       0
       0
       0
       2
       0
       0
       0
       1
       0
       1
       0
       0
       0
       0
       1
       0
       0
       0
       0
       0
       0
       0
       0
       0
       0
       0
       0
       0
       1
       0
       0
       0
       0
       0
       1
       0
       0
       0
       0
       1
       0
       0
       0
       0
       0
       0
       0
       2
       0
       0
       1
       0
       0
       0
       0
       0
       0
       0
       0
       0
       0
       0
       0
       0
       0
       0
       0
       0
       0
       0
       0
       1
       0
       0
       0
       0
       0
       0
       0
       1
       0
       0
       0
       1
       0
       1
       0
       0
       0
       0
       0
       1
       0
       0
       0
       1
       0
       0
       0
       0
       0
       0
       1
       0
       0
       0
       0
       0
       0
       0
       0
       0
       0
       0
       0
       1
       0
       0
       0
       0
       1
       0
       0
       0
       0
       0
       0
       0
       0
       0
       0
       1
       0
       0
       0
       0
       1
       0
       0
       0
       0
       0
       0
       0
       0
       0
       0
       0
       0
       0
       0
       1
       0
       0
       0
       0
       0
       0
       1
       0
       0
       0
       0
       0
       0
       0
       0
       0
       0
       0
       1
       0
       0
       0
       0
       0
       0
       0
       0
       0
       1
       0
       0
       0
       0
       0
       0
       0
       1
       0
       0
       0
       1
       0
       0
       0
       0
       0
       0
       0
       0
       0
       0
       0
       0
       0
       0
       0
       0
       0
       0
       0
       1
       0
       1
       0
       0
       0
       0
       0
       1
       1
       0
       0
       0
       0
       0
       0
       1
       0
       0
       0
       0
       0
       0
       0
       0
       0
       1
       1
       0
       0
       0
       0
       0
       1
       0
       0
       0
       0
       1
       0
       0
       1
       0
       0
       0
       0
       0
       0
       0
       0
       0
       0
       0
       0
       0
       0
       1
       0
       0
       0
       0
       0
       0
       1
       0
       1
       1
       1
       0
       0
       0
       0
       0
       0
       0
       0
       0
       0
       0
       0
       1
       0
       0
       0
       0
       1
       0
       1
       0
       0
       0
       0
       0
       0
       0
       0
       0
       0
       0
       0
       0
       0
       0
       0
       0
       0
       0
       0
       0
       0
       0
       0
       0
       0
       0
       0
       0
       0
       0
       0
       0
       1
       0
       1
       0
       0
       0
       0
       0
       0
       0
       0
       0
       0
       2
       0
       0
       0
       0
       0
       2
       0
       0
       0
       0
       0
       0
       1
       0
       0
       0
       0
       0
       1
       0
       0
       0
       1
       0
       0
       0
       0
       0
       0
       0
       0
       0
       0
       0
       0
       0
       0
       0
       0
       0
       0
       0
       0
       0
       1
       1
       0
       0
       0
       0
       1
       0
       0
       0
       1
       0
       1
       1
       0
       0
       0
       0
       0
       1
       0
       0
       0
       0
       0
       0
       0
       0
       0
       0
       0
       0
       0
       0
       0
       0
       0
       0
       0
       0
       0
       0
       0
       0
       0
       0
       0
       0
       0
       0
       0
       0
       0
       0
       0
       0
       0
       0
       1
       0
       0
       0
       1
       1
       0
       0
       0
       0
       0
       0
       1
       0
       3
       1
       0
       0
       1
       0
       0
       0
       1
       0
       0
       0
       0
       0
       0
       0
       0
       0
       0
       0
       0
       0
       0
       0
       0
       0
       1
       0
       0
       0
       0
       0
       0
       0
       0
       0
       0
       0
       0
       0
       0
       0
       0
       0
       0
       0
       0
       0
       0
       0
       0
       0
       0
       0
       0
       0
       0
       0
       0
       0
       0
       1
       0
       0
       0
       0
       0
       0
       0
       0
       0
       1
       0
       0
       1
       0
       0
       0
       0
       1
       0
       0
       0
       0
       0
       0
       0
       0
       1
       0
       0
       1
       1
       0
       0
       0
       1
       0
       0
       1
       0
       0
       0
       0
       0
       0
       0
       0
       1
       0
       1
       0
       0
       0
       0
       1
       1
       1
       0
       0
       0
       0
       0
       0
       0
       0
       0
       0
       1
       0
       0
       0
       0
       0
       0
       0
       1
       0
       0
       1
       0
       0
       1
       0
       0
       0
       0
       0
       0
       1
       0
       0
       0
       0
       0
       0
       0
       0
       1
       0
       0
       1
       0
       0
       0
       0
       0
       0
       0
       0
       0
       0
       0
       0
       0
       0
       0
       0
       0
       0
       0
       0
       0
       0
       0
       0
       0
       0
       0
       0
       0
       0
       0
       0
       0
       0
       1
       0
       1
       0
       0
       0
       0
       1
       0
       0
       0
       0
       0
       0
       0
       0
       0
       0
       0
       0
       0
       1
       0
       0
       0
       0
       0
       0
       0
       0
       0
       0
       0
       0
       0
       0
       0
       0
       0
       0
       0
       0
       0
       0
       0
       0
       0
       0
       0
       0
       0
       0
       0
       0
       0
       0
       0
       0
       0
       0
       0
       0
       0
       0
       0
       0
       0
       1
       0
       0
       0
       0
       0
       0
       0
       1
       0
       0
       0
       0
       0
       0
       0
       1
       0
       1
       0
       0
       1
       1
       1
       1
       0
       0
       1
       0
       0
       0
       0
       0
       0
       0
       0
       0
       0
       1
       0
       0
       0
       0
       0
       0
       0
       0
       0
       0
       0
       1
       0
       1
       0
       0
       0
       0
       0
       0
       0
       0
       0
       0
       0
       0
       0
       1
       0
       0
       0
       0
       0
       0
       1
       0
       0
       0
       0
       0
       0
       0
       0
       0
       1
       0
       0
       0
       0
       1
       0
       0
       0
       0
       0
       0
       0
       0
       0
       0
       0
       1
       0
       0
       1
       0
       0
       1
       0
       0
       0
       0
       0
       0
       0
       0
       0
       0
       0
       0
       0
       0
       0
       0
       0
       0
       0
       0
       0
       0
       0
       0
       0
       0
       0
       0
       0
       1
       0
       0
       1
       0
       0
       0
       0
       0
       0
       0
       0
       0
       0
       0
       0
       0
       0
       0
       1
       0
       0
       0
       0
       0
       0
       0
       0
       1
       0
       0
       0
       0
       0
       1
       0
       0
       0
       0
       0
       1
       0
       0
       0
       0
       0
       1
       1
       0
       0
       0
       0
       0
       0
       0
       0
       0
       0
       0
       0
       0
       0
       0
       0
       0
       0
       0
       0
       1
       0
       0
       0
       0
       0
       0
       0
       0
       0
       0
       0
       0
       0
       0
       0
       0
       0
       0
       0
       1
       0
       0
       0
       0
       0
       0
       0
       0
       0
       0
       0
       0
       0
       0
       0
       0
       0
       0
       0
       1
       0
       0
       0
       0
       0
       0
       0
       0
       0
       0
       1
       1
       0
       0
       0
       0
       0
       0
       0
       0
       0
       0
       0
       0
       0
       0
       0
       0
       0
       0
       0
       1
       0
       0
       0
       0
       0
       0
       0
       0
       0
       0
       0
       0
       0
       0
       0
       0
       0
       0
       0
       0
       0
       0
       0
       0
       0
       0
       0
       0
       0
       0
       0
       0
       0
       0
       0
       0
       0
       0
       0
       0
       0
       0
       0
       0
       0
       0
       0
       0
       0
       0
       0
       0
       0
       0
       0
       2
       0
       0
       0
       0
       0
       0
       0
       0
       0
       0
       0
       0
       0
       1
       0
       0
       0
       0
       0
       0
       0
       0
       0
       0
       0
       0
       0
       0
       0
       0
       0
       0
       0
       0
       0
       0
       0
       0
       0
       0
       0
       0
       0
       0
       0
       0
       0
       0
       0
       0
       0
       0
       0
       0
       0
       0
       0
       0
       0
       0
       0
       0
       0
       0
       0
       1
       0
       0
       0
       0
       1
       0
       0
       0
       0
       0
       0
       1
       0
       0
       0
       0
       0
       0
       0
       0
       0
       0
       0
       0
       0
       0
       0
       0
       0
       0
       0
       0
       0
       1
       0
       0
       1
       0
       0
       0
       0
       0
       0
       0
       0
       0
       0
       0
       0
       0
       0
       0
       0
       0
       0
       0
       0
       0
       0
       0
       0
       0
       0
       0
       0
       0
       0
       0
       0
       0
       0
       0
       0
       0
       1
       1
       0
       0
       0
       0
       0
       0
       0
       0
       0
       1
       0
       0
       0
       0
       0
       0
       0
       0
       0
       0
       0
       0
       0
       0
       0
       0
       0
       0
       0
       0
       0
       0
       0
       0
       0
       1
       0
       0
       0
       0
       0
       1
       0
       0
       0
       0
       0
       0
       0
       0
       0
       0
       0
       0
       0
       0
       0
       0
       0
       0
       0
       1
       0
       0
       0
       0
       0
       0
       0
       0
       0
       0
       0
       0
       0
       0
       0
       0
       0
       0
       0
       0
       0
       0
       0
       2
       0
       1
       0
       0
       0
       0
       0
       0
       0
       0
       0
       0
       0
       0
       0
       0
       0
       0
       1
       0
       0
       0
       1
       0
       0
       0
       0
       0
       0
       1
       0
       1
       1
       0
       0
       0
       0
       0
       0
       0
       0
       0
       0
       0
       0
       1
       0
       1
       0
       0
       0
       1
       0
       0
       0
       0
       0
       0
       0
       0
       0
       1
       0
       0
       0
       0
       0
       0
       0
       0
       0
       0
       0
       0
       0
       0
       0
       0
       0
       0
       0
       0
       0
       0
       0
       0
       1
       1
       0
       0
       0
       0
       0
       0
       1
       0
       0
       0
       0
       0
       0
       0
       0
       0
       0
       0
       0
       0
       0
       0
       0
       0
       0
       0
       0
       1
       1
       0
       0
       0
       0
       0
       0
       0
       0
       0
       0
       0
       0
       1
       0
       0
       0
       0
       0
       1
       0
       0
       0
       0
       0
       1
       0
       0
       0
       0
       0
       0
       1
       0
       0
       0
       0
       1
       0
       0
       0
       0
       1
       0
       0
       0
       0
       0
       0
       1
       0
       1
       0
       1
       0
       0
       0
       0
       0
       0
       0
       0
       0
       0
       0
       0
       0
       0
       0
       0
       0
       0
       0
       0
       0
       1
       0
       0
       0
       0
       0
       0
       0
       0
       0
       0
       0
       0
       0
       0
       0
       0
       0
       0
       0
       0
       0
       0
       0
       0
       0
       0
       0
       1
       0
       0
       0
       0
       1
       0
       0
       0
       0
       0
       0
       0
       0
       0
       0
       0
       0
       1
       1
       0
       0
       0
       0
       0
       0
       0
       0
       0
       0
       1
       0
       0
       0
       0
       0
       0
       0
       0
       0
       0
       0
       0
       1
       0
       0
       0
       0
       0
       0
       1
       0
       0
       0
       0
       0
       0
       0
       0
       0
       0
       0
       0
       1
       1
       0
       0
       0
       0
       0
       0
       0
       2
       1
       0
       0
       0
       0
       0
       0
       0
       0
       0
       0
       1
       1
       0
       0
       0
       0
       0
       0
       0
       0
       0
       1
       0
       0
       0
       0
       0
       0
       0
       0
       0
       1
       0
       0
       0
       0
       0
       0
       0
       0
       1
       0
       2
       0
       0
       0
       0
       0
       0
       0
       0
       0
       0
       0
       0
       0
       0
       0
       0
       0
       0
       0
       0
       0
       0
       1
       0
       0
       0
       0
       0
       0
       0
       0
       0
       0
       0
       0
       0
       0
       0
       0
       0
       0
       0
       0
       0
       0
       0
       0
       0
       0
       0
       0
       0
       0
       0
       0
       0
       0
       0
       0
       0
       0
       1
       0
       0
       0
       0
       0
       0
       0
       0
       0
       0
       0
       1
       0
       1
       0
       0
       0
       0
       0
       0
       0
       0
       0
       0
       0
       0
       0
       0
       0
       0
       0
       0
       0
       0
       0
       0
       0
       0
       0
       0
       0
       0
       0
       1
       0
       1
       1
       0
       0
       0
       0
       0
       0
       0
       0
       0
       1
       0
       0
       1
       0
       0
       0
       0
       0
       0
       0
       0
       0
       0
       0
       0
       0
       0
       0
       0
       0
       0
       0
       0
       0
       0
       1
       0
       0
       1
       0
       0
       1
       0
       0
       0
       0
       0
       0
       0
       1
       0
       0
       0
       0
       1
       0
       0
       0
       0
       0
       0
       0
       0
       0
       0
       0
       0
       0
       0
       0
       0
       0
       0
       0
       0
       0
       0
       0
       0
       0
       0
       0
       0
       0
       0
       0
       0
       0
       0
       0
       0
       0
       0
       0
       1
       0
       0
       0
       0
       0
       0
       0
       0
       0
       0
       0
       0
       0
       0
       0
       0
       0
       0
       0
       0
       0
       0
       0
       0
       0
       0
       0
       0
       0
       0
       0
       0
       0
       0
       0
       1
       0
       0
       0
       0
       0
       0
       0
       0
       0
       1
       0
       0
       0
       0
       0
       0
       0
       0
       0
       0
       0
       0
       1
       0
       0
       0
       0
       0
       0
       0
       1
       0
       0
       1
       0
       0
       0
       1
       0
       0
       0
       0
       0
       0
       0
       0
       0
       0
       0
       0
       0
       0
       0
       0
       0
       0
       0
       0
       0
       0
       0
       0
       0
       0
       0
       0
       0
       0
       0
       0
       0
       0
       0
       0
       0
       0
       0
       0
       0
       0
       0
       0
       0
       0
       0
       0
       0
       0
       0
       0
       0
       0
       0
       1
       0
       0
       0
       0
       0
       0
       0
       1
       0
       0
       0
       0
       0
       0
       0
       0
       0
       0
       0
       0
       0
       0
       0
       0
       0
       0
       0
       0
       0
       0
       0
       0
       0
       0
       0
       0
       1
       0
       0
       0
       0
       0
       0
       0
       0
       1
       0
       0
       0
       0
       0
       0
       0
       0
       0
       0
       0
       0
       0
       0
       0
       0
       0
       0
       0
       0
       0
       0
       0
       0
       0
       0
       0
       0
       0
       0
       0
       0
       1
       0
       0
       0
       0
       1
       0
       0
       0
       1
       0
       0
       0
       0
       0
       0
       0
       0
       0
       0
       0
       0
       0
       0
       0
       0
       0
       0
       0
       0
       0
       0
       0
       0
       1
       0
       0
       0
       0
       0
       0
       0
       0
       0
       0
       0
       1
       0
       0
       0
       0
       0
       0
       0
       0
       1
       0
       0
       0
       0
       0
       0
       1
       0
       0
       0
       1
       0
       0
       0
       0
       0
       0
       0
       0
       0
       1
       0
       0
       0
       0
       0
       0
       0
       0
       0
       0
       0
       0
       0
       0
       0
       0
       0
       0
       0
       0
       0
       0
       0
       0
       0
       0
       0
       0
       0
       0
       0
       0
       0
       0
       0
       0
       0
       0
       0
       1
       0
       0
       0
       0
       0
       0
       0
       0
       0
       0
       0
       0
       0
       1
       0
       0
       0
       0
       0
       0
       0
       0
       0
       0
       0
       0
       0
       0
       0
       0
       1
       0
       0
       0
       0
       0
       1
       0
       0
       0
       0
       1
       0
       0
       0
       0
       0
       1
       0
       0
       0
       0
       0
       0
       0
       0
       0
       0
       0
       0
       1
       0
       0
       0
       0
       0
       0
       0
       0
       0
       0
       0
       0
       0
       0
       0
       0
       0
       0
       0
       0
       0
       0
       0
       0
       1
       0
       0
       0
       1
       0
       0
       1
       0
       1
       0
       0
       0
       0
       1
       1
       0
       0
       1
       0
       0
       0
       0
       0
       1
       0
       0
       0
       4
       0
       1
       0
       0
       0
       1
       1
       0
       0
       0
       0
       0
       0
       0
       0
       0
       0
       0
       0
       0
       0
       0
       0
       0
       0
       0
       0
       0
       0
       0
       0
       1
       0
       0
       0
       0
       0
       0
       0
       0
       0
       0
       1
       0
       0
       0
       0
       1
       0
       0
       0
       0
       0
       0
       0
       0
       0
       0
       0
       0
       0
       0
       0
       0
       0
       0
       0
       0
       0
       0
       0
       0
       0
       0
       0
       0
       0
       0
       0
       0
       0
       0
       0
       0
       0
       0
       0
       0
       0
       0
       0
       0
       0
       0
       0
       0
       0
       0
       0
       0
       0
       0
       0
       0
       0
       0
       1
       0
       0
       0
       0
       0
       0
       0
       0
       0
       0
       0
       0
       0
       0
       0
       0
       0
       0
       0
       0
       0
       0
       0
       0
       0
       0
       0
       1
       0
       0
       0
       0
       0
       0
       0
       0
       0
       0
       0
       0
       0
       0
       0
       0
       0
       0
       1
       0
       0
       0
       0
       0
       0
       0
       0
       0
       0
       0
       0
       0
       0
       0
       0
       0
       0
       0
       0
       0
       0
       0
       0
       0
       0
       0
       0
       0
       0
       0
       0
       0
       0
       0
       0
       0
       0
       0
       0
       0
       0
       0
       0
       0
       0
       0
       0
       0
       0
       0
       0
       0
       0
       0
       0
       0
       0
       0
       0
       0
       0
       0
       0
       0
       0
       0
       0
       0
       0
       0
       0
       0
       0
       0
       0
       0
       0
       0
       0
       0
       0
       1
       0
       0
       0
       0
       0
       0
       0
       0
       0
       0
       0
       0
       0
       0
       0
       0
       0
       0
       0
       0
       0
       0
       0
       0
       0
       0
       0
       1
       0
       0
       0
       1
       0
       0
       0
       0
       0
       0
       0
       0
       0
       0
       0
       0
       1
       0
       1
       0
       0
       0
       0
       0
       0
       0
       0
       0
       0
       1
       0
       0
       0
       0
       0
       0
       0
       0
       0
       0
       0
       0
       0
       0
       0
       0
       0
       0
       0
       0
       0
       0
       0
       0
       0
       0
       0
       0
       0
       0
       0
       0
       0
       0
       0
       0
       1
       1
       1
       0
       0
       0
       1
       0
       0
       0
       0
       0
       1
       0
       0
       0
       0
       0
       1
       0
       0
       0
       0
       0
       0
       0
       0
       0
       0
       0
       0
       0
       0
       0
       0
       0
       0
       0
       0
       0
       0
       0
       1
       0
       0
       0
       0
       0
       0
       0
       0
       0
       0
       0
       0
       1
       0
       0
       0
       0
       0
       0
       0
       0
       0
       0
       0
       0
       0
       0
       0
       0
       0
       0
       0
       0
       0
       0
       0
       0
       0
       0
       0
       0
       0
       0
       0
       0
       0
       0
       0
       0
       0
       0
       0
       0
       0
       0
       0
       0
       0
       0
       0
       0
       0
       0
       0
       0
       0
       0
       0
       0
       0
       0
       0
       0
       0
       0
       0
       0
       0
       0
       0
       0
       0
       0
       0
       0
       0
       0
       0
       0
       0
       0
       0
       0
       0
       0
       0
       1
       0
       0
       0
       0
       0
       0
       0
       0
       0
       0
       0
       0
       0
       0
       0
       0
       0
       0
       0
       0
       0
       0
       0
       0
       0
       1
       0
       0
       0
       0
       0
       0
       0
       0
       0
       0
       0
       0
       0
       0
       0
       0
       0
       0
       0
       0
       0
       0
       0
       0
       0
       0
       0
       0
       1
       0
       0
       0
       0
       0
       0
       0
       0
       0
       1
       0
       0
       0
       0
       0
       0
       0
       0
       0
       0
       0
       0
       0
       0
       0
       0
       0
       0
       0
       0
       0
       0
       0
       0
       0
       0
       0
       0
       0
       0
       0
       0
       0
       0
       0
       0
       0
       0
       0
       0
       0
       0
       0
       0
       0
       0
       0
       0
       0
       0
       0
       0
       0
       0
       0
       0
       0
       0
       0
       0
       0
       0
       0
       0
       0
       0
       0
       0
       0
       0
       0
       0
       0
       0
       0
       0
       0
       0
       0
       0
       0
       0
       0
       0
       0
       0
       0
       0
       0
       0
       0
       0
       0
       0
       0
       0
       0
       0
       0
       0
       0
       0
       0
       0
       0
       0
       0
       0
       1
       0
       0
       0
       0
       0
       0
       0
       0
       0
       0
       0
       0
       0
       0
       0
       0
       0
       0
       0
       0
       0
       0
       0
       0
       0
       0
       0
       0
       0
       0
       0
       0
       0
       0
       0
       0
       0
       0
       0
       0
       0
       0
       0
       0
       0
       0
       0
       0
       0
       0
       0
       1
       0
       0
       0
       0
       0
       0
       0
       0
       0
       0
       0
       0
       0
       0
       0
       0
       0
       0
       0
       0
       0
       0
       0
       0
       0
       0
       1
       0
       0
       0
       0
       0
       0
       0
       0
       0
       0
       0
       0
       0
       0
       0
       0
       0
       0
       0
       0
       0
       0
       0
       0
       0
       0
       0
       0
       0
       0
       0
       0
       0
       0
       0
       0
       0
       0
       0
       0
       0
       0
       0
       0
       1
       0
       0
       1
       0
       0
       0
       0
       0
       0
       0
       0
       0
       1
       0
       0
       1
       0
       0
       0
       0
       0
       1
       0
       0
       1
       0
       0
       0
       0
       0
       0
       0
       0
       0
       0
       0
       0
       0
       0
       0
       0
       0
       0
       0
       0
       1
       0
       0
       0
       0
       0
       2
       0
       0
       0
       0
       0
       0
       0
       0
       0
       0
       0
       0
       0
       0
       0
       0
       0
       0
       0
       0
       0
       0
       0
       0
       0
       0
       0
       0
       0
       0
       0
       0
       1
       0
       0
       0
       0
       0
       0
       0
       0
       0
       0
       0
       0
       0
       0
       0
       0
       1
       0
       0
       0
       0
       0
       0
       0
       0
       0
       0
       0
       0
       0
       0
       0
       0
       0
       0
       0
       0
       0
       0
       0
       0
       0
       0
       0
       0
       0
       0
       0
       0
       0
       0
       0
       1
       0
       0
       0
       0
       0
       0
       0
       0
       0
       0
       0
       0
       0
       0
       0
       0
       0
       0
       0
       0
       0
       0
       0
       0
       0
       0
       0
       0
       0
       0
       0
       0
       0
       0
       0
       0
       0
       0
       0
       0
       0
       0
       0
       0
       0
       0
       0
       0
       0
       0
       0
       0
       0
       0
       0
       0
       0
       0
       1
       0
       0
       0
       0
       0
       0
       0
       0
       0
       0
       0
       0
       0
       0
       0
       0
       0
       0
       0
       0
       0
       0
       0
       0
       0
       0
       0
       0
       0
       0
       0
       0
       0
       0
       0
       0
       0
       0
       0
       0
       0
       0
       0
       0
       1
       0
       0
       0
       0
       0
       0
       0
       0
       0
       0
       1
       0
       0
       0
       0
       0
       0
       0
       0
       0
       0
       0
       0
       0
       0
       0
       0
       0
       0
       0
       0
       0
       0
       0
       0
       0
       0
       0
       0
       0
       0
       0
       0
       0
       0
       0
       0
       0
       0
       0
       0
       0
       0
       0
       0
       0
       0
       0
       0
       0
       0
       0
       0
       0
       0
       0
       0
       0
       0
       0
       0
       0
       0
       0
       1
       0
       0
       0
       0
       0
       0
       0
       0
       0
       0
       0
       0
       0
       0
       0
       0
       0
       0
       0
       0
       0
       0
       0
       0
       0
       0
       0
       0
       0
       0
       0
       0
       0
       0
       0
       0
       0
       0
       0
       0
       0
       0
       0
       0
       0
       0
       0
       0
       0
       0
       0
       0
       0
       0
       0
       0
       0
       0
       0
       0
       0
       0
       0
       0
       0
       0
       0
       0
       1
       0
       0
       0
       0
       0
       0
       0
       0
       0
       0
       0
       0
       0
       0
       0
       0
       0
       0
       0
       0
       1
       0
       0
       1
       0
       0
       0
       0
       0
       0
       0
       0
       0
       0
       1
       0
       0
       0
       0
       1
       0
       0
       0
       0
       0
       0
       0
       0
       0
       0
       0
       0
       0
       0
       0
       0
       0
       0
       0
       0
       0
       0
       0
       0
       0
       0
       0
       0
       0
       0
       0
       0
       0
       0
       0
       0
       0
       0
       0
       0
       0
       0
       1
       0
       0
       0
       0
       0
       0
       0
       0
       0
       0
       0
       0
       0
       0
       0
       0
       0
       0
       0
       0
       0
       0
       0
       0
       0
       1
       0
       0
       0
       0
       0
       0
       0
       0
       0
       0
       0
       0
       0
       0
       0
       0
       0
       0
       0
       0
       0
       0
       1
       0
       0
       0
       0
       0
       0
       0
       0
       0
       0
       0
       0
       0
       0
       0
       0
       0
       0
       0
       0
       0
       0
       0
       0
       0
       0
       0
       0
       0
       0
       0
       0
       0
       0
       0
       0
       0
       0
       0
       0
       0
       0
       0
       0
       0
       0
       0
       0
       0
       0
       0
       0
       0
       0
       0
       0
       0
       0
       0
       0
       0
       0
       0
       0
       1
       0
       0
       0
       0
       0
       0
       0
       0
       0
       0
       0
       0
       0
       0
       0
       0
       0
       0
       0
       0
       0
       0
       0
       0
       0
       0
       0
       0
       0
       0
       0
       0
       0
       0
       0
       0
       0
       0
       0
       0
       0
       0
       0
       0
       1
       0
       0
       0
       0
       0
       0
       0
       0
       0
       0
       0
       0
       0
       0
       0
       0
       0
       0
       0
       0
       0
       0
       0
       0
       0
       0
       0
       0
       0
       0
       0
       1
       0
       0
       0
       0
       0
       0
       0
       1
       0
       0
       1
       0
       0
       0
       0
       0
       0
       0
       1
       0
       0
       0
       0
       0
       0
       0
       0
       0
       0
       0
       0
       0
       0
       0
       0
       1
       0
       1
       0
       0
       0
       0
       0
       0
       0
       0
       0
       0
       0
       0
       0
       0
       0
       0
       0
       0
       0
       0
       0
       0
       0
       0
       0
       0
       0
       0
       0
       0
       1
       0
       0
       0
       0
       0
       0
       0
       0
       0
       0
       0
       0
       0
       0
       0
       0
       0
       0
       0
       0
       0
       0
       0
       0
       0
       0
       0
       0
       0
       0
       0
       0
       0
       0
       0
       0
       0
       0
       0
       0
       0
       0
       0
       0
       0
       0
       0
       0
       0
       0
       0
       0
       0
       0
       0
       0
       0
       0
       0
       0
       0
       0
       1
       0
       0
       0
       0
       0
       0
       0
       0
       0
       0
       0
       0
       0
       0
       0
       0
       0
       0
       0
       0
       0
       0
       0
       0
       0
       0
       0
       0
       0
       0
       0
       0
       0
       0
       0
       0
       0
       0
       0
       0
       0
       0
       0
       0
       0
       0
       0
       0
       0
       0
       0
       0
       0
       0
       0
       0
       0
       0
       0
       0
       0
       0
       0
       0
       0
       0
       0
       0
       0
       0
       0
       0
       0
       0
       0
       0
       0
       0
       0
       0
       0
       0
       0
       0
       0
       0
       0
       0
       0
       0
       0
       0
       0
       0
       0
       0
       0
       0
       0
       0
       0
       0
       0
       0
       0
       0
       0
       0
       0
       0
       0
       0
       0
       0
       0
       0
       0
       0
       0
       0
       0
       0
       0
       0
       0
       0
       0
       0
       0
       0
       0
       0
       0
       0
       0
       0
       0
       0
       0
       0
       0
       0
       0
       0
       0
       0
       0
       0
       0
       0
       0
       0
       0
       0
       0
       0
       0
       0
       0
       0
       0
       0
       0
       0
       0
       0
       0
       0
       0
       0
       0
       0
       0
       0
       0
       0
       0
       0
       0
       0
       0
       0
       0
       0
       0
       0
       0
       0
       0
       0
       0
       0
       0
       0
       0
       0
       0
       0
       0
       0
       0
       0
       0
       0
       0
       0
       0
       0
       0
       0
       0
       0
       0
       0
       0
       0
       0
       0
       0
       0
       0
       0
       0
       0
       0
       0
       0
       0
       0
       0
       0
       0
       0
       0
       0
       0
       0
       0
       0
       0
       0
       0
       0
       0
       0
       0
       0
       0
       0
       0
       0
       0
       0
       0
       0
       0
       0
       0
       0
       0
       0
       0
       0
       0
       0
       0
       0
       0
       0
       0
       0
       0
       0
       0
       0
       0
       0
       0
       0
       0
       0
       0
       0
       0
       0
       0
       0
       0
       0
       0
       0
       0
       0
       0
       0
       0
       0
       0
       0
       0
       0
       0
       0
       0
       0
       0
       0
       0
       0
       0
       0
       0
       0
       0
       0
$ROI:
20
142 158
198 214
301 317
609 627
687 707
754 774
855 875
886 906
976 998
1653 1685
1944 1972
2085 2117
2243 2277
2407 2439
2718 2754
2783 2819
2932 2970
3333 3375
3519 3569
4559 4650
$PRESETS:
None
0
0
$ENER_FIT:
-0.484181 0.397206
$MCA_CAL:
3
-4.841815E-001 3.972059E-001 5.530919E-009 keV
$SHAPE_CAL:
3
3.024300E+000 2.334868E-003 1.228215E-007
