$SPEC_ID:
Pulser
$SPEC_REM:
DET# 2
DETDESC# DETECTOR 2
AP# GammaVision Version 7.01.03
$DATE_MEA:
03/29/2017 20:09:44
$MEAS_TIM:
702 707
$DATA:
0 8191
       0
       0
       0
       0
       0
       0
       0
       0
       0
       0
       0
       0
       0
       0
       0
       0
       0
       0
       0
       0
       0
       0
       0
      16
     575
     575
     298
     302
     274
     248
     266
     241
     252
     247
     305
     265
     248
     286
     265
     271
     308
     285
     299
     274
     280
     252
     305
     302
     275
     272
     286
     290
     327
     308
     293
     342
     346
     342
     313
     338
     357
     413
     409
     399
     470
     480
     481
     470
     518
     495
     574
     595
     694
     918
    1130
    1458
    1534
    1353
    1240
    1380
    1828
    2269
    2142
    1655
    1396
    1555
    1783
    2318
    2837
    3492
    3927
    4254
    4623
    4337
    4035
    3433
    3111
    4015
    8496
   18883
   33405
   41751
   36748
   21328
    8380
    2979
    1559
    1435
    1421
    1358
    1091
     990
    1794
    4136
    7890
    9778
    7972
    5271
    3501
    2210
    1161
     535
     371
     427
     348
     332
     311
     272
     269
     266
     248
     260
     249
     245
     257
     259
     244
     260
     250
     237
     272
     246
     276
     269
     275
     320
     307
     289
     297
     307
     311
     322
     318
     354
     362
     343
     304
     323
     343
     336
     364
     333
     351
     351
     336
     379
     357
     346
     396
     407
     391
     369
     423
     399
     403
     393
     432
     453
     429
     428
     491
     573
     824
    1315
    1488
    1256
     943
     914
    1527
    2077
    2174
    1451
     782
     415
     340
     379
     383
     362
     364
     408
     442
     446
     473
     450
     420
     431
     408
     456
     503
     508
     550
     649
     850
    1091
    1327
    1193
    1058
     756
     683
     681
     785
     772
     750
     597
     544
     534
     516
     513
     570
     579
     579
     584
     618
     576
     576
     616
     594
     615
     594
     630
     564
     547
     536
     575
     589
     549
     555
     522
     528
     522
     496
     470
     465
     458
     478
     447
     447
     410
     446
     419
     418
     433
     369
     410
     362
     376
     370
     348
     345
     345
     380
     338
     351
     323
     322
     340
     341
     305
     339
     368
     310
     323
     363
     352
     346
     337
     353
     342
     363
     332
     324
     342
     312
     304
     321
     318
     299
     289
     300
     323
     284
     292
     332
     528
    1540
    4844
   11071
   16900
   18223
   13485
    7002
    2558
     883
     403
     292
     257
     248
     232
     249
     290
     255
     267
     268
     275
     265
     262
     215
     265
     263
     243
     267
     297
     264
     259
     264
     274
     229
     226
     244
     254
     245
     240
     243
     244
     253
     241
     240
     243
     249
     265
     250
     254
     262
     260
     245
     249
     259
     240
     261
     215
     258
     266
     281
     269
     273
     266
     256
     260
     259
     276
     301
     334
     311
     318
     304
     334
     330
     343
     323
     306
     326
     332
     313
     325
     318
     354
     301
     331
     334
     281
     321
     291
     312
     331
     288
     310
     308
     309
     303
     346
     309
     307
     314
     293
     336
     357
     431
     479
     422
     426
     334
     318
     295
     274
     276
     304
     258
     275
     281
     291
     297
     304
     337
     296
     286
     296
     274
     278
     268
     244
     264
     254
     256
     234
     272
     243
     248
     267
     268
     238
     291
     275
     246
     264
     302
     246
     249
     282
     268
     279
     293
     280
     277
     293
     253
     306
     267
     248
     282
     272
     258
     240
     269
     264
     276
     271
     293
     294
     297
     248
     288
     261
     282
     286
     269
     261
     267
     275
     263
     304
     285
     278
     253
     271
     273
     266
     271
     281
     303
     267
     282
     273
     285
     284
     300
     269
     249
     238
     259
     259
     206
     241
     240
     248
     241
     242
     253
     253
     259
     245
     240
     241
     226
     232
     223
     221
     233
     227
     221
     223
     225
     217
     214
     245
     239
     260
     214
     238
     203
     247
     238
     226
     258
     211
     210
     233
     223
     217
     241
     207
     209
     189
     207
     221
     196
     193
     206
     224
     215
     213
     249
     222
     209
     226
     205
     192
     200
     194
     189
     195
     225
     197
     200
     190
     182
     196
     194
     178
     190
     203
     198
     204
     167
     190
     168
     189
     190
     156
     166
     145
     184
     199
     177
     163
     192
     136
     174
     166
     200
     155
     160
     178
     170
     171
     163
     162
     170
     162
     177
     144
     160
     148
     162
     177
     176
     158
     132
     161
     155
     158
     174
     157
     220
     362
     773
    1402
    2292
    2747
    2711
    1996
    1186
     547
     244
     164
     176
     153
     155
     163
     173
     136
     148
     139
     131
     168
     141
     176
     158
     133
     151
     122
     126
     112
     127
     147
     146
     142
     131
     146
     124
     145
     126
     133
     119
     156
     142
     121
     141
     132
     121
     122
     129
     140
     138
     115
     102
     121
     132
     139
     140
     132
     125
     114
     126
     123
     133
     116
     114
     111
     154
     143
     117
     144
     159
     147
     144
     140
     141
     129
     123
     112
     134
     123
     147
     136
     136
     149
     129
     125
     137
     129
     110
     114
     118
     123
     130
     128
     119
     128
     106
     110
     122
     124
     125
     135
     124
     127
     153
     152
     140
     152
     144
     129
     119
     123
     111
      99
     104
     110
     112
     124
     115
     118
     109
      98
     138
     105
     106
     111
     121
      94
     102
     126
     119
     143
     159
     191
     226
     224
     209
     152
     145
     121
     113
      94
     110
     105
      97
      98
     102
     102
      93
     110
     106
      99
     112
      96
      84
      96
     114
      96
      83
      94
      93
      99
      99
     110
     102
     108
      89
      96
     101
      94
      88
      82
      86
     112
      85
      96
      98
      85
      85
      89
     102
      92
     123
      99
      98
     100
     104
     107
     111
      88
     113
      91
      89
     100
      90
      96
      94
      87
      89
     101
      86
      88
     101
      88
      90
     113
     119
     123
     107
     114
     107
      86
     102
      83
      84
     100
      96
     116
     103
     117
     121
      98
      94
      99
      91
      94
      97
     103
      93
      98
      90
      99
      91
      88
      99
      78
      80
      88
      84
      91
      84
     101
      83
      81
      96
      93
     108
      93
     103
     158
     265
     640
    1320
    2550
    4131
    5920
    6478
    6012
    4460
    2706
    1241
     489
     206
      97
      84
      87
      80
      84
      93
      87
      77
      75
      71
      82
      83
      74
      66
      70
      74
      81
      71
      76
      66
      81
      71
      69
      74
      71
      77
      66
      54
      75
      83
      70
      78
      63
      90
      79
      64
      75
      62
      71
      90
      69
      57
      66
      74
      72
      81
     103
      91
     136
     134
     224
     267
     244
     219
     206
     160
     115
      99
      92
      80
      70
      75
      79
      76
      69
      89
      80
      49
      66
      71
      68
      67
      72
      66
      69
      84
      68
      66
      60
      60
      62
      65
      72
      76
      56
      69
      70
      72
      71
      75
      65
      77
      78
      74
      55
      63
      71
      79
      76
      68
      59
      67
      61
      71
      71
      65
      65
      66
      74
      47
      70
      65
      62
      72
      58
      63
      69
      76
      58
      71
      75
      68
      58
      65
      67
      57
      65
      76
      70
      65
      68
      63
      54
      71
      57
      62
      56
      66
      55
      73
      64
      65
      82
      75
      64
      75
      66
      64
      56
      69
      58
      67
      59
      69
      54
     102
     110
     171
     224
     368
     430
     480
     490
     441
     280
     178
     110
      85
      67
      69
      65
      69
      80
      83
      86
      96
      74
      67
      66
      62
      74
      55
      66
      67
      54
      63
      69
      57
      64
      58
      55
      60
      69
      61
      55
      66
      58
      76
      52
      59
      67
      60
      79
      66
      63
      69
      62
      58
      63
      68
      61
      60
      55
      64
      78
      77
      63
      63
      66
      63
      57
      74
      56
      60
      73
      59
      67
      65
      45
      55
      58
      66
      62
      68
      70
      61
      86
      63
     112
     149
     200
     294
     431
     533
     550
     520
     415
     282
     187
     118
      93
      71
      60
      64
      63
      59
      54
      65
      54
      67
      63
      60
      73
      60
      61
      57
      68
      58
      54
      51
      71
      64
      53
      61
      67
      66
      56
      66
      68
      64
      56
      64
      70
      69
      62
      58
      45
      62
      80
      69
      68
      61
      67
      63
      62
      41
      64
      69
      59
      72
      55
      60
      77
      48
      81
      66
      69
      68
      56
      61
      51
      70
      65
      46
      79
      75
      70
      70
      63
      74
      61
      76
      72
      61
      55
      62
      57
      69
      43
      69
      63
      71
      64
      67
      59
      60
      58
      61
      70
      64
      69
      75
      65
      76
      73
      66
      65
      62
      75
      71
      69
      66
      83
      93
     109
     126
     109
     128
     127
     104
      82
      66
      57
      79
      65
      56
      65
      79
      61
      65
      64
      73
      62
      70
      72
      75
      67
      55
      60
      62
      50
      74
      78
      58
      76
      73
      72
      60
      78
      57
      81
      74
      83
      89
      92
      86
      78
      72
      67
      66
      62
      75
      70
      69
      69
      76
      65
      67
      75
      75
      87
      68
      83
      87
      79
      71
      67
      78
      54
      62
      45
      74
      68
      63
      61
      69
      70
      67
      59
      82
      75
      54
      64
      85
      65
      65
      93
      64
      62
      75
      64
      60
      60
      57
      76
      72
      45
      81
      80
      63
      87
      77
      64
      67
      73
      69
      63
      72
      62
      68
      66
      66
      75
      69
      68
      70
      69
      81
      83
      67
      79
      82
      65
      74
      64
      72
      64
      59
      53
      58
      72
      67
      88
      71
      65
      71
      58
      63
      83
      73
      64
      73
      87
      74
      56
      80
      52
      58
      75
      79
      64
      75
      75
      51
      75
      64
      67
      70
      67
      90
      75
      81
      76
      68
      67
      63
      86
      86
      69
      61
      76
      63
      76
      73
      71
      65
      69
      74
      61
      75
      71
      79
      74
      77
      62
      65
      77
      89
      65
      82
      81
      85
      96
     110
     129
     139
     135
     125
     122
     123
     119
      85
      87
      93
     106
      87
      96
      74
      82
      69
      60
      72
      62
      70
      74
      74
      72
      78
      75
      84
      64
      71
      72
      64
      70
      76
      74
      79
      94
      78
      70
      69
      78
      75
      72
      65
      71
      81
      64
      73
      71
      70
      85
      63
      77
      83
      80
      77
      79
     103
      88
     104
     114
     119
     116
      91
      92
      77
      73
      68
      75
      68
      70
      65
      86
      65
      71
      80
      64
      68
      57
      68
      58
      64
      69
      50
      61
      72
      60
      66
      66
      56
      70
      76
      53
      54
      63
      65
      50
      60
      64
      52
      54
      65
      59
      61
      60
      67
      61
      73
      65
      62
      53
      74
      64
      52
      57
      65
      58
      63
      70
      61
      57
      59
      60
      57
      69
      62
      73
      75
      63
      69
      58
      73
      73
      51
      56
      57
      61
      70
      55
      50
      54
      66
      55
      70
      55
      43
      64
      65
      65
      52
      50
      53
      62
      69
      63
      62
      53
      61
      56
      61
      58
      56
      49
      61
      56
      68
      58
      52
      60
      56
      57
      64
      50
      51
      56
      59
      66
      64
      60
      54
      60
      55
      57
      59
      65
      66
      66
      60
      51
      65
      56
      63
      49
      62
      68
      61
      63
      61
      78
      66
      60
      78
      58
      52
      70
      56
      55
      63
      69
      62
      55
      66
      57
      68
      58
      51
      39
      69
      60
      50
      54
      58
      54
      72
      52
      61
      79
      55
      64
      68
      63
      71
      72
      78
      65
      79
      82
      70
      71
      73
      66
      64
      67
      60
      52
      57
      59
      59
      71
      78
      55
      61
      57
      59
      60
      57
      54
      60
      70
      67
      39
      50
      59
      54
      60
      56
      73
      54
      63
      61
      55
      59
      52
      49
      61
      76
      53
      52
      72
      54
      71
      70
      81
      77
      86
      77
      69
      75
      83
      73
      86
      96
      87
     105
      93
      81
      87
      65
      56
      63
      45
      60
      56
      62
      62
      54
      45
      67
      63
      74
      61
      70
      80
      90
      95
      84
     109
     130
     149
     148
     121
     107
      98
      83
      63
      59
      55
      56
      62
      65
      62
      60
      54
      77
      62
      50
      62
      54
      52
      58
      62
      59
      59
      55
      59
      57
      46
      64
      57
      49
      54
      62
      48
      69
      71
      55
      55
      70
      53
      64
      69
      60
      62
      58
      71
      58
      63
      58
      68
      57
      61
      54
      65
      57
      59
      62
      58
      74
      74
      74
      62
      57
      70
      63
      66
      55
      52
      74
      63
      73
      77
      78
      70
      95
      86
      74
      68
      96
      90
      95
      74
      51
      79
      74
      71
      72
      63
      74
      63
      69
      75
      70
      47
      58
      75
      75
      68
      62
      53
      58
      58
      63
      51
      56
      55
      55
      55
      70
      66
      58
      51
      61
      67
      58
      60
      57
      61
      62
      64
      56
      49
      75
      60
      55
      54
      66
      43
      64
      53
      62
      65
      70
      68
      79
      58
      58
      42
      65
      51
      72
      54
      67
      55
      67
      62
      59
      61
      58
      66
      65
      72
      64
      47
      75
      50
      51
      67
      59
      66
      78
      70
      59
      62
      67
      62
      82
      58
      63
      71
      62
      62
      71
      54
      65
      52
      52
      65
      71
      49
      62
      51
      78
      63
      57
      61
      66
      58
      64
      68
      73
      80
      78
      77
      59
      67
      64
      70
      52
      54
      72
      54
      59
      54
      66
      67
      57
      50
      58
      63
      58
      54
      54
      56
      68
      91
      95
     126
     192
     204
     297
     424
     547
     676
     850
     929
    1062
    1069
     895
     762
     527
     350
     241
     160
     116
      78
      55
      56
      46
      45
      40
      51
      38
      57
      32
      40
      47
      48
      55
      42
      41
      55
      55
      45
      56
      42
      48
      50
      45
      54
      50
      49
      55
      56
      54
      60
      45
      47
      55
      50
      52
      41
      47
      60
      42
      50
      42
      51
      58
      54
      52
      41
      52
      41
      44
      52
      51
      47
      64
      45
      46
      51
      42
      60
      61
      46
      63
      59
      45
      70
      60
      62
      64
      66
      76
      69
      79
      61
      56
      59
      56
      63
      56
      51
      49
      57
      43
      42
      48
      51
      52
      55
      55
      56
      54
      54
      45
      50
      63
      54
      50
      62
      65
      55
      52
      49
      41
      60
      59
      47
      57
      63
      47
      47
      63
      53
      51
      41
      54
      49
      47
      52
      43
      44
      51
      52
      52
      46
      50
      36
      57
      40
      62
      51
      57
      51
      49
      47
      50
      36
      60
      65
      56
      55
      56
      54
      51
      61
      54
      72
      63
      61
      55
      57
      71
      68
      59
      65
      49
      53
      53
      60
      44
      60
      49
      49
      50
      54
      55
      58
      62
      52
      44
      56
      53
      61
      51
      42
      58
      56
      53
      58
      55
      48
      48
      55
      58
      49
      54
      50
      51
      53
      55
      58
      54
      46
      67
      55
      55
      72
      43
      55
      57
      46
      44
      60
      75
      58
      66
      64
      89
      80
     128
     146
     167
     224
     250
     273
     310
     353
     304
     299
     252
     184
     140
      91
      85
      65
      83
      64
      73
      50
      57
      58
      58
      72
      60
      60
      71
      56
      43
      51
      52
      73
      56
      50
      53
      35
      56
      44
      46
      58
      48
      56
      47
      45
      57
      65
      46
      47
      51
      57
      50
      55
      45
      45
      39
      53
      59
      46
      52
      45
      43
      44
      43
      37
      54
      40
      45
      45
      33
      41
      54
      43
      48
      43
      49
      42
      40
      61
      41
      51
      47
      41
      59
      38
      48
      50
      44
      56
      43
      48
      55
      57
      52
      40
      55
      48
      51
      29
      49
      44
      39
      50
      46
      47
      35
      40
      44
      50
      34
      34
      39
      39
      29
      39
      39
      29
      35
      48
      45
      39
      37
      39
      36
      45
      39
      46
      40
      43
      38
      46
      44
      42
      50
      50
      43
      48
      82
      64
      73
      61
      62
      51
      52
      52
      37
      44
      39
      36
      38
      30
      43
      41
      54
      52
      45
      50
      50
      52
      49
      45
      45
      47
      46
      35
      37
      40
      36
      54
      37
      33
      26
      28
      26
      29
      32
      33
      20
      26
      36
      33
      33
      36
      24
      36
      33
      29
      26
      31
      28
      26
      34
      37
      38
      33
      35
      34
      35
      29
      40
      29
      36
      33
      29
      44
      37
      31
      30
      38
      32
      31
      40
      22
      43
      35
      33
      34
      33
      34
      32
      38
      33
      30
      36
      43
      33
      32
      35
      26
      24
      27
      40
      26
      31
      36
      38
      54
      55
      62
      74
      74
     105
     146
     149
     197
     260
     369
     485
     599
     669
     754
     841
     782
     753
     665
     559
     393
     266
     161
     116
      81
      59
      49
      47
      24
      24
      31
      22
      27
      22
      21
      24
      27
      36
      25
      33
      23
      38
      30
      24
      40
      18
      23
      24
      21
      28
      31
      25
      19
      18
      29
      24
      29
      35
      30
      38
      26
      27
      31
      30
      26
      14
      21
      26
      22
      28
      27
      24
      21
      25
      34
      12
      20
      30
      33
      22
      18
      32
      26
      28
      30
      18
      27
      20
      23
      19
      19
      21
      18
      29
      32
      23
      23
      31
      38
      25
      24
      22
      24
      29
      23
      21
      28
      39
      29
      31
      36
      34
      41
      48
      65
      57
      65
      60
      75
      73
      56
      68
      55
      57
      29
      35
      36
      26
      21
      29
      24
      17
      28
      27
      27
      27
      21
      16
      21
      18
      14
      24
      13
      25
      19
      21
      12
      24
      17
      25
      22
      22
      33
      29
      21
      23
      19
      22
      18
      28
      21
      21
      21
      17
      24
      16
      29
      20
      23
      29
      20
      27
      16
      18
      17
      19
      17
      27
      24
      18
      23
      24
      23
      20
      20
      26
      17
      17
      14
      16
       9
      26
      19
      25
      26
      32
      17
      21
      30
      25
      21
      18
      18
      16
      22
      17
      22
      17
      26
      14
      31
      16
      24
      26
      20
      20
      13
      15
      19
      19
      17
      21
      26
      36
      17
      25
      32
      28
      20
      30
      15
      14
      29
      25
      17
      23
      24
      16
      23
      27
      18
      18
      11
      16
      18
      17
      17
      20
      32
      20
      12
      18
      24
      20
      17
      18
      17
      23
      22
      28
      16
      24
      25
      22
      21
      23
      22
      21
      16
      17
      20
      29
      20
      21
      16
      23
      24
      15
      19
      16
      22
      15
      19
      23
      28
      28
      22
      25
      20
      23
      27
      20
      21
      23
      23
      21
      19
      33
      24
      25
      34
      22
      27
      18
      21
      33
      32
      35
      53
      58
      75
      66
      77
     118
     145
     193
     237
     308
     352
     419
     425
     463
     484
     529
     483
     430
     350
     302
     235
     157
     168
     129
     133
     116
      97
     108
      82
      75
      36
      34
      27
      22
      24
      17
      30
      34
      28
      18
      26
      16
      23
      18
      22
      16
      27
      16
      16
      20
      17
      17
      22
      14
      19
      25
      17
      24
      28
      23
      27
      24
      30
      32
      38
      44
      53
      80
      82
     103
     115
     155
     174
     239
     293
     411
     474
     491
     548
     600
     614
     579
     598
     540
     415
     310
     203
     146
     112
      72
      61
      46
      36
      29
      25
      27
      22
      27
      27
      19
      21
      31
      26
      28
      35
      36
      28
      32
      30
      23
      31
      36
      28
      23
      38
      28
      21
      23
      31
      30
      18
      23
      19
      30
      31
      21
      25
      27
      33
      27
      24
      29
      21
      26
      13
      20
      20
      18
      26
      23
      25
      27
      32
      29
      24
      29
      26
      19
      31
      26
      27
      21
      29
      31
      14
      19
      27
      26
      35
      37
      22
      17
      18
      27
      30
      25
      24
      29
      18
      35
      30
      22
      30
      34
      30
      25
      31
      33
      35
      37
      42
      32
      32
      29
      19
      27
      37
      30
      22
      31
      26
      26
      27
      26
      30
      21
      21
      32
      23
      29
      19
      34
      30
      23
      24
      25
      23
      25
      21
      23
      24
      15
      26
      27
      31
      17
      30
      28
      26
      26
      30
      24
      36
      27
      25
      24
      22
      22
      29
      37
      28
      30
      24
      28
      17
      22
      36
      22
      25
      25
      30
      32
      37
      31
      26
      20
      20
      27
      31
      38
      19
      31
      20
      31
      36
      21
      25
      36
      23
      24
      27
      30
      48
      32
      24
      24
      30
      20
      23
      23
      21
      26
      26
      23
      22
      23
      19
      16
      21
      24
      22
      18
      24
      23
      18
      26
      14
      24
      16
      26
      28
      15
      20
      13
      18
      13
      24
      19
      18
      19
      17
      25
      14
      16
      18
      17
      17
      11
      18
      18
      20
      22
      13
      22
      23
      14
      20
      22
      20
       7
      28
      24
      23
      20
      25
      27
      31
      38
      39
      44
      52
      58
      64
      68
      66
      76
      55
      64
      53
      44
      29
      26
      27
      27
      24
      19
      12
      14
      17
      16
      21
      12
      21
      12
      13
       9
      17
       9
      12
      14
      13
      17
      17
      17
      13
      13
      22
      17
      19
      19
      10
       8
      11
      14
       8
      10
      20
      11
      19
      19
      19
      16
      17
      19
      16
      13
      19
      13
      29
      11
      15
      15
      11
      17
      19
      15
      17
      11
      15
      11
       9
      11
       5
      12
       7
      11
      10
      23
      14
      15
      16
       8
      15
      17
      12
      18
      13
       9
      15
      13
      18
      14
      16
       8
      19
      16
      16
      15
      19
      16
      18
      12
      16
      13
      14
      17
       8
      19
      10
      11
       8
      13
       8
      10
      10
       6
       7
      13
      17
      10
      10
       6
       6
       9
       9
      13
       7
      12
      10
      15
      14
      16
       8
      17
       9
      10
       7
      11
      10
       8
       7
       7
       9
      18
       8
       8
       8
      10
      10
       8
      11
      10
      12
       7
      20
      17
      20
      12
      14
      17
      15
      10
      15
      15
      12
      11
       9
      11
      12
       8
      11
       6
       6
       6
      12
       5
       6
       5
       6
       6
       7
       8
       6
       8
       4
       5
       6
       6
       7
       4
       3
       8
      11
       7
       7
       8
       8
      11
      11
       5
      16
      11
       7
      14
       8
      12
      17
      13
      17
      19
      23
      20
      27
      20
      23
      39
      39
      43
      51
      59
      69
      55
      68
      52
      65
      36
      26
      22
      24
      12
      14
       9
      10
      11
       7
       1
       4
       4
       2
       8
       5
       3
       3
       0
       3
       4
       1
       2
       3
       2
       3
       2
       3
       3
       3
       7
       3
       3
       3
       2
       0
       1
       8
       5
       5
       4
       1
       1
       1
       4
       0
       1
       6
       5
       2
       3
       4
       4
       4
       5
       2
       2
       2
       4
       0
       1
       2
       2
       5
       2
       4
       0
       2
       8
       3
       1
       4
       5
       3
       2
       2
       3
       5
       3
       2
       3
       1
       3
       5
       1
       4
       2
       4
       2
       3
       3
       3
       4
       4
       2
       1
       3
       7
       0
       4
       3
       0
       3
       2
       3
       1
       3
       1
       1
       2
       2
       3
       4
       1
       3
       1
       3
       2
       3
       1
       1
       2
       0
       2
       4
       4
       3
       2
       0
       1
       2
       2
       6
       2
       3
       2
       0
       2
       1
       5
       0
       1
       5
       1
       3
       1
       0
       3
       1
       2
       3
       1
       3
       3
       5
       2
       1
       3
       5
       3
       5
       4
       3
       0
       5
       5
       4
       1
       4
       0
       3
       4
       1
       3
       4
       1
       2
       3
       3
       2
       2
       2
       1
       2
       2
       4
       1
       1
       1
       1
       1
       2
       0
       2
       2
       1
       3
       1
       2
       1
       2
       3
       2
       2
       1
       3
       2
       1
       1
       2
       3
       1
       0
       1
       2
       1
       3
       1
       4
       4
       0
       3
       4
       1
       3
       2
       2
       2
       1
       1
       0
       1
       4
       3
       2
       3
       4
       2
       3
       4
       3
       2
       3
       3
       1
       6
      10
       4
       7
      18
      16
      19
      25
      21
      56
      56
      75
      85
      84
     132
     157
     201
     243
     331
     377
     429
     497
     509
     551
     558
     590
     608
     589
     571
     524
     433
     327
     234
     142
     122
      64
      54
      43
      30
      13
       9
       1
       2
       3
       3
       1
       0
       1
       1
       0
       0
       2
       2
       0
       2
       1
       1
       0
       0
       0
       2
       0
       1
       0
       0
       0
       1
       2
       1
       0
       0
       1
       0
       0
       0
       0
       0
       2
       1
       2
       0
       3
       0
       1
       2
       0
       0
       0
       1
       2
       1
       1
       3
       1
       0
       1
       2
       2
       1
       0
       0
       2
       0
       2
       1
       0
       4
       4
       1
       0
       2
       3
       2
       5
       5
       4
       4
       5
       7
      14
      12
       5
       9
      10
      11
       9
      12
      15
       8
      10
       6
       7
       5
       7
       5
       6
       8
       4
       6
       8
       4
       9
      13
      15
      13
      13
      15
      24
      16
      12
      12
       9
      11
      12
      13
      11
       6
       3
       5
       2
       1
       1
       4
       2
       1
       0
       2
       1
       1
       0
       0
       1
       0
       1
       0
       0
       0
       1
       0
       0
       0
       0
       0
       0
       0
       0
       0
       0
       1
       1
       0
       0
       0
       0
       0
       0
       1
       0
       2
       2
       0
       0
       0
       0
       2
       1
       1
       0
       3
       1
       0
       0
       2
       1
       1
       0
       1
       2
       0
       1
       0
       0
       0
       0
       0
       2
       0
       0
       0
       1
       1
       1
       1
       0
       1
       3
       0
       1
       1
       0
       0
       0
       1
       0
       0
       2
       0
       0
       1
       1
       1
       0
       2
       0
       1
       0
       2
       0
       1
       1
       1
       1
       0
       0
       0
       0
       1
       1
       0
       0
       0
       0
       0
       0
       0
       0
       1
       0
       0
       0
       0
       0
       0
       1
       0
       1
       0
       1
       0
       0
       0
       0
       0
       0
       0
       0
       1
       0
       1
       2
       0
       0
       0
       0
       0
       0
       2
       0
       1
       3
       2
       0
       3
       1
       0
       0
       0
       2
       1
       4
       7
       5
      11
      14
      12
      11
      13
      11
      13
      16
      12
       6
      19
      15
       8
       5
       5
       2
       2
       2
       5
       0
       0
       0
       1
       0
       1
       0
       0
       0
       0
       0
       0
       0
       0
       0
       0
       0
       0
       0
       0
       1
       0
       1
       0
       1
       0
       1
       0
       0
       0
       0
       0
       0
       1
       0
       0
       0
       2
       0
       0
       0
       0
       0
       0
       0
       0
       0
       0
       0
       0
       0
       0
       0
       0
       0
       0
       0
       0
       0
       0
       0
       0
       0
       0
       0
       0
       0
       0
       0
       0
       1
       0
       0
       0
       0
       0
       0
       0
       0
       0
       0
       0
       0
       0
       1
       0
       1
       0
       0
       0
       0
       0
       0
       0
       0
       0
       0
       0
       0
       0
       0
       0
       1
       0
       0
       0
       0
       0
       0
       0
       0
       0
       0
       1
       1
       0
       1
       0
       0
       0
       0
       0
       0
       0
       1
       0
       0
       0
       0
       0
       0
       1
       0
       0
       0
       0
       0
       0
       2
       0
       0
       0
       0
       1
       0
       0
       0
       0
       0
       0
       0
       1
       0
       2
       0
       0
       2
       0
       0
       1
       0
       0
       0
       1
       0
       0
       0
       1
       0
       0
       1
       0
       0
       0
       0
       0
       1
       0
       1
       1
       0
       0
       0
       0
       0
       0
       0
       0
       1
       0
       0
       0
       0
       0
       0
       0
       0
       0
       0
       0
       0
       0
       0
       0
       0
       0
       0
       0
       0
       0
       0
       0
       0
       2
       0
       1
       0
       0
       0
       0
       0
       0
       0
       1
       0
       0
       0
       0
       0
       0
       0
       0
       0
       0
       0
       0
       1
       0
       0
       0
       0
       0
       0
       0
       0
       0
       0
       0
       0
       0
       0
       0
       0
       0
       0
       0
       0
       0
       0
       0
       1
       1
       0
       0
       0
       0
       0
       0
       1
       0
       0
       1
       0
       1
       0
       0
       1
       0
       0
       1
       0
       1
       2
       1
       0
       0
       2
       0
       1
       0
       0
       0
       1
       0
       1
       0
       0
       0
       0
       0
       1
       0
       0
       0
       0
       0
       0
       0
       0
       0
       0
       0
       0
       0
       0
       0
       0
       0
       0
       0
       0
       0
       0
       0
       0
       1
       2
       0
       0
       0
       0
       1
       0
       0
       1
       0
       0
       0
       0
       0
       0
       0
       0
       1
       0
       0
       0
       0
       1
       0
       0
       0
       0
       0
       1
       0
       0
       0
       1
       0
       0
       0
       0
       0
       0
       0
       0
       0
       0
       0
       0
       0
       0
       0
       0
       0
       1
       0
       0
       0
       1
       0
       0
       0
       0
       0
       0
       0
       0
       0
       0
       0
       0
       0
       0
       0
       0
       0
       0
       0
       0
       0
       0
       0
       0
       0
       0
       0
       0
       0
       0
       0
       0
       0
       0
       0
       0
       0
       0
       0
       0
       0
       0
       0
       0
       0
       0
       0
       0
       0
       0
       0
       0
       0
       0
       0
       0
       0
       1
       0
       0
       0
       0
       0
       1
       0
       0
       0
       0
       0
       0
       0
       0
       0
       0
       0
       0
       0
       0
       1
       0
       1
       0
       0
       0
       0
       0
       0
       0
       0
       0
       0
       0
       0
       0
       0
       0
       0
       0
       0
       0
       0
       0
       0
       0
       0
       0
       0
       0
       0
       0
       0
       0
       0
       0
       0
       0
       0
       0
       0
       0
       0
       0
       0
       0
       0
       1
       0
       0
       0
       0
       0
       1
       0
       0
       0
       0
       0
       0
       0
       0
       0
       0
       0
       0
       1
       0
       0
       0
       0
       0
       0
       0
       0
       0
       0
       0
       0
       0
       0
       0
       0
       0
       0
       0
       0
       0
       0
       0
       0
       0
       0
       1
       0
       0
       0
       0
       0
       0
       0
       0
       0
       0
       0
       0
       1
       0
       0
       0
       0
       1
       0
       0
       0
       0
       0
       0
       0
       0
       0
       0
       0
       0
       0
       0
       0
       0
       0
       0
       0
       1
       0
       0
       0
       0
       1
       0
       0
       1
       0
       1
       0
       0
       0
       0
       2
       0
       0
       0
       0
       0
       0
       0
       1
       0
       0
       0
       0
       0
       0
       1
       0
       0
       0
       0
       0
       0
       0
       0
       0
       0
       0
       0
       0
       0
       0
       0
       1
       0
       0
       0
       0
       0
       0
       0
       1
       0
       0
       0
       0
       0
       0
       0
       0
       0
       0
       0
       0
       0
       0
       0
       0
       0
       0
       1
       1
       0
       1
       0
       0
       0
       1
       0
       0
       0
       0
       0
       0
       0
       0
       1
       0
       0
       0
       0
       0
       0
       0
       0
       0
       0
       0
       0
       0
       0
       0
       0
       1
       0
       0
       0
       0
       0
       0
       0
       0
       0
       0
       0
       0
       0
       0
       0
       0
       0
       0
       0
       0
       0
       0
       0
       0
       0
       0
       0
       0
       0
       0
       0
       0
       0
       0
       0
       0
       0
       0
       0
       0
       0
       0
       0
       0
       0
       0
       0
       0
       0
       0
       0
       0
       0
       0
       0
       0
       0
       0
       0
       0
       0
       0
       0
       0
       0
       0
       0
       0
       0
       0
       0
       0
       1
       0
       1
       0
       0
       0
       0
       0
       0
       0
       0
       0
       0
       0
       0
       0
       0
       1
       0
       0
       0
       0
       0
       1
       0
       0
       0
       1
       0
       0
       0
       0
       0
       0
       0
       0
       0
       0
       0
       0
       0
       0
       1
       0
       0
       0
       0
       0
       0
       0
       0
       0
       0
       0
       0
       0
       0
       0
       0
       0
       0
       0
       0
       0
       0
       0
       0
       0
       0
       0
       0
       0
       0
       0
       0
       0
       0
       0
       0
       0
       0
       0
       0
       0
       0
       0
       0
       0
       0
       0
       0
       1
       0
       0
       1
       0
       0
       0
       0
       0
       0
       0
       0
       0
       0
       0
       0
       0
       0
       0
       1
       0
       0
       0
       0
       0
       0
       0
       0
       0
       0
       0
       0
       0
       0
       0
       0
       0
       0
       0
       0
       0
       0
       0
       0
       0
       0
       0
       0
       0
       0
       0
       1
       0
       0
       0
       0
       0
       0
       1
       0
       1
       0
       0
       0
       0
       0
       0
       0
       0
       0
       0
       0
       0
       0
       0
       0
       0
       0
       0
       0
       0
       0
       0
       0
       0
       0
       0
       0
       0
       1
       1
       0
       0
       0
       0
       0
       0
       0
       0
       0
       0
       0
       0
       0
       0
       0
       0
       0
       0
       0
       0
       0
       0
       0
       0
       0
       0
       0
       1
       0
       0
       0
       0
       1
       0
       0
       0
       0
       0
       0
       0
       0
       0
       0
       0
       0
       0
       0
       0
       0
       0
       0
       0
       0
       0
       0
       0
       0
       0
       0
       0
       0
       0
       0
       0
       0
       0
       0
       0
       0
       0
       0
       0
       0
       0
       0
       0
       0
       0
       0
       0
       0
       0
       0
       0
       0
       0
       0
       0
       0
       0
       0
       0
       0
       0
       0
       0
       0
       0
       0
       0
       0
       0
       0
       0
       0
       0
       0
       0
       0
       0
       0
       0
       0
       0
       0
       0
       0
       0
       0
       0
       0
       0
       0
       0
       0
       0
       0
       0
       0
       0
       0
       0
       0
       0
       0
       0
       0
       0
       0
       0
       0
       0
       0
       0
       1
       0
       0
       0
       0
       0
       0
       0
       0
       0
       0
       0
       0
       0
       0
       0
       0
       0
       0
       0
       0
       0
       0
       0
       0
       0
       0
       0
       0
       0
       0
       0
       0
       0
       0
       1
       0
       0
       0
       0
       0
       0
       0
       0
       0
       0
       0
       0
       0
       0
       1
       0
       0
       0
       0
       0
       0
       0
       0
       0
       0
       0
       0
       0
       0
       0
       0
       0
       0
       0
       0
       0
       0
       0
       0
       0
       0
       0
       0
       0
       0
       0
       0
       0
       0
       0
       0
       0
       0
       0
       0
       0
       0
       0
       0
       0
       0
       0
       0
       0
       0
       0
       0
       0
       0
       0
       0
       0
       0
       0
       0
       0
       0
       0
       0
       0
       0
       0
       0
       0
       0
       0
       0
       0
       0
       0
       0
       0
       0
       0
       0
       0
       0
       0
       0
       0
       0
       0
       0
       0
       0
       0
       0
       0
       0
       0
       0
       0
       0
       0
       1
       0
       0
       0
       0
       0
       0
       0
       0
       0
       0
       0
       0
       0
       0
       0
       0
       0
       0
       0
       0
       0
       0
       0
       0
       0
       0
       0
       0
       0
       0
       0
       0
       0
       0
       0
       0
       0
       0
       0
       0
       0
       0
       0
       1
       1
       0
       0
       0
       0
       0
       0
       0
       0
       0
       0
       0
       0
       0
       0
       0
       0
       0
       0
       0
       0
       1
       0
       0
       0
       0
       0
       0
       0
       0
       0
       0
       0
       0
       0
       0
       0
       0
       0
       0
       0
       0
       0
       0
       0
       0
       0
       0
       0
       0
       0
       0
       0
       1
       0
       0
       0
       0
       0
       0
       0
       0
       0
       0
       0
       0
       0
       0
       0
       0
       0
       0
       0
       0
       0
       0
       0
       0
       0
       0
       0
       0
       0
       0
       0
       0
       0
       0
       1
       0
       0
       0
       0
       0
       0
       0
       0
       0
       0
       0
       0
       0
       0
       0
       0
       0
       0
       0
       0
       0
       0
       0
       0
       0
       0
       0
       0
       0
       0
       0
       0
       0
       0
       0
       0
       0
       0
       0
       0
       0
       0
       0
       0
       0
       0
       0
       0
       0
       0
       0
       0
       0
       0
       0
       0
       0
       0
       0
       0
       0
       0
       1
       0
       0
       0
       0
       0
       0
       0
       1
       0
       0
       0
       0
       0
       0
       0
       0
       0
       0
       0
       0
       0
       0
       0
       0
       0
       0
       0
       0
       0
       0
       0
       0
       0
       0
       0
       0
       0
       0
       0
       0
       0
       0
       1
       0
       0
       0
       0
       0
       0
       0
       0
       0
       0
       0
       0
       0
       1
       0
       0
       0
       0
       0
       0
       0
       0
       0
       0
       0
       0
       0
       0
       0
       0
       0
       0
       0
       0
       0
       0
       0
       0
       0
       0
       0
       0
       0
       0
       0
       0
       0
       0
       0
       0
       0
       0
       0
       0
       0
       0
       0
       0
       0
       0
       0
       0
       0
       0
       0
       0
       0
       0
       0
       1
       0
       0
       0
       0
       0
       0
       0
       0
       0
       0
       0
       0
       0
       0
       0
       0
       0
       0
       0
       0
       0
       0
       0
       0
       0
       0
       0
       0
       0
       0
       0
       0
       0
       0
       0
       0
       0
       1
       0
       0
       0
       0
       0
       0
       0
       0
       0
       0
       0
       0
       0
       0
       0
       0
       0
       0
       0
       0
       0
       0
       0
       0
       0
       0
       0
       0
       0
       0
       0
       0
       0
       0
       0
       0
       0
       0
       0
       0
       0
       0
       0
       0
       0
       0
       0
       0
       1
       0
       0
       0
       0
       0
       0
       0
       0
       0
       0
       0
       0
       0
       0
       0
       0
       0
       0
       0
       0
       0
       0
       0
       0
       0
       0
       0
       0
       0
       0
       0
       0
       1
       0
       0
       0
       0
       0
       0
       0
       0
       0
       0
       0
       0
       0
       0
       0
       1
       0
       0
       0
       0
       0
       0
       0
       0
       0
       0
       0
       0
       0
       0
       0
       0
       0
       0
       0
       0
       0
       0
       0
       0
       1
       0
       0
       0
       0
       0
       0
       0
       0
       0
       0
       0
       0
       0
       0
       0
       0
       0
       0
       0
       0
       0
       0
       0
       0
       0
       0
       0
       0
       0
       0
       0
       0
       0
       0
       1
       0
       0
       0
       0
       0
       0
       0
       0
       0
       0
       0
       0
       0
       1
       0
       0
       0
       0
       0
       0
       0
       0
       0
       0
       1
       0
       0
       0
       0
       0
       0
       0
       0
       0
       0
       1
       0
       0
       0
       0
       0
       0
       0
       0
       0
       0
       0
       0
       0
       0
       0
       0
       0
       0
       0
       0
       1
       0
       0
       0
       0
       0
       0
       0
       0
       0
       0
       0
       0
       0
       0
       0
       0
       0
       0
       0
       0
       0
       0
       0
       0
       0
       0
       0
       0
       0
       0
       0
       0
       0
       0
       0
       0
       0
       0
       0
       0
       0
       0
       0
       0
       0
       0
       0
       0
       0
       0
       0
       0
       0
       0
       0
       0
       0
       1
       0
       0
       0
       1
       0
       0
       0
       0
       0
       0
       0
       0
       0
       0
       0
       0
       0
       0
       0
       0
       0
       0
       0
       0
       0
       0
       0
       0
       0
       0
       0
       1
       0
       0
       0
       0
       0
       0
       0
       0
       0
       0
       0
       0
       0
       0
       0
       0
       0
       0
       0
       0
       0
       0
       0
       0
       0
       0
       0
       0
       0
       0
       1
       0
       0
       0
       0
       0
       0
       0
       0
       0
       0
       0
       0
       0
       0
       0
       0
       0
       0
       0
       0
       0
       0
       0
       0
       0
       0
       0
       0
       0
       0
       0
       0
       0
       0
       0
       0
       0
       0
       0
       0
       0
       0
       0
       0
       0
       0
       0
       0
       0
       0
       0
       0
       0
       0
       0
       0
       0
       0
       0
       0
       0
       0
       0
       0
       0
       0
       0
       0
       0
       0
       0
       0
       0
       0
       0
       0
       0
       0
       0
       0
       0
       0
       0
       0
       0
       0
       0
       0
       0
       0
       0
       0
       0
       0
       0
       0
       0
       0
       0
       0
       0
       0
       1
       0
       0
       0
       0
       0
       0
       0
       0
       0
       0
       0
       0
       0
       0
       0
       0
       0
       0
       0
       0
       0
       0
       0
       0
       0
       0
       0
       0
       0
       0
       0
       0
       0
       0
       0
       0
       0
       0
       0
       0
       0
       0
       0
       0
       0
       0
       0
       0
       0
       0
       0
       0
       0
       0
       0
       0
       0
       0
       0
       0
       0
       0
       0
       0
       0
       0
       0
       1
       0
       0
       0
       0
       0
       0
       0
       0
       0
       0
       0
       0
       0
       0
       0
       0
       0
       0
       0
       0
       0
       0
       0
       0
       0
       0
       0
       0
       0
       0
       0
       0
       0
       0
       0
       0
       0
       0
       0
       0
       0
       0
       0
       0
       0
       0
       0
       0
       0
       0
       0
       0
       0
       0
       0
       0
       0
       0
       0
       0
       0
       0
       0
       0
       0
       0
       0
       0
       0
       0
       0
       0
       0
       0
       0
       0
       0
       0
       0
       0
       0
       0
       0
       0
       0
       0
       0
       0
       0
       0
       1
       0
       0
       0
       0
       0
       0
       0
       0
       0
       0
       0
       0
       1
       0
       0
       0
       0
       0
       0
       0
       0
       0
       0
       0
       0
       0
       0
       0
       0
       0
       0
       0
       0
       0
       0
       0
       0
       0
       0
       0
       0
       0
       0
       0
       0
       0
       0
       0
       0
       0
       0
       0
       0
       0
       0
       0
       0
       0
       0
       0
       0
       0
       0
       0
       0
       0
       0
       0
       0
       0
       0
       0
       0
       0
       0
       0
       0
       0
       0
       0
       0
       0
       0
       0
       0
       0
       0
       0
       0
       0
       0
       0
       0
       0
       0
       0
       0
       0
       0
       0
       0
       0
       0
       0
       0
       1
       0
       0
       0
       0
       0
       0
       0
       0
       0
       0
       0
       0
       0
       0
       0
       1
       0
       1
       0
       0
       0
       0
       0
       0
       0
       0
       0
       0
       0
       0
       0
       0
       0
       0
       0
       0
       0
       0
       0
       0
       0
       0
       0
       0
       0
       0
       0
       0
       0
       0
       0
       0
       0
       0
       0
       0
       0
       0
       0
       0
       0
       0
       0
       0
       0
       0
       1
       0
       0
       0
       0
       0
       0
       1
       0
       0
       0
       0
       0
       0
       0
       0
       0
       0
       0
       0
       0
       0
       0
       0
       0
       0
       0
       0
       0
       0
       0
       0
       0
       0
       0
       0
       0
       0
       0
       0
       0
       0
       0
       0
       0
       0
       0
       0
       0
       0
       1
       0
       0
       0
       0
       0
       0
       1
       0
       0
       0
       0
       0
       0
       0
       0
       0
       0
       0
       0
       0
       0
       0
       0
       0
       0
       0
       0
       0
       0
       0
       0
       0
       1
       0
       0
       0
       0
       0
       0
       0
       0
       0
       0
       0
       0
       0
       0
       0
       0
       0
       0
       0
       0
       0
       0
       0
       0
       0
       0
       0
       0
       0
       0
       0
       0
       0
       0
       0
       0
       0
       0
       0
       0
       0
       0
       0
       0
       0
       0
       0
       0
       0
       0
       0
       0
       0
       0
       0
       0
       0
       0
       0
       0
       0
       0
       0
       0
       0
       0
       0
       0
       0
       0
       0
       0
       0
       0
       0
       0
       0
       0
       0
       0
       0
       0
       0
       0
       0
       0
       0
       0
       0
       0
       0
       0
       0
       0
       0
       0
       0
       0
       0
       0
       0
       0
       0
       0
       0
       0
       0
       0
       0
       0
       0
       0
       0
       0
       0
       0
       0
       0
       0
       0
       0
       0
       0
       0
       0
       0
       0
       0
       0
       0
       0
       0
       0
       0
       0
       0
       0
       0
       0
       0
       0
       0
       0
       0
       1
       0
       0
       0
       0
       0
       0
       0
       0
       0
       0
       0
       0
       0
       0
       0
       0
       0
       0
       0
       0
       0
       0
       1
       0
       0
       0
       0
       0
       0
       0
       0
       0
       0
       0
       0
       0
       0
       0
       0
       0
       0
       0
       0
       0
       0
       0
       0
       0
       0
       0
       0
       0
       0
       0
       0
       0
       0
       0
       0
       0
       0
       0
       0
       1
       0
       0
       0
       0
       0
       0
       0
       0
       0
       0
       0
       0
       0
       0
       0
       0
       0
       0
       0
       0
       0
       0
       0
       0
       0
       0
       0
       0
       0
       0
       0
       0
       0
       0
       0
       0
       0
       0
       0
       0
       0
       0
       0
       0
       0
       0
       0
       1
       0
       0
       0
       0
       0
       0
       0
       0
       0
       0
       0
       0
       0
       1
       0
       0
       0
       0
       0
       0
       0
       0
       0
       0
       0
       0
       0
       0
       0
       0
       0
       0
       0
       0
       0
       0
       0
       0
       0
       0
       0
       0
       0
       0
       0
       0
       0
       0
       0
       0
       0
       0
       0
       0
       0
       0
       0
       0
       0
       0
       0
       0
       0
       0
       0
       0
       0
       0
       0
       0
       0
       0
       0
       0
       0
       0
       0
       0
       0
       0
       0
       0
       0
       0
       0
       0
       0
       0
       0
       0
       0
       0
       0
       0
       0
       0
       1
       0
       0
       0
       0
       0
       0
       0
       0
       0
       0
       0
       0
       0
       0
       0
       0
       0
       0
       0
       0
       0
       0
       0
       0
       0
       0
       0
       0
       0
       0
       0
       1
       0
       0
       0
       0
       0
       1
       0
       0
       0
       0
       0
       0
       0
       0
       0
       0
       0
       0
       0
       0
       0
       0
       0
       0
       0
       0
       0
       0
       0
       0
       0
       0
       0
       0
       0
       0
       0
       0
       0
       0
       0
       0
       0
       0
       0
       0
       0
       0
       0
       0
       0
       1
       0
       0
       0
       0
       0
       0
       0
       0
       0
       0
       0
       0
       0
       0
       0
       0
       0
       0
       0
       0
       0
       0
       0
       0
       0
       0
       0
       0
       0
       0
       0
       0
       0
       0
       0
       0
       0
       0
       0
       0
       0
       0
       0
       0
       0
       0
       0
       0
       0
       0
       0
       0
       0
       0
       0
       0
       0
       1
       0
       0
       0
       0
       0
       0
       0
       1
       0
       0
       0
       0
       0
       0
       0
       0
       0
       0
       0
       0
       0
       1
       0
       0
       0
       0
       0
       0
       0
       0
       0
       0
       0
       0
       0
       0
       0
       0
       0
       0
       1
       0
       0
       0
       0
       0
       0
       0
       0
       0
       0
       0
       0
       0
       0
       0
       0
       0
       0
       0
       0
       0
       0
       0
       0
       0
       0
       0
       0
       0
       0
       0
       0
       0
       0
       0
       0
       0
       0
       0
       0
       0
       0
       0
       0
       0
       0
       0
       0
       0
       0
       0
       0
       0
       0
       0
       0
       0
       0
       0
       0
       0
       0
       0
       0
       0
       0
       0
       0
       0
       0
       0
       0
       0
       0
       0
       0
       0
       0
       0
       0
       0
       0
       0
       0
       0
       0
       0
       0
       0
       0
       0
       0
       0
       0
       0
       0
       0
       0
       0
       0
       0
       0
       0
       0
       0
       0
       0
       0
       0
       0
       0
       0
       0
       0
       0
       0
       0
       0
       0
       0
       0
       0
       0
       0
       0
       0
       0
       0
       0
       0
       0
       0
       0
       0
       0
       0
       0
       0
       0
       0
       0
       0
       0
       0
       0
       0
       0
       0
       0
       0
       0
       0
       0
       0
       0
       0
       0
       0
       0
       0
       0
       0
       0
       0
       0
       0
       0
       0
       0
       0
       0
       0
       0
       0
       0
       0
       0
       0
       0
       0
       0
       0
       0
       0
       0
       0
       0
       0
       0
       0
       0
       0
       0
       0
       0
       0
       0
       0
       0
       0
       0
       0
       0
       1
       0
       0
       0
       0
       0
       0
       0
       0
       0
       0
       0
       1
       0
       0
       0
       0
       0
       0
       0
       0
       0
       0
       0
       0
       0
       0
       0
       0
       0
       0
       0
       0
       0
       0
       1
       0
       0
       0
       0
       0
       0
       0
       0
       0
       0
       0
       0
       0
       0
       0
       0
       0
       0
       0
       0
       0
       0
       0
       0
       0
       0
       0
       0
       0
       0
       0
       0
       0
       0
       0
       0
       0
       0
       0
       0
       0
       0
       0
       0
       0
       0
       0
       0
       0
       0
       0
       0
       0
       0
       0
       0
       0
       0
       0
       0
       0
       0
       0
       0
       0
       0
       0
       0
       0
       0
       0
       0
       0
       0
       0
       0
       0
       0
       0
       0
       0
       0
       0
       0
       0
       0
       0
       0
       0
       0
       0
       0
       0
       0
       0
       0
       0
       0
       0
       1
       0
       0
       0
       0
       0
       0
       0
       1
       0
       0
       0
       0
       0
       0
       0
       0
       0
       0
       0
       0
       0
       0
       0
       0
       0
       0
       0
       0
       1
       0
       0
       0
       0
       0
       0
       0
       0
       0
       0
       0
       0
       0
       0
       0
       0
       0
       0
       0
       0
       0
       0
       0
       0
       0
       0
       0
       0
       0
       1
       0
       0
       0
       0
       0
       0
       0
       0
       0
       0
       0
       0
       0
       0
       0
       0
       0
       0
       0
       0
       0
       0
       0
       0
       0
       0
       0
       0
       0
       0
       0
       0
       0
       0
       0
       0
       0
       0
       0
       0
       0
       0
       0
       0
       0
       0
       0
       0
       0
       0
       0
       0
       0
       0
       0
       0
       0
       0
       0
       0
       0
       0
       0
       0
       0
       0
       0
       0
       0
       0
       0
       0
       0
       0
       0
       0
       0
       0
       0
       0
       0
       0
       0
       0
       0
       0
       0
       0
       1
       0
       0
       0
       0
       0
       0
       0
       0
       0
       0
       0
       0
       0
       0
       0
       0
       0
       0
       0
       0
       0
       0
       0
       0
       0
       0
       0
       0
       0
       0
       0
       0
       0
       0
       0
       0
       0
       0
       0
       0
       0
       0
       0
       0
       0
       0
       0
       0
       0
       0
       0
       0
       0
       0
       0
       0
       0
       0
       1
       0
       0
       0
       0
       0
       0
       0
       0
       1
       0
       0
       0
       0
       0
       0
       0
       0
       0
       0
       0
       0
       0
       0
       0
       0
       0
       0
       0
       0
       0
       0
       0
       0
       0
       0
       0
       0
       0
       0
       0
       0
       0
       0
       0
       0
       0
       0
       0
       0
       0
       0
       0
       0
       0
       0
       0
       0
       0
       0
       0
       0
       0
       0
       0
       0
       0
       0
       0
       0
       0
       0
       0
       0
       0
       0
       0
       0
       0
       0
       0
       0
       0
       0
       0
       0
       0
       0
       0
       0
       0
       0
       0
       0
       0
       0
       0
       0
       0
       0
       0
       0
       0
       0
       0
       0
       0
       0
       0
       0
       0
       0
       0
       0
       0
       0
       0
       0
       0
       0
       0
       0
       0
       0
       0
       0
       0
       0
       0
       0
       0
       0
       0
       0
       0
       0
       0
       0
       0
       0
       0
       0
       0
       0
       0
       0
       0
       0
       0
       0
       0
       0
       0
       0
       0
       0
       0
       0
       0
       0
       0
       0
       0
       0
       0
       0
       0
       0
       0
       0
       0
       0
       0
       0
       0
       0
       0
       0
       0
       0
       0
       0
       0
       0
       0
       0
       0
       0
       0
       0
       0
       1
       0
       0
       0
       0
       0
       0
       0
       0
       0
       0
       0
       0
       0
       0
       0
       0
       0
       0
       0
       0
       0
       0
       0
       0
       0
       0
       0
       0
       0
       0
       0
       0
       0
       0
       0
       0
       0
       0
       0
       0
       0
       0
       0
       0
       0
       0
       0
       0
       0
       0
       0
       0
       0
       0
       0
       0
       0
       0
       0
       0
       0
       0
       0
       0
       0
       0
       0
       0
       0
       0
       0
       0
       0
       0
       0
       0
       0
       0
       0
       0
       0
       0
       0
       0
       0
       0
       0
       0
       0
       0
       0
       0
       0
       0
       0
       0
       0
       0
       0
       0
       0
       0
       0
       0
       0
       0
       0
       0
       0
       0
       0
       0
       0
       0
       0
       0
       0
       0
       0
       0
       0
       0
       0
       0
       0
       0
       0
       0
       0
       0
       0
       0
       0
       0
       0
       0
       0
       0
       0
       0
       0
       0
       0
       0
       0
       0
       0
       0
       0
       0
       0
       0
       0
       0
       0
       0
       0
       0
       1
       0
       0
       0
       1
       0
       0
       0
       0
       0
       0
       0
       0
       0
       0
       0
       0
       0
       0
       1
       0
       0
       0
       0
       0
       0
       0
       0
       0
       0
       0
       0
       0
       0
       0
       0
       0
       0
       0
       0
       0
       0
       0
       0
       1
       0
       0
       0
       0
       0
       0
       0
       0
       0
       0
       0
       1
       0
       0
       0
       0
       0
       0
       0
       0
       0
       0
       0
       0
       0
       0
       0
       0
       0
       0
       0
       0
       0
       0
       0
       0
       0
       0
       0
       0
       0
       0
       0
       0
       0
       0
       0
       0
       0
       0
       0
       0
       0
       0
       0
       0
       0
       0
       0
       0
       0
       0
       0
       0
       0
       0
       0
       0
       0
       0
       0
       0
       0
       0
       0
       0
       0
       0
       0
       0
       0
       0
       0
       0
       0
       0
       0
       0
       0
       0
       0
       0
       0
       0
       0
       0
       0
       0
       0
       0
       0
       0
       0
       0
       0
       0
       0
       0
       0
       0
       0
       0
       0
       1
       0
       0
       1
       0
       0
       0
       0
       0
       0
       0
       0
       0
       0
       0
       0
       0
       0
       0
       0
       0
       0
       0
       0
       0
       0
       0
       1
       0
       1
       0
       0
       0
       0
       1
       0
       0
       0
       0
       0
       0
       0
       0
       0
       0
       0
       0
       0
       0
       0
       0
       0
       0
       0
       0
       0
       0
       0
       0
       0
       0
       0
       0
       0
       0
       0
       0
       0
       0
       0
       0
       0
       0
       0
       0
       0
       0
       0
       0
       0
       0
       0
       0
       0
       0
       0
       0
       0
       0
       0
       0
       0
       0
       0
       0
       0
       0
       0
       0
       0
       0
       0
       1
       0
       0
       0
       0
       0
       0
       0
       0
       0
       0
       0
       0
       0
       0
       0
       0
       0
       0
       0
       0
       0
       0
       0
       0
       0
       0
       0
       0
       0
       0
       0
       0
       0
       0
       0
       0
       0
       0
       0
       0
       0
       0
       0
       0
       0
       0
       0
       0
       0
       0
       0
       0
       0
       0
       0
       0
       0
       0
       0
       0
       0
       0
       0
       0
       0
       0
       0
       0
       0
       0
       0
       0
       0
       0
       0
       0
       0
       0
       0
       0
       0
       0
       0
       0
       0
       0
       0
       0
       0
       0
       0
       0
       0
       0
       0
       0
       0
       0
       0
       0
       0
       0
       0
       0
       0
       0
       0
       0
       0
       0
       0
       0
       0
       0
       0
       0
       0
       0
       0
       0
       0
       0
       0
       0
       0
       0
       0
       0
       0
       0
       0
       0
       0
       0
       0
       0
       0
       0
       0
       0
       0
       0
       0
       0
       0
       0
       0
       0
       0
       0
       0
       0
       0
       0
       0
       0
       0
       0
       0
       0
       0
       0
       0
       0
       0
       0
       0
       0
       0
       0
       0
       0
       0
       0
       0
       0
       0
       0
       0
       0
       0
       0
       0
       0
       0
       0
       0
       0
       0
$ROI:
16
142 158
301 317
609 627
855 875
976 998
1653 1685
1944 1972
2085 2117
2243 2277
2407 2439
2718 2754
2783 2819
2932 2970
3333 3375
3519 3569
4559 4650
$PRESETS:
None
0
0
$ENER_FIT:
-0.400083 0.397151
$MCA_CAL:
3
-4.000828E-001 3.971508E-001 1.392269E-008 keV
$SHAPE_CAL:
3
2.995317E+000 2.362591E-003 1.175446E-007
