$SPEC_ID:
Pulser
$SPEC_REM:
DET# 2
DETDESC# DETECTOR 2
AP# GammaVision Version 7.01.03
$DATE_MEA:
03/29/2017 19:28:32
$MEAS_TIM:
233 237
$DATA:
0 8191
       0
       0
       0
       0
       0
       0
       0
       0
       0
       0
       0
       0
       0
       0
       0
       0
       0
       0
       0
       0
       0
       0
       0
      18
     688
     687
     402
     353
     312
     420
     621
     957
    1728
    2921
    4223
    6223
    8448
   10621
   10304
    7357
    5257
    4934
    4854
    3764
    1983
    1062
     815
     827
     640
     405
     264
     230
     237
     214
     209
     223
     196
     211
     205
     206
     234
     230
     210
     222
     216
     190
     247
     202
     214
     226
     207
     229
     212
     226
     234
     235
     217
     189
     214
     212
     223
     197
     202
     220
     222
     229
     212
     219
     205
     217
     216
     216
     221
     213
     196
     200
     205
     218
     251
     199
     211
     235
     221
     238
     204
     221
     198
     189
     224
     199
     208
     229
     195
     215
     208
     188
     211
     214
     186
     200
     183
     193
     208
     223
     223
     199
     210
     223
     217
     229
     231
     216
     227
     251
     227
     245
     219
     232
     229
     241
     225
     205
     217
     232
     230
     235
     239
     246
     235
     247
     225
     214
     270
     197
     262
     232
     245
     241
     232
     228
     247
     253
     232
     267
     235
     267
     227
     238
     290
     228
     258
     251
     236
     251
     237
     282
     259
     247
     225
     279
     245
     256
     388
     469
     522
     480
     395
     355
     552
     677
     681
     510
     324
     242
     217
     233
     237
     246
     230
     244
     219
     210
     221
     219
     244
     224
     226
     241
     235
     203
     237
     262
     262
     345
     452
     415
     326
     250
     227
     264
     292
     310
     276
     253
     222
     202
     213
     231
     227
     207
     205
     230
     202
     233
     213
     233
     214
     216
     225
     235
     246
     206
     211
     209
     220
     204
     219
     246
     245
     236
     205
     243
     231
     213
     238
     212
     226
     220
     229
     226
     217
     244
     261
     277
     342
     323
     260
     243
     229
     195
     224
     234
     242
     254
     232
     221
     229
     230
     243
     237
     247
     243
     227
     244
     225
     247
     244
     244
     259
     235
     227
     256
     243
     229
     228
     230
     224
     234
     232
     243
     243
     247
     227
     250
     250
     266
     265
     205
     212
     247
     256
     232
     240
     246
     251
     212
     232
     237
     249
     255
     247
     238
     244
     234
     253
     240
     244
     245
     230
     237
     239
     236
     217
     246
     239
     254
     222
     255
     245
     240
     246
     231
     240
     234
     256
     250
     251
     225
     236
     245
     254
     217
     233
     237
     237
     250
     242
     232
     237
     245
     237
     240
     246
     226
     245
     243
     242
     242
     255
     245
     251
     239
     253
     225
     246
     262
     256
     213
     235
     269
     242
     263
     278
     234
     269
     275
     239
     250
     303
     294
     300
     311
     318
     324
     289
     336
     344
     360
     318
     356
     357
     346
     355
     299
     332
     324
     354
     341
     331
     341
     354
     342
     342
     332
     332
     350
     315
     334
     328
     349
     307
     335
     364
     339
     340
     343
     351
     318
     344
     336
     336
     322
     354
     357
     355
     357
     321
     354
     339
     350
     340
     325
     364
     331
     362
     325
     353
     356
     363
     345
     326
     374
     340
     340
     357
     338
     351
     363
     318
     351
     345
     335
     381
     353
     361
     354
     352
     335
     354
     345
     329
     328
     350
     340
     347
     336
     350
     368
     329
     359
     347
     340
     330
     380
     344
     358
     349
     365
     348
     364
     316
     326
     333
     326
     347
     332
     317
     328
     318
     350
     329
     313
     339
     374
     376
     356
     353
     374
     371
     298
     346
     323
     340
     352
     362
     321
     345
     363
     385
     342
     312
     350
     345
     317
     343
     361
     362
     357
     362
     356
     373
     298
     354
     303
     331
     345
     380
     345
     319
     342
     366
     325
     327
     354
     320
     325
     360
     317
     344
     360
     338
     337
     346
     338
     335
     389
     327
     356
     333
     333
     331
     356
     331
     342
     348
     329
     351
     324
     383
     340
     325
     337
     360
     333
     355
     338
     371
     359
     378
     354
     364
     328
     351
     349
     354
     336
     357
     319
     331
     321
     346
     353
     341
     355
     341
     301
     315
     280
     302
     265
     296
     293
     284
     276
     258
     279
     257
     261
     258
     262
     243
     233
     226
     226
     207
     252
     198
     231
     210
     227
     204
     207
     192
     218
     214
     209
     210
     196
     206
     191
     194
     218
     199
     217
     192
     204
     195
     183
     198
     200
     183
     219
     192
     176
     172
     192
     186
     171
     206
     220
     207
     173
     162
     168
     202
     184
     160
     183
     168
     193
     155
     176
     189
     187
     203
     169
     175
     171
     195
     162
     155
     163
     161
     159
     193
     191
     130
     166
     160
     150
     150
     146
     156
     155
     167
     158
     169
     151
     179
     152
     145
     172
     156
     161
     192
     145
     151
     144
     149
     149
     154
     175
     134
     138
     170
     145
     147
     149
     153
     139
     144
     138
     169
     160
     138
     143
     154
     148
     135
     145
     158
     147
     134
     160
     143
     157
     136
     141
     137
     155
     151
     165
     140
     117
     130
     123
     144
     128
     143
     157
     140
     127
     124
     148
     120
     123
     138
     149
     132
     144
     139
     118
     147
     124
     142
     144
     154
     119
     136
     120
     157
     143
     143
     131
     139
     121
     139
     132
     134
     129
     138
     151
     133
     146
     132
     145
     138
     125
     130
     133
     130
     129
     130
     130
     111
     113
     154
     148
     139
     124
     119
     107
     119
     125
     115
     120
     122
     137
     140
     129
     126
     119
     111
     134
     157
     137
     138
     124
     141
     121
     112
     102
     111
     116
     136
     115
     117
     127
     119
     122
     121
     117
     114
     124
     124
     136
     125
     122
     145
     122
     127
     127
     120
     128
     130
     102
      99
     121
     105
     130
     110
     129
     108
     134
     103
     123
     112
     124
     105
     128
     134
     116
     105
     125
     114
     122
     108
     124
     107
     103
     123
     114
     103
     105
     127
     107
     120
      98
     127
      94
      98
     107
      91
     103
      91
      80
      89
     102
      93
     103
      92
      82
      96
      95
     101
      87
      83
      93
      76
      96
     109
      89
      93
      79
      91
      83
      98
      90
     100
      82
      96
      83
      86
      95
      80
      89
      92
      75
     101
      83
      79
      75
      78
      83
      89
      74
     103
      80
      90
      86
      86
      81
      86
      85
      71
      92
      79
      86
      99
      87
      91
      72
      82
      96
      67
      79
      90
      66
      75
      75
      74
      76
      76
      71
      71
      75
      75
      73
      72
      76
      84
      74
      80
      78
      77
      85
      68
      68
      79
      73
      85
      70
      71
      81
      82
      63
      80
      70
      79
      66
      83
      76
      71
      57
      75
      72
      76
      68
      81
      76
      98
      91
     137
     302
     700
    1533
    3046
    5319
    8109
   10829
   12266
   11379
    9127
    5791
    3032
    1347
     484
     188
      82
      63
      64
      61
      61
      54
      55
      55
      51
      61
      61
      49
      50
      51
      51
      52
      61
      49
      48
      53
      68
      59
      59
      60
      54
      60
      66
      47
      53
      54
      57
      53
      57
      49
      46
      60
      42
      46
      45
      41
      46
      53
      44
      55
      59
      37
      44
      56
      52
      53
      54
      43
      57
      51
      50
      53
      43
      47
      55
      51
      41
      51
      46
      45
      57
      43
      46
      47
      38
      50
      56
      52
      45
      48
      51
      60
      40
      50
      35
      47
      44
      62
      52
      54
      53
      51
      48
      58
      54
      50
      37
      42
      45
      43
      55
      45
      45
      53
      36
      55
      43
      60
      64
      61
      41
      44
      37
      56
      65
      46
      49
      50
      44
      40
      52
      56
      39
      45
      53
      52
      43
      47
      39
      61
      52
      53
      40
      40
      46
      35
      47
      37
      55
      52
      40
      41
      43
      44
      35
      45
      43
      39
      40
      46
      50
      47
      50
      51
      62
      43
      45
      52
      45
      51
      45
      45
      50
      38
      35
      35
      35
      51
      50
      58
      42
      31
      47
      40
      54
      57
      52
      49
      46
      36
      48
      52
      59
      47
      54
      43
      40
      50
      44
      40
      49
      38
      43
      47
      41
      47
      43
      55
      38
      30
      54
      55
      67
      50
      61
      94
     159
     227
     342
     480
     675
     778
     769
     689
     564
     403
     235
     135
      65
      72
      40
      39
      49
      48
      57
      48
      47
      45
      52
      33
      57
      47
      53
      49
      47
      41
      46
      44
      48
      49
      42
      48
      48
      41
      55
      41
      39
      54
      50
      46
      47
      50
      44
      47
      57
      44
      51
      47
      52
      27
      58
      43
      48
      63
      33
      54
      47
      48
      51
      48
      41
      40
      43
      53
      35
      46
      57
      55
      38
      35
      50
      54
      47
      57
      52
      54
      61
      74
      88
     143
     156
     207
     244
     299
     318
     354
     457
     553
     638
     784
    1055
    1333
    1637
    1781
    1703
    1417
    1030
     664
     391
     210
     118
      74
      70
      67
      77
      98
     120
     157
     162
     182
     175
     169
     131
     112
      59
      49
      58
      60
      48
      54
      40
      49
      47
      58
      36
      45
      44
      54
      73
      90
      97
     115
     127
      99
     110
     108
      74
      74
      48
      50
      46
      49
      34
      41
      49
      38
      53
      40
      54
      49
      47
      45
      62
      48
      41
      30
      54
      36
      49
      43
      45
      43
      51
      37
      51
      39
      41
      46
      43
      59
      45
      41
      46
      62
      48
      48
      55
      34
      41
      43
      55
      54
      44
      41
      50
      60
      57
      68
      60
      88
     100
      81
      76
      56
      60
      65
      59
      46
      44
      44
      49
      56
      38
      44
      49
      44
      58
      46
      45
      50
      54
      50
      38
      33
      38
      42
      43
      52
      54
      32
      50
      52
      58
      44
      52
      76
      50
      40
      50
      57
      42
      53
      55
      45
      40
      42
      43
      57
      54
      55
      48
      52
      43
      50
      52
      58
      48
      52
      50
      52
      49
      54
      42
      44
      39
      48
      51
      47
      58
      58
      46
      49
      47
      57
      61
      51
      53
      43
      43
      53
      53
      54
      34
      47
      48
      49
      64
      45
      50
      47
      66
      58
      48
      50
      48
      61
      52
      56
      53
      55
      43
      64
      51
      39
      68
      47
      55
      49
      47
      61
      47
      63
      43
      50
      46
      53
      46
      54
      50
      54
      48
      49
      52
      42
      54
      48
      46
      49
      52
      50
      59
      58
      55
      45
      70
      66
      60
      57
      51
      54
      49
      58
      54
      65
      60
      52
      47
      65
      47
      50
      47
      60
      46
      52
      71
      64
      50
      68
      49
      63
      46
      64
      58
      54
      50
      68
      61
      61
      42
      69
      57
      48
      63
      51
      50
      61
      64
      41
      64
      50
      53
      46
      62
      60
      70
      41
      67
      54
      50
      59
      55
      53
      64
      60
      60
      57
      48
      56
      70
      48
      72
      56
      61
      59
      54
      63
      55
      45
      59
      64
      47
      57
      55
      63
      64
      60
      59
      51
      56
      66
      55
      56
      57
      81
      74
      70
      55
      50
      62
      52
      52
      73
      47
      48
      49
      69
      58
      79
      62
      71
      52
      78
      60
      71
      67
      66
      62
      57
      81
      60
      70
      73
      50
      65
      73
      61
      58
      82
      52
      65
      60
      50
      74
      63
      64
      64
      62
      71
      74
      71
      82
      59
      72
      70
      77
      67
      70
      62
      73
      68
      63
      77
      73
      69
      76
      69
      65
      72
      79
      67
      70
      87
      68
      64
      60
      71
      64
      62
      85
      75
      72
      80
      83
      75
      83
      83
      78
      70
      91
      62
      86
      79
      80
      69
      81
      73
      78
      74
      70
      75
      78
      77
      89
      76
      72
      63
      74
      79
      74
      75
      71
      82
      80
      68
      64
      70
      84
      67
      59
      79
      76
      80
      82
      92
      75
     100
      87
      83
      67
      89
      78
      97
      83
      78
      71
      80
      71
      79
      65
      92
      69
      63
      65
      67
      72
      71
      65
      59
      57
      61
      59
      67
      56
      57
      57
      70
      53
      60
      78
      59
      58
      54
      55
      56
      55
      49
      55
      57
      50
      50
      56
      50
      57
      48
      51
      56
      47
      54
      56
      41
      44
      46
      60
      72
      56
      56
      67
      55
      40
      51
      70
      57
      59
      51
      44
      43
      51
      53
      45
      59
      38
      38
      53
      38
      48
      43
      57
      39
      56
      36
      50
      40
      53
      50
      55
      45
      57
      57
      49
      51
      46
      49
      46
      61
      41
      45
      40
      41
      65
      61
      46
      45
      41
      51
      37
      28
      34
      40
      41
      38
      49
      46
      45
      40
      43
      48
      36
      51
      44
      31
      32
      45
      29
      38
      38
      29
      30
      34
      36
      40
      49
      43
      44
      42
      40
      36
      36
      41
      36
      22
      35
      57
      36
      35
      34
      35
      40
      46
      46
      23
      29
      43
      32
      36
      36
      39
      37
      33
      20
      21
      38
      23
      32
      33
      42
      27
      25
      36
      23
      33
      22
      39
      35
      31
      35
      38
      30
      26
      39
      29
      30
      31
      26
      27
      30
      33
      25
      35
      23
      30
      31
      30
      33
      24
      37
      31
      24
      26
      35
      26
      24
      20
      28
      33
      27
      21
      29
      31
      29
      31
      28
      27
      28
      25
      20
      26
      29
      33
      28
      36
      27
      25
      19
      20
      32
      19
      28
      24
      24
      25
      18
      18
      24
      21
      23
      26
      25
      16
      16
      28
      14
      26
      27
      29
      21
      20
      28
      18
      23
      17
      14
      30
      24
      20
      22
      27
      17
      18
      29
      32
      21
      17
      17
      12
      21
      23
      15
      24
      17
      28
      24
      28
      28
      18
      21
      17
      20
      13
      14
      11
      18
      16
      19
      14
      16
      16
      21
      19
      20
      21
      12
      15
      17
      15
      11
      17
      20
      24
      19
      20
      19
      21
      34
      36
      34
      52
      41
      36
      36
      37
      22
      34
      29
      30
      27
      24
      19
      20
      10
      18
      18
      15
      11
      19
      18
      11
      15
      23
      18
      11
      10
      18
      19
      18
      17
      12
      13
      20
      26
      14
      18
      19
      17
      15
      14
      22
      13
      22
      14
      18
      10
      21
      14
      21
      13
      21
      15
      14
      26
      21
      27
      19
      15
      21
      17
      15
      19
      13
      21
      18
      19
      15
      14
      16
      12
      18
      21
      15
      14
      15
      19
      14
      10
      16
      13
      15
      19
      17
      16
      13
      16
      14
      24
      19
      16
      22
       8
      15
      17
      13
      16
      10
      17
      12
      17
      20
      18
      13
      16
      22
      12
      12
      16
      11
      13
      15
      13
      12
       9
      16
      15
      15
      12
      14
      15
      15
      15
      16
      15
      16
      11
      13
      18
      23
      15
      12
      25
      14
      17
      18
      17
      12
      14
      18
      21
      17
      13
       9
      13
      21
      17
      14
      13
      21
      13
      12
      18
      18
      11
       8
      12
      17
      14
      14
      14
      16
      19
      10
      16
      22
      11
      28
      19
      16
      15
      23
      22
      32
      24
      31
      22
      20
      34
      17
      13
      17
      30
      14
      12
      13
      20
      15
      18
      21
      11
      19
      23
      17
      25
      18
      19
      17
      21
      17
      29
      33
      51
      59
     104
     150
     191
     254
     378
     523
     715
     822
    1138
    1443
    1705
    1814
    1903
    1949
    1785
    1534
    1135
     789
     437
     302
     179
     120
      78
      37
      21
      16
      15
      21
      13
       9
      18
       6
      17
      18
      19
      16
      10
      15
      17
      23
      14
      24
      18
      21
      28
      33
      32
      20
      26
      30
      28
      28
      37
      17
      30
      15
      12
      19
      17
      15
      16
       9
      16
      16
      10
      12
       5
      12
      15
      13
      21
      15
      16
      18
      11
      13
      18
      17
      20
      12
      17
      15
      12
      16
       8
      17
      11
      14
      19
      11
      16
      23
      31
      36
      51
      67
      84
     126
     138
     195
     271
     298
     314
     361
     340
     349
     318
     271
     213
     145
      82
      64
      55
      44
      24
      12
      10
      13
      13
       7
      10
      10
      11
       7
      16
      13
      13
       9
      11
       8
      11
       9
       9
      18
       8
      13
      16
      11
      12
      12
      18
      15
      11
      19
      20
      15
      14
      15
      17
      10
      12
       8
      13
      12
      13
      17
      11
       8
       9
      12
       9
      14
      13
      11
      11
      15
      10
      13
       8
       7
       6
      10
      14
      16
      13
      11
       5
      11
      18
      16
      13
      13
       9
      11
      14
      12
       7
      12
      16
      20
      14
      13
      11
      16
      21
      16
      17
      14
      11
      16
      11
      10
       7
      13
      14
      12
      17
      15
      16
      10
      12
      16
      18
      13
      20
      13
       9
      13
      10
      14
      10
      17
      11
       8
      18
      12
      13
      14
      17
      14
      23
      19
       9
      14
      12
      10
      16
      11
      12
      17
      12
      11
      20
       7
      15
      14
      12
      13
       9
      11
      17
      13
      14
      15
      13
      14
      15
      25
      11
      12
      14
      11
       8
      14
      13
      19
      11
       8
       9
      15
      12
      12
      13
       9
      13
      12
      16
      12
      13
      11
      11
      12
      13
      14
      11
       9
      11
      13
      14
      10
      12
      11
      11
      21
      17
      19
      13
       8
      18
      12
      14
       7
       9
      11
      11
      12
      21
      15
       9
      15
      11
      11
      12
      10
       9
       9
      18
      19
       9
      11
      15
      15
      19
      22
      16
      17
      12
      10
      13
      12
      10
      15
      15
      18
      12
      12
      12
       8
      10
      13
      20
      13
      16
      11
      18
      12
      12
      14
       4
      17
      15
      11
      16
      10
      11
      14
      12
      10
      10
      10
      15
       8
      13
      13
      17
      17
      15
      11
      11
      10
      10
      13
      14
      16
      11
      13
      14
      15
      10
      16
       9
      11
      14
       7
       7
      20
      12
      16
      12
      11
       6
      11
      13
      15
      14
      11
       9
      24
      20
      22
       7
      11
      11
       4
      11
       8
      12
      12
      18
      10
      14
      12
      18
      22
      11
      14
       9
       8
       4
      12
      18
      13
      22
      14
      16
      11
      13
      13
       8
       9
      14
      13
      12
      20
      13
      13
      14
      13
      13
      11
      16
      12
       6
      14
      12
      12
      15
      11
      14
      16
      11
      14
      16
      17
      16
       9
      13
      20
      16
      22
      18
      11
      13
      12
       9
      13
      13
      11
      16
      14
      10
      16
       8
       7
       7
      13
      14
      14
      13
      15
      11
       9
      13
      12
      15
      12
      10
      12
       7
      14
       6
      16
      14
       4
       5
      13
      15
      12
      11
      13
      13
      13
      15
       9
      15
       8
      14
       9
       7
       5
      13
      13
       6
       9
      13
      16
      18
      17
      15
      13
      12
       8
      16
      12
      14
      15
      15
      14
      12
      13
      13
      14
      13
      17
      17
      13
      10
      17
      10
      14
       7
       9
      16
       8
      13
      15
       9
      15
      11
      14
      10
      16
       9
      13
      17
       4
      10
       9
      14
      12
       8
      14
      13
      13
      11
      16
      15
      17
       9
       6
      14
      22
      12
      12
      17
      12
       7
       6
       8
      18
      16
       9
      12
      15
      14
      11
      13
      15
      12
      13
      16
      12
      10
      19
      11
      13
       7
       7
      11
       9
       6
      14
      18
      13
       8
      12
      16
      12
      13
      14
      12
      10
      15
      10
      12
      16
       9
      18
      12
      17
       9
      11
      11
      15
      16
      16
       9
      16
      16
       9
      17
      14
      12
      15
      21
      15
      13
      14
      15
      12
      16
      13
      12
      14
      14
       9
      13
      10
      10
      19
      12
      13
      15
      19
      18
      12
      10
      17
       9
      13
      15
      18
      19
      15
      19
      14
      13
      13
      16
      11
       7
      14
       9
      11
      13
      14
      11
      17
      14
       8
       9
      14
      12
      13
      14
      16
      16
      12
      13
      15
      13
      17
       7
      13
      10
      11
      10
      14
      15
       8
       9
      15
      14
      10
      11
      14
      14
      19
      21
      10
       9
      21
      15
      14
      18
      12
      11
      16
      20
      12
       8
      11
      12
      17
      15
      22
      20
      13
       8
      12
      10
      10
      24
      13
      15
      11
      13
      16
       9
      10
      11
      13
      14
      11
      14
      13
      13
      13
      11
      17
      17
      16
      16
      16
      12
      14
      17
      11
      16
      14
      10
      10
      11
      17
      19
      19
      14
      12
      13
      18
      12
       9
      17
      15
      17
      27
      33
      27
      25
      24
      37
      23
      35
      23
      32
      26
      32
      36
      39
      30
      21
      26
      19
      10
      16
      18
       9
      18
      14
      15
       6
      14
      13
       9
      15
      12
      19
      11
      18
      20
      19
      10
      10
      13
      13
      11
      18
      20
      13
      14
      16
      13
       9
      11
      12
       6
      11
      16
      11
      22
      18
       7
      15
      13
      12
      13
      20
      20
      12
       8
      15
      17
      18
      18
      14
      15
      10
      17
       5
      10
      13
      13
       9
      14
       9
      16
       9
      14
      12
      16
      19
      20
      15
      16
      13
      11
      10
      12
      18
      12
      11
      15
      16
      17
      21
       6
      11
      16
      14
      12
      11
      16
      15
      14
      18
       9
       8
      14
      23
       9
      11
      13
      21
      17
      12
      16
      15
      14
      11
      11
      14
      17
      13
      15
      12
       7
      15
      13
       8
      20
      20
      22
      11
      11
      11
      13
      14
      18
      12
      14
      11
      11
      16
      10
       9
      10
      13
      16
      13
      13
      17
      11
      17
      13
      17
      11
      12
      16
      15
      24
      11
      10
      13
      14
      17
      13
      13
      11
      17
      20
      25
      18
      27
      27
      25
      34
      23
      35
      38
      40
      36
      35
      49
      37
      32
      37
      26
      16
      12
      22
      17
      13
      15
      11
      17
      17
      16
      22
       9
      17
      17
      10
       9
      17
      14
      17
       9
      15
      12
      17
      16
      13
       9
      11
      12
      11
      18
      15
      15
      15
      17
      10
       9
      10
      11
      17
      19
      14
      13
      12
      16
      18
      20
      17
      15
      17
      17
       9
      10
      14
      25
      20
      15
      11
      18
      15
      18
       7
      11
      16
      19
      12
      14
      11
      16
      18
      15
      16
      22
      17
      15
      22
      15
      12
      13
      19
      13
      17
      15
      16
      18
       9
      14
      19
       6
      16
      17
       7
       9
      15
      13
      17
      11
      14
      14
      19
      22
      12
      26
      14
      27
      19
      12
      22
      15
      27
      27
      22
      17
      29
      28
      32
      46
      32
      39
      39
      39
      44
      32
      43
      38
      28
      42
      29
      31
      17
      22
      21
      22
      17
      13
      16
      23
      18
      11
      19
      22
      16
      13
      20
      17
      18
      11
      14
      15
      20
      13
      19
      13
      20
      19
      16
       9
      12
      14
      15
      16
      10
      14
      22
      17
      21
      11
      12
      13
      17
      13
      15
      13
      16
      14
      17
      12
      16
      10
      15
       6
      15
      23
      16
       9
      17
      23
      16
      12
      16
      26
      20
      16
      22
      20
      19
      15
      11
      19
      18
      20
      15
      14
      17
      11
      19
      18
      13
      11
      18
      16
      19
      19
      16
      20
      15
      19
      21
      18
      15
      18
      25
      18
      17
      14
      20
      20
      21
      23
      23
      19
      18
      18
      13
      18
      23
      13
      17
      19
      12
      21
      18
      18
      13
      16
      18
      13
      17
      17
      18
      24
      16
      20
      22
      16
      11
      17
      16
      17
      13
      16
      19
      21
      25
      13
      17
      21
      21
      19
      16
      14
      17
       8
      20
      14
      30
      18
      20
      18
      17
      15
      16
      17
      24
      13
      25
      19
      24
      23
      20
      24
      20
      16
      17
      14
      19
      14
      18
      14
      13
       8
      16
      15
       9
      18
      13
      23
      21
      20
      24
      16
      22
      24
      16
      17
      15
      17
      11
      15
      13
      17
      10
      16
      25
      17
      20
      25
      24
      20
       9
      16
       9
      10
      15
      18
      25
      16
      12
      19
      16
      17
      17
      18
      25
      15
      21
      19
      18
      16
      23
      26
      19
      15
      16
      14
      17
      18
      17
      23
      16
      20
       9
      26
      18
      24
      11
      16
      19
      17
      17
      22
      32
      17
      17
      23
      19
      11
      12
      26
      19
      24
      20
      23
      25
      23
      17
      16
      16
      21
      10
      15
      17
      22
      19
      23
      17
      22
      15
      23
      19
      22
      24
      18
      14
      21
      17
      15
       9
      14
      28
      27
      21
      19
      20
      17
      20
      22
      23
       8
      21
      16
      20
      16
      30
      13
      13
      18
      20
      17
      25
      18
       8
      11
      20
      21
      22
      16
      24
      16
      19
      25
      18
      22
      13
      24
      18
       9
      26
      13
      17
      20
      18
      30
      16
      17
      14
      25
      14
      19
      26
      18
      24
      21
      24
      21
      23
      21
      18
      23
      23
      23
      13
      19
      14
      24
      19
      24
      18
      25
      24
      16
      13
      23
      16
      17
      13
      22
      17
      25
      19
      20
      23
      16
      27
      21
      23
      23
      20
      21
      11
      17
      13
      17
      30
      29
      21
      16
      19
      24
      22
      20
      20
      13
      29
      28
      24
      24
      25
      21
      22
      19
      31
      18
      21
      24
      18
      17
      37
      28
      27
      17
      29
      19
      21
      22
      21
      23
      21
      24
      22
      25
      26
      17
      31
      22
      19
      24
      28
      23
      20
      16
      26
      16
      17
      31
      22
      24
      18
      23
      21
      30
      17
      30
      24
      23
      21
      20
      17
      15
      21
      27
      29
      17
      23
      20
      17
      27
      23
      22
      30
      21
      23
      27
      30
      21
      27
      30
      24
      21
      17
      35
      23
      21
      20
      31
      25
      16
      19
      27
      31
      20
      30
      16
      15
      28
      18
      21
      30
      31
      33
      30
      28
      31
      25
      22
      35
      18
      23
      21
      14
      28
      21
      20
      32
      25
      21
      25
      26
      27
      27
      29
      25
      24
      28
      24
      27
      19
      22
      28
      22
      35
      24
      22
      25
      19
      31
      23
      40
      18
      18
      17
      31
      25
      31
      18
      22
      27
      24
      30
      21
      25
      23
      32
      23
      31
      18
      25
      21
      29
      41
      15
      21
      30
      22
      36
      36
      25
      24
      15
      30
      24
      25
      26
      27
      26
      31
      26
      31
      33
      34
      39
      31
      23
      22
      30
      30
      40
      33
      26
      34
      28
      36
      34
      29
      24
      33
      35
      31
      31
      33
      28
      23
      23
      34
      29
      29
      27
      29
      34
      34
      32
      30
      28
      31
      27
      30
      30
      32
      35
      32
      27
      39
      27
      24
      26
      25
      29
      27
      32
      22
      32
      35
      35
      25
      33
      33
      27
      24
      36
      28
      19
      29
      36
      28
      22
      31
      28
      36
      27
      29
      27
      40
      23
      36
      27
      35
      26
      30
      29
      30
      30
      40
      28
      30
      34
      34
      21
      32
      38
      28
      33
      29
      28
      30
      42
      29
      40
      34
      25
      27
      34
      34
      45
      35
      39
      37
      33
      32
      21
      31
      43
      35
      31
      28
      39
      27
      34
      27
      40
      40
      32
      32
      34
      33
      33
      48
      29
      35
      33
      27
      39
      31
      29
      41
      30
      28
      39
      43
      33
      26
      28
      33
      24
      19
      30
      20
      31
      28
      35
      29
      30
      32
      28
      30
      29
      19
      32
      27
      23
      25
      16
      21
      26
      21
      20
      32
      24
      25
      17
      19
      19
      25
      21
      17
      21
      20
      21
      20
      28
      22
      18
      21
      18
      26
      21
      22
      25
      25
      13
      21
      19
      20
      16
      19
      21
      10
      16
      25
      21
      11
      17
      18
      23
      18
      17
      26
      16
      13
      22
      17
      20
      12
      13
      15
      14
      14
      16
      21
      17
      20
      21
      26
      24
      11
      22
      14
      22
      24
      21
      17
      18
      22
      18
      25
      15
      16
      17
      21
      17
      16
      23
      17
      11
      21
      15
      15
      11
      18
      18
      18
      18
      14
      16
      14
      21
      20
      18
      21
      10
      21
      12
      13
      14
      17
      18
      10
      12
      26
       9
      18
      18
      15
      12
      11
      12
      19
      14
      17
      21
      16
      19
      13
      17
      12
      17
      11
      10
      16
      15
      10
      13
      14
      24
      15
      17
      10
      13
      12
       7
      22
      17
      10
      19
      21
      15
      15
      13
      24
      17
      14
      18
      20
      14
      20
      13
      14
      15
      14
      11
      17
      16
      14
      15
      19
      21
      12
      18
      20
      10
      18
       9
      10
      10
       8
      11
       6
      11
      11
      16
      10
      11
      10
      10
      10
      11
      12
      15
       7
      10
      14
       8
      13
      21
      15
      10
       9
      11
       8
      12
       9
       5
      15
       9
      12
       9
      10
       8
      12
       6
      11
       7
      10
       5
       8
       7
      12
      12
       6
       7
       6
      15
       9
       7
       7
      12
      10
      11
      10
       6
      11
       6
       5
       6
       6
       5
       6
      16
       8
      11
       5
       7
       8
       9
       8
       6
       7
       8
      10
      12
      11
       4
       4
      10
       4
       4
       9
      15
       9
       9
       5
      10
       8
      10
       7
       9
       7
       6
       5
       6
      11
       4
       8
       7
       5
       9
       3
       4
       4
       3
       4
       5
       4
       7
      11
       3
       3
       7
      12
      12
       4
       8
       7
       6
      11
       6
       2
       4
       6
       6
       5
       4
       2
       1
       2
       2
       2
       1
       2
       2
       9
       7
       7
       3
       2
       7
       4
       5
       5
       2
       2
       8
       2
       3
       3
      10
       5
       3
       3
       0
       9
       7
       3
       5
       4
       3
       0
       1
       1
       3
       3
       6
       2
       3
       3
       9
       4
       1
       2
       3
       2
       1
       2
       3
       4
       3
       5
       4
       0
       4
       2
       3
       3
       2
       4
       6
       3
       4
       2
       2
       2
       3
       5
       4
       3
       3
      10
       2
       5
       4
       0
       4
       2
       4
       1
       4
       4
       1
       5
       0
       4
       2
       2
       1
       5
       3
       2
       2
       1
       0
       5
       4
       3
       3
       6
       5
       1
       1
       5
       2
       5
       4
       3
       0
       2
       6
       5
       1
       3
       4
       3
       4
       4
       1
       1
       2
       2
       0
       2
       2
       4
       1
       7
       1
       2
       0
       5
       6
       6
       4
       2
       1
       3
       4
       2
       7
       5
       4
       3
       3
       3
       2
       6
       1
       1
       4
       1
       4
       0
       1
       2
       1
       3
       5
       5
       7
       1
       2
       3
       1
       4
       5
       4
       5
       0
       2
       4
       5
       3
       6
       4
       4
       1
       2
       1
       2
       1
       2
       1
       1
       4
       3
       2
       1
       3
       4
       1
       2
       2
       3
       0
       3
       1
       1
       3
       5
       6
       2
       1
       2
       1
       3
       2
       1
       2
       3
       2
       4
       4
       4
       3
       2
       7
       1
       9
       6
       2
       7
       4
       7
       7
      12
      12
      19
      14
      34
      29
      48
      68
      60
      65
      85
      72
     103
     105
     117
     141
     209
     242
     280
     359
     389
     431
     455
     478
     559
     485
     572
     582
     621
     593
     687
     612
     614
     556
     444
     367
     239
     168
     119
      88
      79
      60
      44
      43
      50
      20
      23
      21
       8
       6
       7
       3
       6
       4
       4
       1
       4
       7
       9
       3
      10
       7
       3
       7
       7
       8
       2
       7
       4
       6
      10
       4
       3
       2
       1
       2
       3
       2
       1
       0
       1
       0
       2
       1
       1
       1
       0
       1
       1
       0
       1
       0
       1
       0
       0
       1
       1
       0
       1
       2
       0
       0
       0
       0
       0
       1
       1
       3
       1
       1
       0
       1
       2
       2
       2
       2
       1
       1
       2
       0
       1
       3
       0
       1
       1
       1
       0
       0
       0
       0
       1
       0
       1
       0
       1
       2
       4
       0
       1
       0
       0
       0
       0
       0
       3
       0
       1
       1
       0
       2
       0
       0
       0
       0
       2
       2
       2
       0
       1
       1
       0
       1
       1
       1
       2
       1
       1
       1
       0
       1
       0
       1
       0
       3
       2
       1
       0
       3
       2
       0
       2
       2
       2
       0
       1
       0
       3
       2
       0
       0
       1
       0
       0
       1
       1
       0
       1
       2
       2
       0
       2
       1
       0
       0
       1
       0
       3
       2
       1
       0
       1
       1
       4
       2
       0
       1
       1
       1
       0
       1
       1
       0
       2
       1
       5
       2
       1
       0
       1
       2
       3
       1
       0
       3
       1
       1
       0
       2
       1
       0
       1
       0
       0
       0
       1
       1
       2
       1
       0
       2
       0
       1
       0
       1
       1
       1
       1
       0
       0
       1
       1
       0
       1
       1
       0
       0
       1
       2
       0
       0
       3
       0
       1
       3
       0
       3
       0
       0
       0
       1
       1
       1
       1
       1
       0
       1
       1
       1
       1
       2
       1
       2
       2
       1
       2
       1
       1
       1
       0
       0
       1
       1
       0
       2
       0
       0
       0
       0
       0
       0
       0
       0
       1
       2
       0
       2
       0
       0
       2
       1
       1
       1
       1
       0
       0
       0
       1
       1
       2
       2
       0
       1
       0
       1
       0
       0
       1
       0
       1
       0
       1
       0
       0
       1
       0
       1
       0
       1
       2
       2
       1
       1
       1
       2
       2
       0
       2
       0
       2
       1
       1
       0
       0
       0
       1
       1
       3
       2
       0
       1
       2
       0
       0
       0
       0
       1
       1
       0
       0
       1
       0
       0
       1
       2
       1
       1
       1
       2
       1
       2
       3
       0
       1
       1
       1
       4
       0
       0
       2
       0
       1
       2
       1
       0
       1
       1
       2
       1
       0
       0
       0
       1
       1
       0
       1
       0
       1
       4
       0
       0
       1
       1
       2
       0
       0
       0
       0
       1
       0
       1
       3
       0
       0
       0
       1
       1
       1
       0
       1
       0
       1
       1
       0
       1
       1
       0
       0
       0
       0
       1
       3
       0
       0
       0
       0
       0
       2
       1
       0
       0
       1
       1
       1
       5
       0
       1
       0
       1
       0
       0
       0
       0
       0
       1
       1
       1
       0
       0
       1
       0
       0
       1
       1
       1
       0
       1
       0
       2
       0
       1
       0
       0
       0
       0
       1
       3
       0
       1
       1
       0
       0
       0
       0
       1
       0
       0
       0
       1
       0
       1
       1
       0
       2
       0
       1
       0
       0
       1
       0
       0
       0
       0
       0
       1
       3
       0
       1
       2
       1
       0
       0
       1
       1
       1
       0
       1
       2
       0
       1
       1
       1
       0
       0
       2
       3
       3
       0
       1
       1
       1
       0
       1
       0
       2
       1
       1
       1
       0
       0
       2
       3
       0
       1
       0
       0
       1
       1
       1
       2
       0
       1
       1
       1
       0
       2
       0
       1
       0
       2
       1
       2
       3
       1
       1
       1
       1
       3
       2
       0
       1
       1
       1
       1
       0
       1
       0
       1
       0
       1
       0
       0
       2
       0
       0
       0
       1
       2
       2
       0
       0
       0
       2
       0
       1
       1
       1
       0
       1
       1
       0
       0
       1
       2
       0
       3
       0
       1
       1
       1
       2
       0
       0
       0
       2
       1
       0
       0
       0
       1
       1
       0
       1
       0
       2
       0
       0
       1
       1
       1
       0
       0
       0
       0
       0
       1
       0
       0
       0
       2
       3
       1
       0
       2
       0
       2
       0
       0
       0
       0
       1
       1
       0
       0
       1
       1
       0
       1
       1
       0
       2
       0
       0
       0
       0
       0
       0
       0
       0
       1
       0
       2
       0
       0
       1
       0
       2
       1
       1
       2
       1
       1
       0
       0
       0
       1
       0
       0
       0
       0
       1
       1
       1
       0
       1
       1
       0
       0
       0
       0
       0
       0
       2
       1
       0
       2
       0
       3
       2
       1
       0
       0
       0
       1
       0
       0
       1
       0
       0
       0
       1
       2
       1
       0
       2
       0
       0
       1
       0
       3
       1
       1
       2
       0
       0
       1
       0
       1
       1
       0
       1
       0
       0
       2
       0
       0
       1
       0
       0
       1
       0
       0
       0
       0
       2
       0
       1
       0
       3
       0
       0
       1
       0
       2
       2
       0
       1
       2
       1
       0
       1
       3
       2
       2
       2
       1
       0
       0
       1
       0
       1
       1
       0
       1
       2
       0
       0
       3
       1
       1
       1
       0
       0
       1
       0
       1
       1
       0
       1
       0
       1
       2
       2
       0
       0
       0
       2
       3
       0
       1
       0
       0
       0
       0
       0
       1
       0
       0
       0
       2
       0
       1
       0
       1
       2
       1
       1
       0
       0
       0
       2
       0
       0
       2
       0
       0
       0
       0
       2
       0
       0
       2
       1
       0
       2
       0
       0
       0
       0
       0
       2
       1
       0
       1
       0
       2
       0
       0
       0
       1
       0
       1
       1
       1
       1
       1
       1
       0
       0
       0
       0
       1
       1
       1
       1
       0
       2
       0
       0
       3
       0
       1
       2
       1
       0
       0
       1
       0
       0
       1
       0
       0
       2
       0
       1
       1
       1
       0
       1
       1
       2
       0
       1
       0
       0
       2
       0
       1
       0
       0
       1
       1
       1
       0
       1
       0
       3
       0
       1
       2
       2
       0
       0
       0
       1
       0
       1
       0
       1
       1
       0
       0
       1
       0
       0
       0
       4
       2
       3
       2
       0
       1
       0
       0
       3
       2
       2
       2
       0
       0
       1
       0
       1
       0
       1
       0
       0
       1
       2
       0
       2
       0
       1
       0
       1
       1
       1
       0
       1
       0
       1
       3
       0
       0
       0
       0
       2
       0
       2
       0
       1
       1
       1
       0
       0
       1
       0
       0
       3
       0
       1
       1
       1
       0
       2
       0
       0
       2
       2
       0
       1
       1
       0
       1
       1
       0
       1
       0
       1
       1
       0
       1
       0
       1
       1
       1
       1
       0
       1
       0
       0
       1
       0
       0
       0
       0
       0
       1
       0
       0
       0
       3
       0
       0
       1
       0
       0
       1
       1
       2
       0
       0
       0
       0
       0
       1
       1
       0
       1
       1
       0
       0
       0
       0
       2
       0
       1
       0
       2
       0
       0
       1
       2
       0
       1
       0
       4
       0
       0
       1
       0
       0
       0
       0
       0
       1
       0
       1
       0
       1
       0
       1
       0
       1
       0
       2
       0
       2
       1
       0
       0
       1
       0
       1
       1
       1
       0
       1
       1
       1
       1
       0
       0
       0
       1
       1
       1
       1
       1
       0
       0
       0
       0
       0
       0
       0
       0
       0
       0
       1
       0
       2
       0
       1
       0
       2
       0
       1
       3
       0
       0
       2
       0
       1
       1
       1
       0
       0
       0
       1
       1
       0
       0
       0
       0
       1
       2
       0
       3
       0
       2
       0
       0
       1
       1
       2
       0
       1
       0
       3
       0
       0
       0
       0
       1
       0
       0
       0
       1
       0
       0
       1
       0
       0
       1
       0
       2
       1
       1
       2
       0
       2
       0
       0
       0
       1
       2
       0
       2
       0
       1
       0
       2
       2
       0
       1
       1
       0
       2
       0
       0
       0
       1
       0
       0
       0
       1
       1
       2
       1
       2
       0
       1
       2
       1
       1
       0
       0
       0
       1
       1
       0
       0
       0
       0
       1
       0
       0
       2
       0
       0
       1
       0
       1
       1
       1
       1
       0
       0
       0
       0
       2
       0
       0
       0
       0
       0
       0
       1
       1
       1
       1
       1
       0
       0
       0
       1
       1
       0
       1
       0
       1
       2
       1
       0
       0
       0
       0
       0
       1
       0
       3
       0
       0
       0
       3
       0
       0
       0
       0
       1
       2
       1
       0
       0
       1
       0
       1
       0
       0
       0
       0
       1
       3
       0
       0
       1
       0
       1
       1
       2
       0
       0
       3
       2
       0
       0
       0
       1
       0
       1
       1
       1
       2
       1
       0
       1
       1
       0
       1
       0
       0
       1
       0
       0
       0
       1
       0
       0
       0
       0
       1
       0
       1
       0
       0
       0
       0
       2
       1
       1
       0
       0
       1
       1
       0
       0
       0
       0
       0
       2
       0
       1
       3
       1
       0
       0
       1
       0
       1
       1
       0
       0
       0
       0
       0
       1
       0
       1
       1
       1
       0
       0
       3
       1
       1
       2
       1
       0
       1
       0
       0
       0
       0
       1
       1
       0
       0
       1
       0
       1
       0
       1
       0
       1
       3
       0
       1
       0
       1
       0
       0
       1
       1
       0
       0
       1
       1
       0
       0
       1
       0
       0
       2
       1
       0
       1
       0
       0
       0
       1
       0
       0
       0
       0
       0
       1
       2
       0
       0
       1
       0
       1
       0
       0
       2
       2
       2
       0
       0
       1
       0
       2
       0
       1
       0
       0
       0
       0
       0
       0
       0
       1
       1
       1
       0
       0
       0
       0
       1
       1
       1
       0
       2
       0
       2
       2
       1
       0
       1
       1
       3
       0
       1
       0
       0
       3
       0
       1
       1
       0
       0
       1
       0
       0
       0
       1
       1
       0
       0
       1
       0
       0
       1
       1
       1
       2
       0
       0
       1
       1
       0
       0
       0
       0
       1
       0
       1
       1
       1
       0
       0
       0
       0
       0
       0
       3
       0
       1
       0
       1
       1
       0
       1
       0
       1
       0
       1
       1
       2
       1
       0
       0
       1
       2
       0
       1
       0
       2
       0
       1
       1
       0
       1
       0
       0
       2
       1
       1
       2
       1
       1
       0
       0
       1
       0
       0
       0
       1
       0
       0
       1
       0
       1
       1
       0
       0
       0
       3
       0
       1
       3
       1
       1
       0
       0
       1
       0
       0
       2
       0
       0
       1
       0
       1
       1
       1
       0
       0
       1
       3
       1
       0
       0
       0
       0
       0
       1
       1
       2
       1
       0
       1
       0
       4
       0
       0
       0
       0
       0
       0
       2
       2
       0
       2
       1
       0
       1
       0
       0
       1
       1
       0
       0
       0
       1
       1
       0
       2
       2
       1
       0
       0
       0
       0
       0
       0
       0
       2
       2
       0
       1
       0
       1
       1
       1
       0
       0
       2
       0
       1
       0
       0
       4
       0
       1
       0
       0
       2
       0
       1
       2
       0
       2
       1
       1
       1
       0
       0
       0
       1
       0
       1
       0
       0
       0
       1
       0
       0
       1
       0
       1
       1
       0
       1
       1
       0
       1
       0
       0
       0
       1
       0
       0
       0
       0
       1
       0
       2
       0
       2
       1
       2
       0
       0
       0
       0
       1
       0
       0
       0
       0
       1
       0
       0
       1
       0
       0
       0
       0
       0
       0
       1
       0
       0
       0
       0
       0
       0
       1
       0
       1
       1
       1
       2
       0
       0
       1
       0
       0
       0
       0
       2
       0
       2
       1
       2
       0
       2
       0
       1
       0
       0
       0
       1
       0
       0
       0
       2
       2
       1
       0
       0
       0
       0
       0
       0
       0
       0
       0
       0
       2
       0
       0
       0
       1
       0
       0
       0
       0
       0
       0
       1
       0
       0
       0
       1
       0
       1
       2
       0
       0
       1
       0
       1
       0
       0
       2
       2
       0
       0
       0
       0
       1
       0
       0
       0
       0
       3
       0
       0
       0
       1
       1
       0
       0
       0
       1
       0
       0
       0
       0
       0
       0
       0
       0
       0
       0
       0
       0
       1
       1
       0
       0
       0
       0
       0
       1
       0
       0
       0
       1
       0
       2
       1
       1
       1
       0
       0
       0
       0
       0
       0
       0
       1
       0
       2
       1
       0
       1
       0
       1
       1
       0
       0
       0
       1
       0
       1
       0
       0
       1
       0
       0
       0
       0
       0
       0
       1
       0
       0
       0
       2
       0
       0
       0
       0
       0
       0
       0
       0
       0
       0
       0
       0
       1
       0
       0
       0
       1
       0
       0
       2
       0
       0
       0
       0
       0
       0
       1
       0
       0
       1
       0
       0
       1
       0
       1
       1
       0
       0
       0
       0
       0
       0
       0
       0
       1
       0
       0
       0
       0
       0
       2
       0
       0
       0
       0
       0
       0
       0
       1
       1
       1
       0
       1
       0
       0
       0
       0
       0
       0
       1
       0
       0
       0
       0
       0
       0
       1
       0
       1
       0
       0
       0
       0
       0
       0
       0
       0
       0
       1
       0
       0
       0
       0
       0
       0
       0
       0
       0
       1
       0
       0
       0
       0
       0
       0
       0
       0
       0
       0
       0
       1
       0
       0
       0
       1
       0
       0
       0
       1
       0
       0
       0
       0
       0
       0
       0
       0
       0
       0
       0
       0
       1
       0
       0
       0
       0
       0
       0
       0
       1
       0
       1
       0
       0
       0
       0
       0
       0
       0
       0
       0
       0
       0
       1
       0
       0
       0
       0
       0
       0
       0
       0
       0
       0
       0
       0
       0
       0
       0
       0
       0
       0
       0
       1
       0
       0
       0
       0
       1
       0
       1
       0
       0
       1
       0
       0
       0
       0
       0
       0
       0
       0
       0
       0
       0
       0
       0
       0
       0
       0
       0
       0
       0
       0
       0
       0
       0
       0
       0
       0
       0
       0
       0
       0
       0
       1
       0
       0
       0
       1
       1
       0
       0
       0
       0
       0
       1
       0
       0
       0
       0
       0
       0
       0
       1
       1
       1
       0
       0
       0
       0
       0
       0
       0
       0
       0
       0
       0
       0
       0
       1
       0
       0
       0
       0
       0
       0
       0
       0
       0
       0
       0
       0
       0
       0
       0
       0
       0
       0
       0
       0
       0
       0
       0
       0
       0
       0
       0
       0
       0
       0
       0
       0
       0
       0
       0
       0
       0
       0
       0
       2
       0
       0
       0
       0
       0
       0
       0
       0
       0
       0
       0
       0
       0
       1
       0
       0
       0
       0
       0
       0
       0
       0
       0
       0
       0
       0
       0
       1
       0
       0
       0
       0
       0
       0
       0
       0
       0
       0
       0
       0
       0
       0
       0
       0
       0
       0
       0
       1
       0
       0
       0
       0
       0
       0
       0
       0
       0
       1
       0
       1
       0
       1
       0
       0
       0
       0
       1
       0
       0
       0
       2
       0
       1
       1
       1
       2
       1
       1
       1
       1
       1
       3
       3
       3
       7
       6
       2
       2
       4
       5
       4
       9
       5
       4
       9
       3
       3
       4
       2
       5
       6
       3
       8
       6
       4
       2
       1
       0
       3
       0
       0
       0
       0
       1
       0
       0
       0
       0
       0
       1
       1
       0
       0
       0
       0
       0
       0
       0
       1
       0
       0
       0
       0
       0
       0
       0
       0
       0
       0
       0
       0
       0
       0
       0
       0
       0
       0
       0
       0
       0
       0
       1
       0
       0
       0
       0
       0
       0
       0
       0
       0
       0
       0
       0
       0
       0
       0
       0
       0
       0
       0
       0
       0
       0
       0
       0
       0
       0
       0
       0
       0
       0
       0
       0
       0
       0
       0
       0
       0
       0
       0
       0
       0
       0
       0
       0
       0
       0
       0
       0
       0
       0
       0
       0
       0
       0
       0
       0
       1
       0
       0
       0
       0
       0
       0
       0
       0
       0
       0
       0
       0
       0
       0
       1
       0
       0
       0
       0
       0
       0
       0
       0
       0
       1
       0
       0
       0
       0
       0
       0
       0
       0
       0
       0
       0
       0
       0
       0
       0
       0
       0
       0
       0
       0
       0
       0
       0
       0
       0
       0
       0
       0
       0
       0
       0
       0
       0
       0
       0
       0
       0
       0
       0
       0
       0
       0
       0
       0
       0
       0
       0
       0
       0
       0
       0
       0
       0
       0
       0
       0
       0
       0
       0
       0
       0
       0
       0
       0
       1
       0
       0
       0
       0
       0
       0
       0
       0
       0
       0
       0
       0
       0
       0
       0
       0
       0
       0
       0
       0
       0
       0
       0
       0
       0
       0
       0
       0
       0
       0
       0
       0
       0
       0
       0
       0
       0
       0
       0
       0
       0
       0
       0
       0
       0
       0
       0
       0
       0
       0
       0
       0
       0
       0
       0
       0
       0
       0
       0
       0
       0
       0
       0
       0
       0
       0
       0
       0
       0
       0
       0
       0
       1
       0
       0
       0
       0
       0
       0
       0
       0
       0
       0
       0
       0
       0
       0
       0
       0
       0
       0
       0
       0
       0
       0
       0
       0
       0
       0
       0
       0
       0
       0
       0
       0
       0
       0
       0
       0
       0
       0
       0
       0
       0
       0
       0
       0
       0
       0
       0
       0
       0
       0
       0
       0
       0
       0
       0
       0
       0
       0
       0
       0
       0
       0
       0
       0
       0
       0
       0
       0
       0
       0
       0
       1
       0
       0
       0
       0
       0
       0
       0
       0
       0
       0
       0
       0
       0
       0
       0
       0
       0
       0
       0
       0
       0
       0
       0
       0
       0
       0
       0
       0
       0
       0
       0
       0
       0
       0
       0
       0
       0
       0
       0
       0
       0
       0
       0
       0
       0
       0
       0
       0
       0
       0
       0
       0
       0
       0
       0
       0
       0
       0
       0
       0
       0
       0
       0
       0
       0
       0
       0
       0
       0
       0
       0
       0
       0
       0
       0
       0
       0
       0
       0
       0
       0
       0
       0
       0
       0
       0
       0
       0
       0
       0
       0
       0
       0
       0
       0
       0
       0
       0
       0
       0
       0
       0
       1
       0
       0
       0
       0
       0
       0
       0
       0
       0
       0
       0
       0
       0
       0
       0
       0
       0
       0
       0
       0
       0
       1
       0
       0
       0
       0
       0
       0
       0
       0
       0
       0
       0
       0
       0
       0
       0
       0
       0
       0
       0
       0
       0
       0
       0
       0
       0
       0
       0
       0
       0
       0
       0
       0
       0
       0
       0
       0
       0
       0
       0
       0
       0
       0
       0
       0
       0
       0
       0
       0
       0
       0
       0
       0
       0
       0
       0
       1
       0
       0
       0
       0
       0
       0
       0
       0
       0
       0
       0
       0
       0
       0
       0
       0
       0
       0
       0
       0
       0
       0
       0
       0
       0
       0
       0
       0
       0
       0
       0
       0
       0
       0
       0
       0
       0
       0
       0
       0
       0
       0
       0
       0
       0
       0
       0
       0
       0
       0
       0
       0
       0
       0
       0
       0
       0
       0
       0
       0
       0
       0
       0
       0
       0
       0
       0
       0
       0
       0
       0
       0
       0
       0
       0
       0
       0
       0
       0
       0
       0
       0
       0
       0
       0
       0
       0
       0
       0
       1
       0
       0
       0
       0
       0
       0
       0
       0
       0
       0
       0
       1
       0
       0
       0
       0
       0
       0
       0
       0
       0
       0
       0
       0
       0
       0
       0
       0
       0
       0
       0
       0
       0
       0
       0
       0
       0
       0
       0
       0
       0
       0
       0
       0
       0
       0
       0
       0
       0
       0
       0
       0
       0
       0
       0
       0
       0
       0
       0
       0
       0
       0
       0
       0
       0
       0
       0
       0
       0
       0
       0
       0
       0
       0
       0
       0
       0
       0
       0
       0
       0
       0
       0
       0
       0
       0
       0
       0
       0
       0
       0
       0
       0
       0
       0
       0
       0
       0
       0
       0
       0
       0
       0
       0
       0
       0
       0
       0
       0
       0
       0
       0
       0
       0
       0
       0
       0
       0
       0
       0
       0
       0
       0
       0
       0
       0
       0
       0
       0
       0
       0
       0
       0
       0
       0
       0
       0
       0
       0
       0
       0
       0
       0
       0
       0
       0
       0
       0
       0
       1
       0
       0
       0
       0
       0
       0
       0
       0
       0
       0
       0
       0
       0
       0
       0
       0
       0
       0
       0
       0
       0
       1
       0
       0
       0
       0
       0
       0
       0
       0
       0
       0
       0
       0
       0
       0
       0
       0
       0
       0
       0
       0
       0
       0
       0
       0
       0
       0
       0
       0
       0
       0
       0
       0
       0
       0
       0
       0
       0
       0
       0
       0
       0
       0
       0
       0
       0
       0
       0
       0
       1
       0
       0
       0
       0
       0
       0
       0
       0
       0
       0
       0
       0
       0
       0
       0
       0
       0
       0
       0
       0
       0
       0
       0
       0
       0
       0
       0
       0
       0
       0
       0
       0
       0
       0
       0
       0
       0
       0
       0
       0
       0
       0
       0
       0
       0
       0
       0
       0
       0
       0
       0
       0
       0
       0
       0
       0
       0
       0
       0
       0
       0
       0
       0
       0
       0
       0
       0
       0
       0
       0
       0
       0
       0
       0
       0
       0
       0
       0
       0
       0
       0
       0
       0
       0
       0
       0
       0
       0
       0
       0
       0
       0
       0
       0
       0
       0
       0
       0
       0
       0
       0
       0
       0
       0
       0
       0
       0
       0
       0
       0
       0
       0
       0
       0
       0
       0
       0
       0
       0
       0
       0
       0
       0
       0
       0
       0
       0
       0
       0
       0
       0
       0
       0
       0
       0
       0
       0
       0
       0
       0
       0
       0
       0
       0
       0
       0
       0
       0
       0
       0
       0
       0
       0
       0
       0
       0
       0
       0
       0
       0
       0
       0
       0
       0
       0
       0
       0
       0
       0
       0
       0
       0
       0
       0
       0
       0
       0
       0
       0
       0
       0
       0
       0
       0
       0
       0
       0
       0
       0
       0
       0
       0
       0
       0
       0
       0
       0
       0
       0
       0
       0
       0
       0
       0
       0
       0
       0
       0
       0
       0
       0
       0
       0
       0
       0
       0
       0
       0
       0
       0
       0
       0
       0
       0
       0
       0
       0
       0
       0
       0
       0
       0
       0
       0
       0
       0
       0
       0
       0
       0
       0
       0
       0
       0
       0
       0
       0
       0
       0
       0
       0
       0
       0
       1
       0
       0
       0
       0
       0
       0
       0
       0
       0
       0
       0
       0
       0
       0
       0
       0
       0
       0
       0
       0
       0
       0
       0
       0
       0
       0
       0
       0
       0
       0
       0
       0
       0
       0
       0
       0
       0
       0
       0
       0
       0
       0
       0
       0
       0
       0
       0
       0
       0
       0
       0
       0
       0
       0
       0
       0
       0
       0
       0
       0
       0
       0
       0
       0
       0
       0
       0
       0
       0
       0
       0
       0
       0
       0
       0
       0
       0
       0
       0
       0
       0
       0
       0
       0
       0
       0
       0
       0
       0
       0
       0
       0
       0
       0
       0
       0
       0
       0
       0
       0
       0
       0
       0
       0
       0
       0
       0
       0
       0
       0
       0
       0
       0
       0
       0
       0
       0
       0
       0
       0
       0
       0
       0
       0
       0
       0
       0
       0
       0
       0
       0
       0
       0
       0
       0
       0
       0
       0
       0
       0
       0
       0
       0
       0
       0
       0
       0
       0
       0
       0
       0
       0
       0
       0
       0
       0
       0
       0
       0
       0
       0
       0
       0
       0
       0
       0
       0
       0
       0
       0
       0
       0
       0
       0
       0
       0
       0
       0
       0
       0
       0
       0
       0
       0
       0
       0
       0
       0
       0
       0
       0
       0
       0
       0
       0
       0
       0
       0
       0
       0
       0
       0
       0
       0
       0
       0
       0
       0
       0
       0
       0
       0
       0
$ROI:
16
142 158
301 317
609 627
855 875
976 998
1653 1685
1944 1972
2085 2117
2243 2277
2407 2439
2718 2754
2783 2819
2932 2970
3333 3375
3519 3569
4559 4650
$PRESETS:
None
0
0
$ENER_FIT:
-0.259075 0.397068
$MCA_CAL:
3
-2.590750E-001 3.970682E-001 2.356778E-008 keV
$SHAPE_CAL:
3
2.912780E+000 2.589134E-003 7.632600E-008
