$SPEC_ID:
Pulser
$SPEC_REM:
DET# 2
DETDESC# DETECTOR 2
AP# GammaVision Version 7.01.03
$DATE_MEA:
03/29/2017 13:06:44
$MEAS_TIM:
4566 4572
$DATA:
0 8191
       0
       0
       0
       0
       0
       0
       0
       0
       0
       0
       0
       0
       0
       0
       0
       0
       0
       0
       0
       0
       0
       0
       0
      42
    1689
    1821
     838
     735
     675
     752
     775
     952
    1231
    1564
    1641
    1400
    1002
     894
     983
    1300
    1858
    2294
    2182
    1849
    1293
     965
     805
     816
     823
     899
     913
     942
     941
     787
     743
     731
     714
     700
     689
     737
     680
     693
     728
     742
     700
     664
     669
     733
     755
     690
     677
     689
     673
     631
     697
     693
     638
     646
     696
     699
     680
     686
     717
     666
     685
     701
     661
     674
     695
     733
     629
     686
     670
     669
     688
     705
     718
     735
     750
     714
     740
     693
     771
     810
     763
     754
     792
     794
     801
     828
     796
     821
     818
     882
     869
     874
     938
     872
     920
     869
     918
     989
     952
    1030
    1007
    1004
    1067
    1032
    1026
    1070
    1076
    1136
    1137
    1159
    1194
    1215
    1166
    1118
    1217
    1229
    1205
    1199
    1240
    1253
    1230
    1259
    1180
    1274
    1303
    1294
    1275
    1354
    1223
    1328
    1297
    1297
    1456
    1638
    2934
    4955
    6518
    5665
    3643
    2034
    1454
    1350
    1280
    1344
    1322
    1334
    1329
    1419
    1362
    1494
    1477
    1497
    1502
    1548
    1549
    1548
    1630
    1682
    2007
    2554
    2847
    2691
    2231
    2231
    2773
    3610
    3684
    2825
    2065
    1678
    1529
    1568
    1560
    1511
    1573
    1484
    1443
    1505
    1525
    1457
    1468
    1405
    1477
    1475
    1500
    1532
    1541
    1671
    1887
    2128
    2224
    2096
    1733
    1515
    1345
    1425
    1435
    1536
    1469
    1323
    1292
    1285
    1244
    1295
    1288
    1298
    1522
    2707
    5514
    9192
   11541
   10303
    6668
    4522
    4176
    4764
    4332
    3175
    2036
    1380
    1176
    1351
    2176
    3873
    6127
    6751
    5611
    3418
    1811
    1196
    1014
     947
     923
     915
     890
     906
     863
     890
     870
     886
     896
     902
     879
     950
     954
     880
     886
     887
     873
     952
     960
     943
    1087
    1326
    1617
    2155
    2490
    2711
    2517
    2137
    1811
    1626
    1466
    1321
    1341
    1448
    1394
    1295
    1043
     831
     645
     640
     576
     592
     571
     623
     514
     541
     615
     598
     553
     601
     595
     613
     564
     577
     554
     540
     539
     521
     584
     555
     549
     543
     612
     583
     556
     549
     563
     574
     539
     565
     549
     558
     555
     538
     588
     557
     581
     600
     590
     571
     541
     509
     511
     544
     547
     542
     555
     547
     572
     547
     573
     565
     532
     545
     501
     523
     537
     539
     584
     526
     550
     517
     504
     534
     558
     597
     678
     808
     705
     660
     547
     528
     508
     486
     514
     478
     485
     488
     509
     528
     491
     519
     502
     507
     523
     463
     571
     496
     482
     529
     498
     493
     512
     463
     493
     471
     503
     470
     444
     463
     409
     468
     484
     461
     525
     473
     434
     454
     485
     468
     452
     458
     478
     491
     478
     557
     571
     572
     580
     459
     471
     425
     438
     428
     464
     473
     436
     430
     483
     415
     469
     403
     439
     452
     466
     452
     429
     405
     440
     406
     407
     442
     386
     435
     422
     432
     391
     476
     426
     436
     377
     462
     420
     431
     423
     418
     434
     387
     432
     380
     405
     420
     395
     423
     416
     468
     383
     421
     422
     486
     827
    1189
    1649
    1883
    1570
    1099
     691
     474
     404
     432
     399
     373
     394
     337
     380
     362
     365
     353
     395
     397
     365
     414
     378
     360
     392
     386
     332
     374
     406
     329
     351
     379
     397
     363
     349
     377
     366
     378
     353
     391
     377
     368
     373
     355
     367
     389
     394
     389
     344
     364
     403
     441
     479
     471
     407
     386
     368
     352
     350
     352
     319
     347
     351
     339
     329
     333
     318
     334
     334
     341
     312
     349
     316
     310
     337
     303
     358
     359
     317
     300
     306
     322
     329
     321
     289
     310
     326
     295
     289
     289
     325
     292
     343
     313
     329
     299
     325
     276
     295
     322
     333
     321
     299
     298
     319
     324
     329
     328
     303
     315
     284
     275
     304
     315
     319
     313
     300
     301
     281
     293
     308
     275
     281
     312
     268
     293
     292
     325
     275
     248
     284
     291
     317
     293
     294
     310
     278
     292
     286
     286
     290
     264
     289
     265
     301
     288
     271
     272
     248
     252
     265
     250
     263
     259
     266
     264
     282
     267
     264
     297
     278
     275
     284
     303
     285
     286
     236
     287
     248
     285
     289
     243
     262
     265
     241
     271
     267
     269
     234
     266
     235
     274
     247
     319
     354
     341
     367
     335
     298
     263
     271
     265
     245
     275
     235
     257
     255
     234
     255
     234
     238
     264
     254
     249
     227
     244
     236
     233
     263
     276
     242
     254
     245
     254
     234
     280
     256
     224
     279
     223
     236
     246
     277
     223
     249
     233
     226
     259
     236
     246
     206
     243
     244
     236
     236
     245
     236
     231
     253
     257
     214
     233
     228
     258
     225
     248
     208
     226
     205
     228
     204
     221
     225
     240
     222
     235
     235
     214
     196
     220
     230
     240
     222
     191
     205
     177
     224
     213
     234
     232
     215
     227
     198
     200
     222
     223
     233
     224
     249
     212
     235
     206
     215
     216
     229
     197
     199
     231
     210
     217
     220
     220
     230
     230
     226
     198
     220
     234
     183
     187
     213
     213
     214
     214
     227
     227
     219
     229
     205
     203
     215
     199
     208
     173
     207
     218
     223
     195
     195
     191
     193
     211
     217
     215
     196
     205
     219
     191
     191
     189
     196
     208
     195
     193
     190
     194
     183
     195
     190
     201
     193
     207
     218
     197
     202
     211
     210
     231
     204
     196
     175
     201
     218
     237
     198
     203
     194
     216
     206
     181
     200
     173
     189
     207
     180
     182
     199
     222
     192
     208
     191
     193
     191
     198
     214
     199
     210
     172
     209
     190
     212
     181
     194
     195
     199
     176
     172
     193
     166
     186
     193
     188
     177
     187
     190
     156
     176
     186
     138
     172
     212
     161
     174
     199
     189
     179
     167
     201
     181
     198
     194
     182
     194
     163
     198
     207
     193
     184
     165
     172
     184
     201
     200
     183
     159
     172
     184
     186
     184
     165
     172
     171
     157
     171
     153
     206
     185
     203
     145
     187
     159
     184
     194
     186
     218
     188
     171
     170
     173
     171
     183
     187
     156
     186
     154
     169
     173
     177
     197
     149
     171
     166
     173
     170
     167
     174
     186
     151
     189
     171
     182
     153
     187
     173
     177
     182
     164
     165
     159
     172
     156
     176
     164
     197
     138
     171
     160
     186
     180
     165
     165
     148
     151
     185
     194
     177
     194
     180
     165
     164
     167
     173
     154
     172
     160
     163
     168
     157
     175
     148
     159
     177
     175
     160
     161
     179
     172
     148
     180
     173
     131
     148
     165
     154
     163
     155
     175
     176
     166
     174
     169
     175
     163
     154
     151
     155
     178
     163
     142
     150
     149
     158
     160
     152
     168
     163
     161
     158
     151
     156
     185
     175
     155
     177
     154
     171
     183
     140
     158
     157
     152
     171
     157
     143
     148
     163
     161
     162
     159
     138
     162
     167
     147
     172
     157
     153
     146
     139
     142
     163
     150
     154
     134
     146
     153
     153
     138
     147
     149
     152
     149
     166
     148
     156
     150
     161
     158
     162
     163
     177
     147
     157
     151
     164
     159
     168
     152
     145
     134
     159
     149
     156
     165
     129
     166
     150
     161
     151
     154
     164
     144
     113
     146
     146
     155
     164
     153
     166
     148
     150
     146
     160
     139
     144
     167
     170
     174
     165
     137
     174
     125
     158
     136
     134
     166
     162
     159
     166
     134
     158
     158
     149
     138
     142
     153
     120
     159
     152
     149
     155
     150
     147
     144
     122
     142
     145
     138
     157
     132
     138
     146
     155
     128
     159
     179
     169
     126
     137
     166
     152
     148
     150
     147
     147
     139
     142
     139
     143
     152
     136
     150
     142
     141
     135
     152
     134
     148
     152
     142
     170
     158
     135
     155
     155
     120
     153
     145
     161
     152
     136
     134
     134
     142
     158
     160
     128
     147
     135
     141
     155
     144
     142
     133
     139
     149
     147
     155
     126
     146
     145
     150
     146
     143
     137
     162
     127
     150
     143
     145
     148
     147
     164
     146
     143
     149
     119
     116
     135
     155
     163
     146
     172
     136
     120
     133
     128
     135
     132
     151
     136
     130
     134
     153
     157
     131
     143
     125
     143
     126
     144
     134
     119
     143
     140
     122
     147
     142
     122
     142
     146
     139
     135
     109
     126
     149
     132
     123
     124
     139
     118
     134
     144
     134
     121
     146
     139
     139
     131
     137
     121
     148
     132
     123
     143
     121
     123
     137
     135
     136
     142
     134
     121
     150
     137
     130
     121
     158
     145
     142
     137
     140
     149
     138
     159
     177
     138
     146
     135
     142
     127
     126
     117
     131
     146
     119
     137
     134
     151
     127
     146
     132
     144
     144
     121
     147
     134
     137
     147
     125
     146
     132
     135
     163
     129
     136
      97
     156
     135
     138
     126
     135
     151
     128
     144
     126
     131
     126
     158
     150
     129
     134
     130
     154
     123
     140
     140
     137
     131
     127
     132
     121
     115
     138
     138
     125
     143
     136
     121
     124
     136
     124
     118
     143
     116
     120
     116
     150
     127
     114
     120
     124
     113
     148
     108
     152
     119
     112
     154
     151
     142
     141
     132
     130
     120
     134
     104
     136
     144
     105
     121
     112
     124
     108
     154
     125
      94
     111
      99
     139
     112
     108
     130
     125
     144
     126
     126
     134
     134
     115
     146
     129
     111
     129
     125
     123
     104
     146
     125
     139
     114
     125
     127
     122
     117
     112
     115
     110
     123
     118
     141
     136
     134
     122
     156
     135
     116
     142
     134
     145
     130
     129
     129
     134
     140
     118
     114
     134
     133
     160
     108
     122
     111
     123
     122
     130
     134
     112
     122
     131
     136
     140
     159
     136
     133
     143
     133
     131
     133
     136
     135
     118
     150
     129
     104
     105
     110
     127
     108
     121
     103
     128
     110
     122
     118
     111
     122
     112
     101
     141
     108
     134
     135
     117
     136
     107
     114
     116
     112
     117
     124
     129
     124
     123
     109
     116
     112
     135
     131
     115
     132
     113
     120
     117
     125
     104
     130
     104
     126
     114
     125
     115
     144
     128
     115
     135
     113
     145
     111
     102
     101
      99
     121
     115
     118
     102
     108
     127
     129
     121
      98
     113
     120
     120
     128
     119
      93
     103
     131
     109
      99
     120
     107
     113
     116
     106
     105
     121
     114
     107
     125
      89
     120
     104
     110
     118
     127
     114
     121
     120
     127
     120
     129
      95
     111
     134
     100
     114
      88
     104
      97
     105
     119
     129
     123
     104
     110
     104
     108
     122
     122
     118
     123
      98
     112
     106
     113
     106
     117
     128
     126
     109
      94
      90
     129
     114
     111
     111
     135
     110
      98
      84
     124
     114
     107
     105
     100
     112
     101
     103
      98
     117
     119
     118
     112
     100
      95
     109
     119
      80
     107
     118
     118
     111
     123
      98
     103
      85
     133
     112
     106
     110
     115
      91
     105
     132
     103
     112
     106
     113
     104
      93
     122
     106
     114
     117
     108
     110
     108
     105
     101
     101
     110
     101
     116
      96
     101
     111
     109
     102
     114
     126
     116
      98
     113
     124
     121
     108
     116
     110
     109
     119
     104
     111
      83
     106
     118
     115
     107
     115
      99
     102
      93
      90
      97
     110
     112
     124
     129
      94
     101
     110
     108
      94
     124
     100
      86
     105
      97
     111
     111
      96
     125
      89
      93
      87
     104
      97
      83
     115
      99
     101
     102
     108
      92
     130
      98
     113
     110
     113
      89
      89
      96
     114
      87
      92
     122
     107
     116
     113
      95
     108
     117
     110
     102
     124
     109
     111
     125
     124
     124
      92
      87
      96
     113
     106
     120
     110
      99
     108
      98
     115
     109
     110
      91
     100
     125
     113
     110
     100
      98
     117
      79
     128
     112
     100
      95
     103
      97
     118
     105
     100
     102
     107
      92
     100
      74
     120
     108
     106
      98
     100
     109
     108
      85
     110
      89
     107
      95
      90
     105
      91
     104
      98
     114
      89
      98
     121
     101
     101
      92
      93
      92
     111
      99
      87
      86
      89
      91
      84
     102
      81
     101
     113
      93
     115
      80
     103
     105
     108
      89
      99
     109
      96
      87
      96
      91
     105
     108
     110
     112
     101
      94
     100
      78
      95
     102
     127
     105
     111
     106
     101
     100
      88
      89
     110
      92
      93
     115
      95
      96
      96
     103
     100
     108
      91
     103
      96
      99
     112
     113
      98
     121
     127
     118
     151
     114
     142
     122
     123
     122
     118
     111
      98
     102
      95
     109
      78
     106
     115
     104
      99
      90
     100
      96
      84
     108
      91
      81
     107
      97
      89
      84
      81
      99
      87
      90
      98
      82
     114
     102
      89
      94
     111
      99
      97
      98
     113
     105
      98
      93
      99
     105
      90
      91
      88
      94
     122
      84
      97
     121
     130
     154
     149
     239
     202
     202
     231
     193
     171
     147
     109
     100
     103
     101
     100
      89
      91
     103
     105
     114
      85
     120
      89
      78
      95
      95
      88
     101
      87
      89
      69
      89
      94
     100
      78
     104
      78
      98
      91
     102
     101
      82
      90
     106
      88
      94
      93
      94
      89
      91
      94
      81
      96
     108
     108
     102
      99
     107
     110
      98
     119
     113
      87
     100
      81
     104
      79
      97
      80
      92
      85
      88
      99
      86
      90
      90
      90
      88
      79
      77
      81
      78
      81
      78
      85
      88
      91
      79
      87
      85
      96
      86
      82
      93
     109
      90
      69
      87
     100
      78
      78
      74
      81
      65
      82
      89
      85
      92
      83
      78
      82
      74
      93
      69
      83
      69
      78
      85
      76
      84
      83
      75
      66
      66
      97
      88
      77
      73
      77
      75
      88
      88
      93
      85
      74
      76
      85
      70
      82
      81
      84
      70
      80
      78
      75
      58
      73
      78
      83
      68
      90
      82
      68
      93
      82
      78
      92
      83
      71
      95
      85
      76
      87
      76
      95
      69
      88
     106
      83
      68
      77
      77
      85
      85
      74
      88
      73
      76
      70
      76
      71
      66
      93
      76
      92
      84
      71
      73
      84
      77
      66
      78
      78
      66
      73
      66
      82
      67
      79
      65
      87
      82
      58
      74
      79
      89
      75
      83
      55
      68
      69
      80
      81
      91
      67
      77
      88
      81
      72
      63
      59
      81
      71
      63
      72
      80
      77
      64
      69
      89
      59
      67
      90
      72
      66
      84
      84
      75
      77
      83
      61
      67
      94
      74
      61
      69
      72
      80
      56
      76
      64
      76
      78
      68
      66
      73
      72
      89
      90
      70
      71
      75
      87
      79
      86
      67
      80
      73
      62
      75
      77
      75
      64
      79
      73
      68
      87
      70
      64
      61
      73
      96
      67
      58
      91
      79
      75
      76
      68
      80
      77
      80
      83
      67
      68
      95
      82
      70
      76
      65
      86
      65
      90
      83
      62
      84
      68
      76
      71
      74
      59
      58
      84
      78
      82
      72
      68
      74
      63
      58
      62
      73
      72
      65
      72
      65
      54
      70
      68
      62
      70
      80
      56
      64
      65
      77
      64
      81
      73
      63
      60
      69
      69
      66
      83
      86
      67
      71
      53
      62
      70
      70
      62
      59
      64
      56
      59
      82
      60
      57
      63
      74
      68
      53
      50
      64
      70
      63
      68
      71
      59
      69
      68
      65
      82
      67
      65
      76
      53
      59
      48
      65
      59
      63
      71
      75
      58
      76
      69
      63
      61
      56
      77
      74
      69
      67
      78
      81
      77
      66
      76
      79
      64
      73
      67
      68
      72
      79
      66
      64
      78
      62
      64
      69
      67
      67
      64
      51
      70
      58
      67
      75
      76
      54
      60
      66
      55
      72
      61
      73
      54
      63
      81
      57
      62
      76
      54
      70
      54
      65
      67
      65
      63
      59
      53
      49
      59
      68
      62
      71
      74
      65
      69
      60
      67
      57
      57
      74
      68
      80
      61
      80
      68
      64
      62
      55
      59
      58
      46
      80
      70
      70
      59
      60
      63
      61
      60
      59
      68
      54
      67
      69
      58
      51
      59
      47
      69
      52
      54
      66
      54
      46
      58
      48
      72
      69
      61
      62
      61
      35
      52
      54
      52
      57
      67
      57
      54
      60
      62
      51
      56
      50
      53
      57
      51
      49
      62
      52
      51
      55
      60
      56
      39
      62
      59
      65
      63
      66
      47
      59
      46
      55
      58
      53
      49
      57
      48
      58
      64
      57
      49
      61
      59
      72
      53
      64
      60
      66
      55
      58
      55
      56
      57
      42
      62
      60
      54
      58
      37
      69
      52
      50
      62
      49
      53
      53
      47
      46
      58
      43
      55
      52
      56
      44
      45
      56
      40
      47
      59
      47
      43
      63
      67
      58
      52
      82
      82
      87
      96
     120
     153
     174
     195
     205
     255
     252
     263
     262
     236
     211
     196
     112
     103
      78
      74
      52
      56
      56
      57
      65
      55
      41
      44
      52
      52
      47
      51
      60
      70
      47
      34
      42
      62
      51
      44
      49
      51
      48
      54
      58
      50
      44
      48
      48
      40
      55
      41
      46
      44
      52
      49
      47
      47
      51
      45
      47
      55
      49
      58
      52
      48
      40
      61
      49
      36
      45
      53
      49
      46
      38
      49
      49
      44
      62
      45
      43
      42
      48
      53
      46
      49
      39
      50
      52
      55
      43
      44
      38
      39
      41
      52
      44
      58
      42
      42
      45
      37
      43
      62
      47
      51
      40
      42
      42
      38
      58
      48
      45
      50
      57
      46
      47
      56
      44
      48
      41
      49
      48
      46
      50
      52
      47
      43
      55
      46
      39
      53
      50
      55
      42
      51
      48
      48
      44
      52
      52
      58
      44
      48
      45
      58
      44
      43
      43
      46
      61
      43
      44
      50
      43
      44
      55
      48
      35
      39
      44
      36
      48
      45
      53
      52
      46
      42
      35
      39
      44
      38
      44
      42
      47
      48
      36
      45
      43
      42
      51
      48
      46
      40
      37
      36
      38
      37
      42
      46
      49
      47
      42
      46
      44
      36
      48
      50
      51
      49
      28
      33
      37
      29
      39
      47
      46
      45
      51
      38
      45
      40
      32
      48
      38
      42
      36
      50
      42
      32
      37
      35
      40
      41
      50
      37
      46
      45
      46
      45
      37
      44
      51
      31
      37
      43
      53
      48
      40
      32
      31
      27
      40
      40
      43
      42
      34
      37
      40
      35
      44
      38
      42
      43
      39
      34
      30
      33
      35
      32
      42
      27
      39
      43
      34
      44
      41
      30
      36
      41
      28
      39
      29
      32
      36
      38
      33
      42
      31
      39
      32
      40
      43
      37
      35
      37
      36
      33
      46
      33
      49
      41
      39
      30
      26
      43
      34
      41
      38
      54
      45
      32
      43
      28
      37
      29
      43
      48
      30
      32
      39
      37
      42
      29
      48
      32
      50
      40
      31
      32
      42
      38
      38
      41
      40
      39
      35
      31
      26
      40
      39
      49
      32
      29
      27
      30
      27
      31
      37
      41
      38
      48
      32
      38
      26
      42
      28
      44
      29
      36
      32
      33
      25
      28
      26
      35
      31
      35
      36
      30
      32
      35
      33
      36
      47
      28
      32
      32
      23
      36
      32
      42
      29
      24
      36
      29
      33
      27
      32
      37
      31
      31
      32
      38
      39
      37
      38
      34
      35
      37
      30
      30
      25
      31
      41
      32
      33
      29
      37
      36
      43
      27
      32
      32
      45
      30
      22
      37
      22
      34
      25
      40
      34
      38
      23
      31
      22
      30
      29
      27
      19
      21
      27
      31
      32
      37
      21
      35
      34
      29
      30
      34
      27
      32
      27
      26
      23
      37
      32
      23
      24
      39
      27
      32
      19
      26
      21
      27
      31
      23
      37
      29
      27
      34
      35
      28
      27
      22
      29
      20
      27
      28
      27
      26
      37
      17
      19
      27
      28
      37
      34
      24
      21
      30
      25
      27
      19
      27
      25
      35
      32
      32
      19
      26
      26
      31
      29
      34
      34
      30
      27
      38
      35
      29
      29
      28
      31
      31
      33
      37
      40
      29
      25
      23
      28
      23
      19
      39
      20
      29
      29
      34
      34
      23
      32
      31
      26
      31
      30
      38
      30
      24
      21
      24
      18
      25
      27
      27
      25
      26
      30
      27
      37
      29
      22
      24
      23
      26
      24
      24
      22
      35
      23
      28
      24
      14
      26
      22
      20
      25
      38
      25
      28
      24
      23
      26
      25
      17
      30
      27
      23
      18
      27
      28
      26
      22
      18
      30
      29
      25
      23
      26
      29
      22
      29
      18
      29
      25
      28
      15
      20
      20
      20
      31
      20
      23
      26
      29
      31
      22
      23
      27
      20
      19
      23
      14
      24
      24
      20
      27
      22
      19
      24
      25
      24
      19
      23
      21
      32
      30
      21
      15
      28
      24
      38
      27
      23
      22
       9
      28
      18
      28
      27
      21
      22
      39
      19
      15
      18
      20
      14
      26
      20
      15
      16
      26
      26
      14
      20
      26
      21
      20
      20
      19
      22
      22
      16
      20
      20
      20
      23
      22
      28
      22
      16
      13
      17
      22
      16
      25
      26
      15
      16
      27
      17
      15
      19
      21
      21
      25
      27
      23
      15
      15
      28
      24
      20
      19
      20
      20
      20
      14
      20
      16
      21
      22
      16
      25
      15
      13
      21
      15
      26
      15
      20
      16
      32
      22
      23
      18
      12
      19
      23
      23
      15
      23
      21
      17
      17
      22
      19
      22
      18
      23
      17
      14
      13
      21
      18
      22
      13
      15
      15
      22
      24
      18
      16
      22
      18
      19
      17
      18
      16
      23
      18
      18
      23
      25
      16
      17
      17
      20
      17
      18
       9
      23
      19
      20
      25
      18
      18
      17
      11
      13
      12
      13
      18
      16
      20
      22
      22
       8
      15
      17
      24
      22
      16
      12
      24
      19
      17
      24
      13
      19
      23
      19
      19
      21
      17
      13
      16
       7
      19
      14
      10
      20
       9
      13
      14
      18
      20
      18
      16
      14
       9
      13
      15
      18
      17
      12
      19
      15
      19
      19
      15
      18
      10
      12
       8
      23
      23
      10
      13
      20
      13
      11
      18
      13
      12
      28
      16
      20
      19
      16
      14
      21
      13
      22
      10
      12
      16
      14
      17
      12
      16
      10
      12
      17
      13
      14
      16
      14
      13
      10
      20
      13
      14
      19
      16
      20
       6
      19
      16
      14
       5
      17
      22
      18
      13
      15
      19
      11
      16
      17
      14
      20
      19
      13
      18
      16
      13
      13
      15
       9
      14
      15
      14
      15
      19
      12
      11
      17
      26
      17
      18
      15
      13
      12
      11
      11
      15
      15
      10
      10
      15
       9
      17
      10
      11
       8
      16
      16
       7
       9
      16
      14
       9
      12
      16
      14
      13
      16
      11
       7
      11
      16
      15
       7
      21
      11
      14
      10
      16
      10
      11
      12
       6
      10
      14
      14
      12
      15
      22
      10
      14
      12
      11
      11
      11
      11
       9
       9
      12
      11
      11
      11
       8
      11
      12
      16
       5
       6
      15
       8
      13
      11
       6
       9
       8
      11
      11
      12
      13
      11
      12
      14
       6
       6
       8
      14
      10
      16
      12
       9
      14
       9
       6
      14
      11
       9
       6
      15
      16
      13
       7
       7
      11
      12
      17
      11
       6
      12
       6
       4
       8
       6
      19
       7
      16
       7
      15
       9
      16
      11
      10
      14
       9
      11
      12
      12
      15
       8
      17
       7
      10
      11
      10
      10
      11
      15
      13
       9
       8
       7
      14
      13
       7
       5
      14
      10
      15
      12
      10
       3
      10
       6
       8
      12
      10
       9
       7
      13
      12
       5
       7
      17
      10
       9
       9
      11
      14
      10
      17
      17
       9
       7
       5
      14
       8
      14
       8
      16
      10
       8
       2
      10
      11
      11
      11
      10
      14
      10
      10
      14
      13
       6
       3
       9
       8
      10
      12
       7
       6
       7
       8
      11
       4
      14
       8
       8
      10
      12
      14
      14
      10
       6
       4
      10
       9
       5
      14
       9
       9
       5
      12
       7
       8
      11
       7
       7
       3
       9
      10
      10
       4
       7
       9
      10
      11
       6
       9
      12
       8
       5
       4
      11
       4
       7
       6
       7
       6
      13
       9
       6
       6
      10
       4
      10
      14
       7
      10
       8
       5
      10
       8
       4
       6
       9
       9
       6
       5
       6
       7
       7
       6
       3
       3
       3
       5
      12
       6
       4
       8
       9
      15
       6
       9
      11
       4
       7
      10
      13
       8
       4
       7
      10
      11
       6
       5
       6
       5
      10
       8
       5
       9
       7
       3
       6
       8
      11
       8
       4
       6
      10
       5
       4
       7
       8
       9
       6
      10
       9
      10
       7
       6
       3
       6
       5
       7
       3
       6
       4
      12
       3
       5
       2
       8
       4
       4
       4
       6
       6
       4
       4
       4
       5
       2
       7
       8
       4
       6
       4
       6
       5
       4
       4
       4
       7
      10
       3
       3
       4
       4
       6
       2
       3
       4
       6
       6
       8
       2
       3
       3
       5
       8
       6
       5
       4
       5
       3
       6
       5
       7
       9
       5
       2
       6
       7
       4
       6
       5
       4
       5
       7
       6
       1
       4
       8
       6
       3
       5
       5
       9
       9
       9
       6
      10
       7
      12
       6
       7
       8
       8
       1
       5
       7
      10
       6
       4
       7
       4
       4
       6
       2
       6
       7
       4
       3
       2
       1
       5
       4
       3
       7
       3
       5
       7
       3
       4
       7
       2
       7
       4
       2
       3
       6
       6
       7
       3
       3
       4
       6
       2
       4
       8
       2
       3
       4
       4
       8
       4
       5
       3
       5
       4
       5
       3
       6
       5
       6
       2
       9
       3
       3
       4
       7
       3
       4
       5
       5
       3
       2
       1
       2
       5
       1
       2
       5
       3
       3
       2
       1
       1
       4
       3
       1
       4
       3
       6
       4
       2
       5
       4
       7
       2
       5
       4
       1
       3
       4
       3
       5
       3
       4
       4
       4
       6
       4
       2
       8
       2
       2
       7
       2
       3
       3
      10
       8
       5
       1
       2
       6
       4
       3
       1
       2
       2
       1
       4
       4
       5
       1
       2
       4
       1
       3
       4
       2
       0
       4
       2
       3
       3
       6
       2
       3
       3
       6
       3
       1
       3
       4
       5
       0
       0
       5
       4
       2
       2
       2
       2
       0
       3
       1
       5
       3
       2
       7
       5
       3
       5
       4
       1
       3
       4
       4
       1
       3
       3
       3
       2
       3
       3
       3
       3
       3
       2
       4
       2
       2
       1
       3
       0
       5
       5
       1
       3
       2
       2
       2
       2
       4
       2
       3
       3
       1
       2
       2
       2
       1
       3
       8
       2
       3
       3
       3
       3
       1
       3
       3
       3
       5
       5
       3
       2
       2
       0
       0
       1
       4
       1
       2
       1
       2
       2
       1
       3
       1
       4
       0
       3
       4
       1
       1
       2
       1
       4
       1
       2
       1
       2
       0
       0
       2
       0
       2
       3
       2
       3
       1
       2
       2
       3
       2
       3
       3
       2
       2
       4
       2
       1
       1
       1
       2
       2
       2
       3
       2
       3
       1
       3
       1
       3
       1
       2
       4
       0
       2
       3
       0
       2
       0
       3
       0
       2
       3
       0
       2
       3
       3
       0
       1
       1
       1
       4
       2
       1
       0
       1
       2
       0
       6
       2
       1
       3
       0
       1
       3
       3
       1
       2
       0
       3
       1
       0
       0
       0
       1
       2
       0
       1
       0
       0
       1
       0
       1
       0
       1
       0
       1
       2
       3
       1
       1
       2
       1
       1
       2
       0
       1
       1
       1
       3
       3
       0
       0
       0
       2
       0
       2
       2
       3
       0
       2
       3
       1
       2
       0
       0
       0
       0
       2
       0
       2
       1
       2
       1
       0
       0
       1
       1
       2
       0
       0
       0
       0
       1
       1
       1
       2
       1
       1
       0
       0
       1
       2
       1
       0
       1
       2
       1
       1
       3
       4
       1
       1
       1
       1
       0
       0
       0
       2
       1
       1
       1
       3
       0
       1
       0
       0
       2
       1
       1
       0
       0
       2
       0
       1
       3
       2
       1
       0
       2
       3
       0
       4
       1
       1
       0
       1
       2
       0
       2
       0
       1
       2
       2
       1
       0
       0
       1
       1
       1
       1
       2
       1
       1
       1
       1
       0
       0
       1
       0
       0
       2
       1
       0
       0
       0
       1
       1
       0
       2
       0
       0
       0
       1
       0
       1
       0
       0
       1
       1
       3
       1
       1
       1
       0
       0
       0
       0
       0
       0
       1
       0
       0
       0
       1
       1
       1
       0
       0
       0
       0
       2
       1
       1
       0
       0
       0
       0
       0
       1
       1
       0
       1
       3
       1
       1
       1
       1
       0
       1
       1
       1
       0
       1
       0
       0
       0
       2
       0
       1
       1
       0
       0
       2
       1
       4
       1
       2
       0
       1
       0
       1
       3
       2
       0
       0
       0
       0
       1
       1
       2
       1
       1
       1
       0
       1
       0
       1
       0
       0
       2
       0
       2
       2
       1
       6
       4
       0
       1
       3
       2
       1
       4
       3
       3
       0
       3
       2
       6
       0
       1
       0
       2
       2
       0
       0
       1
       1
       1
       1
       0
       1
       0
       0
       0
       1
       1
       0
       0
       0
       0
       2
       0
       0
       0
       0
       1
       1
       0
       1
       1
       1
       0
       1
       1
       0
       1
       0
       1
       0
       0
       1
       1
       0
       1
       2
       0
       1
       1
       0
       2
       0
       1
       0
       1
       0
       2
       0
       0
       0
       3
       0
       0
       1
       0
       1
       1
       1
       2
       0
       1
       0
       3
       0
       2
       0
       0
       0
       2
       1
       0
       1
       0
       0
       0
       0
       0
       0
       1
       0
       1
       0
       0
       1
       1
       1
       1
       0
       0
       1
       0
       0
       0
       1
       0
       1
       0
       1
       0
       0
       1
       0
       0
       1
       0
       0
       1
       0
       0
       1
       0
       1
       0
       0
       0
       0
       0
       1
       0
       0
       0
       0
       0
       1
       0
       0
       0
       1
       1
       2
       0
       0
       1
       0
       0
       0
       0
       0
       0
       1
       1
       0
       0
       1
       0
       0
       0
       0
       1
       0
       0
       0
       0
       0
       1
       0
       0
       0
       1
       2
       2
       0
       0
       0
       0
       1
       2
       0
       0
       0
       0
       1
       1
       0
       0
       1
       1
       0
       0
       1
       0
       1
       0
       0
       0
       1
       0
       1
       1
       0
       0
       0
       1
       2
       0
       1
       1
       0
       0
       1
       0
       0
       0
       0
       1
       0
       1
       1
       0
       0
       0
       0
       1
       0
       0
       2
       0
       1
       3
       0
       3
       4
       1
       1
       0
       1
       1
       0
       1
       2
       0
       1
       1
       1
       0
       1
       0
       0
       0
       0
       0
       0
       3
       0
       0
       0
       0
       1
       0
       1
       0
       1
       1
       0
       0
       0
       0
       0
       0
       1
       0
       2
       0
       0
       0
       0
       0
       0
       0
       0
       1
       0
       0
       0
       0
       1
       1
       1
       1
       1
       0
       1
       0
       0
       0
       0
       0
       0
       0
       0
       0
       0
       1
       2
       1
       0
       0
       0
       1
       0
       0
       1
       0
       1
       0
       1
       1
       1
       1
       0
       0
       0
       0
       2
       0
       2
       0
       2
       3
       0
       0
       0
       1
       2
       1
       0
       1
       1
       0
       2
       1
       0
       3
       1
       1
       0
       1
       1
       1
       0
       0
       0
       0
       0
       1
       0
       0
       0
       0
       0
       0
       0
       0
       1
       1
       1
       0
       0
       0
       0
       0
       1
       0
       0
       0
       1
       0
       0
       1
       0
       0
       0
       0
       2
       0
       0
       0
       1
       1
       2
       1
       0
       0
       0
       1
       1
       1
       1
       0
       0
       0
       0
       0
       0
       0
       1
       0
       1
       0
       0
       0
       1
       0
       1
       2
       0
       0
       0
       0
       0
       0
       0
       0
       2
       1
       2
       2
       0
       0
       0
       2
       1
       2
       1
       1
       2
       1
       0
       1
       1
       0
       1
       1
       0
       1
       0
       0
       0
       0
       0
       0
       0
       0
       1
       0
       0
       0
       0
       0
       0
       0
       0
       0
       0
       0
       0
       0
       0
       0
       0
       0
       1
       0
       0
       0
       0
       0
       1
       0
       0
       0
       0
       0
       0
       0
       1
       0
       0
       2
       0
       0
       1
       1
       0
       0
       2
       0
       0
       0
       1
       2
       0
       0
       0
       0
       0
       0
       1
       0
       0
       0
       0
       1
       1
       0
       0
       1
       0
       0
       0
       1
       1
       0
       0
       1
       1
       0
       0
       0
       2
       0
       0
       2
       0
       0
       0
       0
       2
       0
       0
       0
       0
       0
       0
       0
       0
       0
       1
       0
       0
       0
       0
       0
       0
       0
       0
       0
       0
       0
       0
       1
       0
       0
       0
       0
       0
       0
       0
       0
       0
       0
       1
       0
       1
       0
       0
       0
       1
       0
       0
       0
       0
       0
       0
       0
       0
       0
       0
       0
       0
       0
       0
       2
       0
       0
       0
       0
       1
       0
       0
       0
       0
       1
       0
       0
       0
       1
       0
       0
       0
       0
       0
       0
       0
       0
       1
       0
       0
       0
       0
       0
       0
       0
       0
       0
       1
       0
       0
       0
       0
       0
       0
       0
       0
       0
       0
       0
       0
       0
       0
       0
       0
       0
       1
       1
       0
       0
       1
       0
       0
       0
       0
       1
       0
       0
       0
       0
       0
       1
       0
       1
       0
       0
       0
       0
       0
       0
       0
       1
       0
       0
       0
       0
       1
       0
       0
       0
       0
       1
       0
       0
       0
       0
       0
       1
       0
       0
       0
       0
       0
       1
       0
       1
       0
       1
       0
       0
       0
       0
       0
       1
       2
       0
       0
       0
       0
       1
       0
       0
       0
       0
       0
       1
       0
       0
       2
       0
       0
       0
       0
       0
       0
       1
       0
       0
       0
       0
       0
       0
       0
       0
       0
       0
       0
       0
       0
       0
       0
       0
       0
       0
       1
       0
       0
       0
       0
       0
       1
       0
       0
       2
       1
       0
       0
       0
       0
       1
       0
       0
       0
       0
       0
       0
       0
       0
       0
       0
       1
       1
       0
       0
       0
       0
       0
       0
       0
       0
       1
       1
       0
       1
       0
       0
       0
       0
       1
       0
       0
       0
       0
       0
       0
       0
       0
       0
       1
       0
       0
       1
       0
       0
       1
       1
       1
       0
       0
       0
       0
       0
       0
       0
       0
       0
       0
       0
       0
       0
       0
       0
       0
       1
       0
       0
       0
       0
       1
       1
       0
       0
       0
       0
       1
       0
       0
       0
       0
       0
       0
       0
       0
       0
       0
       0
       0
       0
       0
       0
       2
       0
       0
       0
       0
       0
       0
       0
       0
       2
       0
       0
       0
       0
       1
       0
       0
       2
       0
       0
       0
       1
       0
       0
       0
       0
       1
       0
       0
       0
       0
       0
       0
       1
       0
       0
       0
       0
       1
       0
       0
       0
       0
       0
       0
       0
       0
       0
       0
       1
       1
       0
       1
       0
       0
       0
       1
       0
       1
       1
       0
       0
       0
       1
       0
       0
       0
       0
       0
       0
       0
       0
       0
       0
       1
       0
       0
       0
       0
       0
       0
       1
       0
       0
       0
       1
       0
       0
       0
       0
       0
       0
       0
       0
       0
       1
       0
       0
       0
       0
       1
       0
       0
       1
       0
       1
       0
       0
       0
       0
       0
       0
       0
       0
       0
       0
       0
       0
       0
       0
       0
       0
       0
       0
       0
       0
       0
       0
       0
       0
       0
       0
       1
       1
       0
       0
       0
       0
       0
       0
       0
       0
       1
       1
       1
       0
       0
       0
       0
       0
       0
       0
       0
       0
       0
       0
       0
       0
       0
       0
       1
       0
       0
       0
       0
       0
       0
       0
       0
       0
       1
       2
       0
       0
       2
       0
       0
       0
       0
       0
       0
       0
       0
       0
       0
       1
       0
       0
       0
       1
       0
       0
       1
       0
       0
       0
       0
       0
       0
       2
       0
       0
       0
       0
       1
       1
       0
       1
       0
       1
       0
       0
       0
       0
       0
       2
       0
       1
       0
       0
       0
       0
       0
       0
       0
       0
       0
       0
       0
       0
       0
       0
       1
       0
       0
       0
       1
       0
       0
       0
       0
       1
       0
       0
       1
       0
       0
       0
       0
       0
       2
       0
       0
       0
       0
       0
       0
       1
       0
       0
       0
       0
       1
       0
       0
       0
       0
       0
       0
       0
       0
       0
       1
       1
       0
       0
       0
       0
       2
       0
       0
       0
       0
       0
       0
       0
       0
       0
       0
       0
       0
       0
       0
       0
       0
       0
       0
       0
       0
       0
       0
       0
       0
       0
       0
       0
       2
       0
       0
       1
       0
       0
       0
       0
       0
       0
       0
       0
       0
       0
       0
       0
       0
       0
       0
       0
       0
       0
       1
       1
       0
       0
       0
       1
       0
       1
       0
       0
       0
       0
       0
       0
       1
       0
       0
       0
       1
       0
       0
       0
       0
       0
       1
       1
       0
       0
       1
       0
       0
       0
       0
       0
       1
       0
       0
       0
       0
       0
       1
       1
       0
       0
       0
       1
       1
       1
       0
       0
       0
       0
       0
       0
       0
       0
       1
       0
       0
       0
       0
       0
       0
       0
       0
       0
       0
       0
       0
       0
       0
       0
       0
       0
       0
       1
       1
       0
       0
       0
       0
       0
       0
       0
       0
       0
       0
       0
       0
       0
       0
       0
       0
       0
       0
       0
       0
       0
       0
       0
       2
       1
       0
       1
       0
       0
       0
       0
       1
       0
       0
       1
       0
       0
       0
       1
       0
       0
       0
       0
       0
       0
       0
       1
       0
       0
       0
       0
       0
       0
       0
       0
       0
       0
       0
       0
       0
       0
       0
       0
       0
       1
       1
       0
       1
       0
       0
       0
       0
       0
       1
       0
       0
       0
       0
       1
       0
       0
       0
       0
       0
       0
       0
       0
       0
       0
       0
       0
       0
       0
       0
       0
       0
       0
       1
       1
       0
       0
       0
       0
       0
       1
       0
       0
       0
       0
       1
       0
       0
       0
       0
       0
       0
       1
       0
       1
       0
       0
       0
       0
       0
       0
       0
       1
       0
       0
       0
       0
       0
       0
       0
       0
       0
       0
       0
       0
       0
       0
       0
       0
       0
       0
       0
       0
       0
       0
       0
       0
       0
       0
       0
       0
       0
       0
       0
       0
       1
       0
       0
       0
       0
       0
       1
       0
       1
       0
       0
       0
       0
       0
       0
       0
       0
       0
       0
       0
       0
       0
       0
       0
       0
       1
       1
       0
       0
       0
       0
       1
       0
       0
       0
       0
       0
       0
       0
       0
       0
       0
       0
       0
       0
       1
       0
       0
       0
       0
       0
       0
       0
       0
       0
       0
       0
       1
       0
       0
       0
       0
       0
       0
       0
       0
       0
       0
       0
       0
       0
       0
       0
       1
       0
       0
       0
       0
       0
       1
       0
       1
       0
       0
       0
       1
       0
       0
       1
       0
       0
       0
       0
       0
       2
       0
       0
       0
       0
       0
       1
       0
       0
       0
       0
       1
       0
       1
       0
       1
       0
       0
       0
       0
       0
       1
       1
       0
       0
       0
       0
       0
       1
       0
       0
       0
       0
       0
       0
       0
       0
       0
       0
       0
       0
       0
       0
       2
       0
       0
       0
       0
       0
       0
       0
       0
       0
       0
       1
       0
       1
       0
       0
       0
       0
       1
       0
       0
       0
       0
       0
       0
       0
       0
       0
       0
       0
       0
       0
       1
       0
       0
       0
       1
       1
       0
       0
       1
       0
       0
       0
       0
       0
       0
       0
       0
       0
       0
       0
       0
       0
       0
       0
       0
       0
       0
       0
       0
       0
       0
       0
       1
       0
       0
       0
       1
       0
       0
       0
       0
       0
       1
       0
       0
       0
       0
       0
       0
       0
       0
       0
       1
       0
       0
       0
       0
       0
       0
       0
       0
       0
       3
       0
       0
       0
       1
       0
       0
       1
       0
       0
       1
       1
       0
       0
       0
       0
       0
       0
       0
       1
       0
       0
       1
       1
       0
       0
       1
       0
       0
       0
       1
       0
       0
       1
       0
       0
       0
       0
       2
       0
       1
       0
       0
       0
       0
       0
       0
       0
       0
       0
       0
       0
       0
       0
       0
       0
       0
       0
       0
       0
       1
       0
       0
       0
       0
       0
       0
       0
       0
       0
       0
       0
       0
       0
       0
       0
       0
       0
       0
       0
       0
       0
       0
       0
       0
       0
       0
       0
       0
       0
       0
       0
       0
       0
       2
       0
       0
       0
       0
       0
       0
       0
       0
       1
       1
       0
       1
       0
       0
       0
       0
       0
       0
       0
       0
       0
       0
       0
       1
       0
       0
       0
       0
       0
       0
       0
       1
       0
       0
       0
       0
       0
       0
       0
       0
       0
       0
       0
       0
       0
       0
       0
       0
       0
       0
       0
       2
       0
       0
       0
       0
       1
       0
       0
       0
       0
       0
       0
       1
       1
       0
       0
       0
       0
       0
       0
       0
       1
       0
       0
       0
       0
       0
       1
       0
       0
       0
       0
       0
       0
       0
       0
       0
       0
       0
       0
       0
       1
       1
       0
       0
       0
       0
       0
       0
       0
       0
       0
       0
       0
       0
       0
       0
       0
       0
       0
       0
       0
       0
       0
       0
       0
       0
       0
       0
       0
       0
       1
       0
       0
       1
       0
       0
       0
       0
       1
       0
       0
       0
       0
       0
       0
       0
       0
       0
       0
       0
       0
       0
       0
       0
       0
       0
       0
       0
       1
       0
       0
       0
       0
       0
       0
       0
       0
       0
       0
       0
       1
       0
       0
       0
       0
       0
       0
       0
       0
       0
       0
       0
       0
       0
       0
       0
       0
       1
       0
       0
       0
       0
       0
       0
       0
       0
       0
       0
       0
       0
       0
       0
       0
       0
       0
       0
       0
       0
       0
       0
       0
       0
       0
       0
       0
       0
       0
       0
       0
       1
       0
       0
       0
       0
       1
       0
       0
       0
       0
       0
       0
       0
       0
       0
       0
       0
       0
       0
       0
       0
       1
       0
       0
       0
       0
       0
       0
       0
       0
       1
       1
       1
       0
       0
       1
       0
       0
       0
       0
       0
       0
       0
       0
       0
       1
       1
       0
       0
       1
       0
       0
       0
       0
       0
       0
       0
       0
       0
       0
       0
       1
       0
       0
       0
       0
       0
       0
       0
       0
       0
       0
       0
       0
       0
       0
       1
       0
       0
       0
       1
       0
       0
       0
       0
       0
       0
       0
       0
       0
       0
       1
       0
       0
       0
       0
       0
       0
       0
       0
       0
       0
       1
       0
       0
       0
       0
       0
       0
       0
       0
       0
       0
       0
       1
       0
       0
       0
       0
       0
       0
       0
       0
       0
       0
       0
       0
       1
       0
       1
       0
       0
       0
       0
       0
       0
       0
       1
       0
       0
       0
       0
       0
       0
       0
       0
       0
       0
       1
       0
       1
       0
       0
       0
       0
       0
       0
       0
       0
       0
       0
       1
       0
       0
       0
       0
       0
       0
       0
       0
       0
       0
       0
       1
       0
       0
       0
       0
       0
       0
       1
       0
       0
       1
       0
       0
       0
       0
       0
       0
       0
       0
       0
       0
       0
       0
       0
       0
       0
       0
       0
       0
       0
       0
       1
       0
       0
       0
       0
       0
       0
       1
       0
       0
       0
       0
       0
       0
       0
       0
       0
       0
       0
       0
       0
       1
       0
       0
       0
       0
       0
       0
       0
       0
       0
       0
       0
       1
       0
       0
       0
       0
       1
       1
       0
       0
       0
       0
       1
       0
       0
       0
       0
       0
       1
       0
       2
       1
       1
       1
       1
       0
       0
       0
       0
       0
       0
       0
       0
       0
       0
       0
       0
       0
       1
       0
       0
       0
       0
       0
       0
       0
       0
       0
       0
       0
       0
       1
       0
       0
       0
       0
       0
       1
       0
       0
       1
       0
       0
       0
       1
       0
       0
       0
       0
       0
       0
       0
       0
       0
       0
       0
       0
       0
       0
       0
       1
       0
       0
       1
       0
       0
       0
       0
       0
       0
       0
       0
       0
       2
       0
       0
       0
       0
       0
       0
       0
       0
       0
       0
       0
       0
       0
       0
       1
       0
       0
       1
       1
       0
       0
       0
       0
       0
       0
       0
       0
       0
       0
       0
       0
       0
       0
       0
       0
       0
       0
       0
       0
       0
       0
       0
       0
       0
       0
       0
       0
       1
       0
       0
       0
       0
       0
       1
       0
       1
       0
       0
       0
       0
       0
       0
       0
       0
       0
       0
       0
       0
       0
       0
       0
       0
       0
       0
       0
       0
       0
       0
       0
       0
       0
       0
       0
       0
       0
       0
       0
       0
       1
       1
       0
       1
       0
       1
       0
       0
       0
       0
       1
       0
       0
       0
       0
       0
       0
       0
       0
       0
       0
       0
       0
       0
       0
       0
       0
       0
       0
       0
       0
       0
       1
       0
       0
       0
       0
       0
       0
       0
       0
       0
       0
       0
       0
       0
       0
       0
       0
       0
       0
       1
       0
       0
       0
       0
       0
       0
       0
       0
       0
       1
       1
       0
       0
       0
       0
       0
       0
       0
       0
       0
       0
       0
       0
       0
       0
       0
       0
       0
       0
       0
       0
       0
       0
       0
       1
       0
       0
       0
       0
       0
       0
       0
       0
       0
       0
       0
       0
       0
       0
       0
       0
       0
       0
       0
       0
       0
       0
       0
       1
       0
       0
       0
       0
       0
       0
       0
       1
       0
       0
       0
       0
       0
       0
       0
       0
       1
       0
       0
       0
       0
       0
       0
       0
       0
       0
       0
       0
       0
       1
       0
       0
       1
       0
       0
       0
       0
       0
       0
       0
       0
       0
       0
       0
       0
       0
       0
       1
       0
       0
       0
       0
       0
       0
       0
       1
       0
       0
       0
       0
       0
       0
       0
       0
       0
       0
       0
       0
       0
       0
       1
       0
       0
       0
       0
       0
       0
       0
       0
       1
       0
       0
       0
       0
       0
       0
       0
       0
       0
       0
       0
       0
       2
       0
       0
       0
       0
       0
       1
       1
       0
       2
       0
       0
       0
       0
       0
       0
       0
       0
       0
       0
       0
       0
       0
       0
       0
       0
       0
       0
       0
       1
       0
       1
       0
       0
       1
       0
       0
       0
       0
       0
       0
       0
       0
       0
       1
       0
       0
       0
       1
       0
       0
       0
       0
       0
       0
       0
       0
       0
       0
       0
       0
       0
       0
       0
       0
       0
       0
       0
       1
       0
       0
       0
       1
       0
       0
       0
       0
       0
       0
       0
       0
       0
       0
       0
       0
       0
       0
       0
       0
       0
       0
       0
       0
       0
       0
       0
       0
       0
       0
       0
       0
       0
       0
       0
       0
       0
       0
       0
       0
       1
       0
       0
       1
       0
       0
       0
       0
       0
       0
       0
       0
       0
       0
       0
       0
       1
       1
       0
       0
       0
       0
       0
       1
       0
       0
       0
       1
       0
       1
       0
       0
       0
       0
       0
       0
       0
       0
       0
       0
       0
       0
       0
       0
       0
       0
       0
       0
       0
       0
       0
       1
       0
       0
       0
       1
       0
       0
       0
       0
       0
       0
       0
       0
       1
       0
       0
       0
       0
       0
       0
       0
       1
       0
       0
       0
       0
       0
       0
       0
       0
       0
       0
       0
       0
       0
       0
       0
       0
       0
       0
       1
       1
       1
       0
       0
       0
       0
       0
       0
       0
       0
       0
       0
       0
       0
       0
       1
       0
       0
       1
       0
       0
       0
       0
       0
       0
       0
       0
       1
       0
       0
       0
       0
       0
       0
       0
       1
       0
       0
       0
       0
       1
       0
       0
       0
       0
       0
       0
       0
       0
       0
       0
       0
       0
       0
       0
       0
       0
       0
       0
       0
       0
       1
       0
       0
       0
       0
       0
       0
       0
       0
       0
       0
       0
       0
       0
       0
       0
       0
       0
       0
       0
       1
       0
       0
       0
       0
       0
       0
       0
       0
       0
       0
       0
       0
       0
       0
       0
       0
       0
       0
       0
       0
       0
       1
       0
       1
       1
       0
       0
       0
       1
       0
       0
       0
       0
       0
       0
       0
       0
       0
       0
       0
       1
       0
       0
       0
       0
       0
       0
       1
       0
       0
       0
       0
       0
       0
       0
       0
       0
       0
       0
       0
       0
       0
       1
       0
       0
       0
       1
       0
       0
       0
       0
       0
       1
       0
       0
       1
       0
       0
       0
       0
       0
       0
       0
       0
       0
       0
       0
       0
       0
       0
       0
       0
       1
       1
       0
       0
       0
       0
       0
       0
       0
       1
       0
       0
       0
       0
       0
       1
       0
       1
       1
       0
       0
       0
       0
       0
       0
       0
       0
       0
       0
       0
       0
       0
       0
       0
       0
       0
       0
       0
       0
       0
       0
       0
       0
       1
       0
       0
       0
       0
       0
       0
       0
       0
       0
       1
       0
       0
       0
       0
       0
       0
       0
       0
       0
       0
       0
       0
       0
       0
       0
       0
       0
       0
       0
       0
       0
       0
       0
       0
       0
       0
       0
       0
       0
       0
       1
       0
       0
       0
       0
       0
       0
       1
       0
       1
       0
       0
       0
       0
       0
       0
       0
       1
       2
       0
       0
       0
       0
       0
       0
       0
       0
       0
       0
       0
       0
       0
       0
       0
       1
       0
       0
       0
       0
       1
       0
       0
       0
       0
       0
       0
       0
       0
       0
       0
       0
       0
       0
       0
       0
       0
       0
       0
       0
       1
       0
       0
       1
       0
       0
       0
       1
       0
       0
       0
       0
       0
       0
       0
       0
       0
       0
       0
       0
       0
       0
       1
       0
       0
       0
       0
       0
       1
       0
       0
       0
       0
       0
       0
       0
       0
       0
       0
       0
       0
       0
       0
       0
       0
       0
       0
       0
       0
       0
       0
       0
       0
       0
       0
       0
       1
       0
       0
       0
       0
       0
       2
       0
       0
       0
       0
       0
       0
       0
       0
       0
       0
       0
       0
       0
       0
       0
       0
       0
       0
       1
       0
       0
       0
       0
       0
       0
       0
       0
       0
       0
       0
       0
       0
       1
       0
       0
       0
       0
       0
       0
       0
       0
       0
       2
       0
       0
       0
       0
       0
       0
       0
       0
       0
       0
       0
       0
       0
       0
       0
       0
       0
       0
       0
       0
       0
       0
       0
       0
       0
       0
       0
       0
       1
       0
       0
       0
       0
       0
       0
       0
       0
       0
       0
       0
       0
       0
       0
       0
       0
       0
       0
       0
       0
       0
       0
       0
       0
       0
       0
       0
       0
       0
       0
       0
       0
       0
       0
       0
       0
       0
       0
       0
       1
       0
       1
       0
       0
       0
       0
       0
       0
       0
       0
       0
       0
       0
       0
       0
       0
       0
       0
       0
       0
       0
       0
       0
       0
       0
       0
       0
       0
       0
       0
       0
       0
       0
       1
       0
       0
       0
       0
       0
       0
       0
       0
       0
       0
       0
       0
       0
       0
       0
       1
       0
       0
       0
       0
       2
       0
       0
       0
       0
       0
       0
       0
       0
       0
       1
       0
       0
       0
       0
       0
       0
       0
       0
       0
       1
       0
       0
       0
       0
       0
       0
       0
       0
       0
       0
       0
       0
       0
       0
       0
       0
       0
       1
       0
       0
       0
       0
       0
       0
       0
       0
       0
       0
       0
       0
       1
       0
       1
       0
       0
       0
       0
       0
       0
       0
       0
       1
       0
       0
       0
       0
       0
       0
       0
       0
       0
       0
       0
       0
       0
       0
       0
       0
       0
       0
       0
       1
       0
       1
       0
       1
       0
       0
       0
       0
       0
       0
       0
       0
       0
       0
       0
       0
       0
       0
       0
       0
       1
       0
       0
       0
       0
       1
       0
       0
       0
       0
       0
       0
       0
       0
       0
       0
       0
       0
       0
       0
       0
       0
       0
       0
       0
       0
       1
       0
       0
       0
       0
       0
       0
       0
       1
       0
       0
       0
       0
       0
       1
       0
       0
       0
       0
       0
       1
       0
       0
       0
       0
       0
       0
       0
       0
       0
       0
       0
       0
       0
       0
       0
       0
       0
       0
       0
       0
       0
       0
       0
       0
       0
       0
       0
       0
       0
       0
       0
       1
       1
       0
       0
       0
       0
       0
       0
       0
       0
       0
       0
       0
       0
       0
       0
       0
       0
       0
       0
       0
       0
       0
       0
       0
       0
       0
       0
       0
       0
       0
       1
       0
       0
       0
       0
       0
       0
       0
       1
       0
       0
       0
       0
       3
       1
       0
       0
       0
       0
       0
       0
       0
       0
       0
       1
       0
       0
       1
       0
       0
       0
       0
       0
       0
       0
       0
       0
       0
       0
       0
       0
       0
       0
       0
       0
       0
       0
       0
       0
       0
       0
       0
       1
       0
       0
       0
       1
       0
       0
       0
       1
       0
       1
       0
       0
       0
       0
       0
       0
       0
       0
       0
       0
       0
       0
       0
       0
       1
       0
       0
       0
       1
       0
       0
       1
       0
       0
       0
       0
       0
       0
       0
       0
       0
       0
       0
       0
       0
       0
       0
       0
       0
       0
       0
       0
       0
       0
       0
       0
       0
       0
       0
       0
       0
       0
       0
       0
       0
       0
       0
       0
       0
       0
       0
       0
       0
       0
       0
       0
       0
       0
       0
       0
       0
       0
       0
       0
       0
       0
       0
       0
       0
       0
       0
       0
       0
       0
       0
       0
       0
       0
       0
       0
       0
       0
       0
       0
       0
       0
       0
       0
       0
       0
       0
       0
       0
       0
       0
       0
       0
       0
       0
       0
       0
       0
       0
       0
       0
       0
       0
       0
       0
       0
       0
       0
       0
       0
       0
       0
       0
       0
       0
       0
       0
       0
       0
       0
       0
       0
       0
       0
       0
       0
       0
       0
       0
       0
       0
       0
       0
       0
       0
       0
       0
       0
       0
       0
       0
       0
       0
       0
       0
       0
       0
       0
       0
       0
       0
       0
       0
       0
       0
       0
       0
       0
       0
       0
       0
       0
       0
       0
       0
       0
       0
       0
       0
       0
       0
       0
       0
       0
       0
       0
       0
       0
       0
       0
       0
       0
       0
       0
       0
       0
       0
       0
       0
       0
       0
       0
       0
       0
       0
       0
       0
       0
       0
       0
       0
       0
       0
$ROI:
1
1274 1298
$PRESETS:
None
0
0
$ENER_FIT:
-0.507299 0.397161
$MCA_CAL:
3
-5.072988E-001 3.971613E-001 1.692723E-008 keV
$SHAPE_CAL:
3
3.387514E+000 1.826936E-003 2.337569E-007
