$SPEC_ID:
Pulser
$SPEC_REM:
DET# 2
DETDESC# DETECTOR 2
AP# GammaVision Version 7.01.03
$DATE_MEA:
03/29/2017 11:39:43
$MEAS_TIM:
5132 5149
$DATA:
0 8191
       0
       0
       0
       0
       0
       0
       0
       0
       0
       0
       0
       0
       0
       0
       0
       0
       0
       0
       0
       0
       0
       0
       0
      90
    4162
    4321
    2334
    2052
    1956
    1919
    2124
    2553
    3502
    4516
    4711
    3952
    2812
    2508
    2641
    3728
    5249
    6583
    6322
    5164
    3731
    2686
    2209
    2143
    2306
    2541
    2621
    2523
    2401
    2285
    1986
    1884
    1850
    1824
    1789
    1884
    1861
    1883
    1872
    1862
    1887
    1956
    1922
    1893
    1781
    1769
    1803
    1716
    1796
    1743
    1728
    1784
    1762
    1766
    1785
    1729
    1781
    1779
    1742
    1732
    1800
    1827
    1674
    1756
    1792
    1860
    1707
    1740
    1865
    1802
    1866
    1829
    1922
    1782
    1849
    1857
    1976
    2001
    1921
    1990
    2018
    1960
    1981
    2069
    2077
    2082
    2117
    2132
    2121
    2152
    2303
    2162
    2206
    2251
    2279
    2254
    2369
    2270
    2323
    2480
    2513
    2548
    2689
    2677
    2737
    2645
    2728
    2646
    2779
    2911
    2976
    2955
    3041
    2843
    2803
    2759
    2774
    2894
    2974
    2985
    2976
    2985
    2995
    3081
    3029
    2960
    3106
    2917
    3128
    3071
    2997
    3081
    3387
    4244
    7659
   13783
   18670
   16817
   10600
    5543
    3629
    3290
    3179
    3181
    3314
    3361
    3362
    3459
    3558
    3717
    3627
    3691
    3788
    3950
    3889
    3887
    3974
    4171
    4555
    5313
    5605
    5394
    4664
    4896
    5676
    6750
    6624
    5518
    4401
    3766
    3770
    3609
    3583
    3547
    3487
    3585
    3480
    3403
    3484
    3501
    3459
    3525
    3498
    3500
    3572
    3703
    3937
    4166
    4497
    4854
    4798
    4596
    3974
    3478
    3414
    3417
    3527
    3546
    3402
    3233
    3128
    3365
    3264
    3358
    3530
    3483
    4133
    7551
   15533
   27245
   34717
   31219
   21103
   13289
   12087
   13664
   13263
    9722
    5834
    3976
    3421
    3731
    6061
   11317
   17633
   20950
   17255
   10625
    5511
    3423
    2747
    2588
    2584
    2471
    2548
    2506
    2515
    2479
    2512
    2452
    2461
    2550
    2523
    2506
    2457
    2496
    2447
    2361
    2546
    2516
    2686
    2706
    3015
    3613
    4766
    6175
    7401
    8085
    7381
    6066
    5131
    4502
    4314
    3907
    4049
    4150
    4144
    3706
    2916
    2257
    1853
    1674
    1567
    1608
    1585
    1679
    1567
    1479
    1470
    1526
    1638
    1614
    1598
    1583
    1551
    1552
    1495
    1515
    1541
    1581
    1533
    1563
    1532
    1443
    1531
    1529
    1529
    1546
    1534
    1471
    1506
    1502
    1497
    1487
    1523
    1443
    1519
    1559
    1601
    1592
    1561
    1539
    1506
    1487
    1468
    1465
    1441
    1425
    1523
    1455
    1460
    1494
    1441
    1460
    1512
    1432
    1441
    1485
    1396
    1422
    1490
    1430
    1473
    1458
    1488
    1524
    1490
    1701
    2007
    2123
    2068
    1955
    1624
    1451
    1443
    1453
    1433
    1389
    1440
    1325
    1423
    1389
    1387
    1451
    1355
    1379
    1344
    1414
    1475
    1388
    1359
    1390
    1416
    1386
    1421
    1346
    1403
    1300
    1303
    1323
    1379
    1350
    1353
    1309
    1348
    1275
    1281
    1319
    1345
    1442
    1274
    1240
    1352
    1309
    1294
    1348
    1421
    1446
    1567
    1664
    1541
    1365
    1309
    1287
    1269
    1225
    1208
    1258
    1216
    1214
    1205
    1138
    1187
    1185
    1239
    1207
    1257
    1268
    1242
    1191
    1194
    1246
    1232
    1206
    1231
    1215
    1238
    1217
    1208
    1155
    1201
    1133
    1189
    1161
    1258
    1141
    1236
    1163
    1173
    1152
    1118
    1154
    1167
    1196
    1147
    1144
    1103
    1171
    1086
    1174
    1253
    1451
    2123
    3476
    4771
    5158
    4627
    3337
    2156
    1417
    1198
    1130
    1118
    1129
    1128
    1082
    1048
    1096
    1132
    1127
    1034
    1135
    1100
    1123
    1052
    1042
    1082
    1170
    1138
    1063
    1051
    1163
    1099
    1092
    1063
    1067
     973
    1044
    1038
     989
    1005
    1037
    1025
    1009
    1050
    1079
    1074
    1143
    1131
    1056
    1076
    1102
    1125
    1284
    1301
    1376
    1238
    1092
    1009
    1011
     997
     953
     985
     979
    1000
     979
     995
    1044
     982
     993
     986
     965
     931
     955
     921
     956
     946
     928
     958
     950
     901
     932
     935
     962
     933
     958
     912
     938
     916
     951
     971
     919
     914
     936
     922
     923
     925
     909
     908
     895
     907
     871
     997
     874
     920
     855
     915
     960
     923
     941
     933
     882
     895
     914
     892
     869
     873
     849
     840
     843
     833
     873
     855
     860
     794
     848
     920
     863
     860
     816
     862
     842
     834
     854
     853
     795
     798
     885
     834
     805
     842
     816
     866
     858
     835
     805
     816
     792
     862
     821
     795
     879
     799
     833
     782
     742
     800
     793
     819
     794
     788
     840
     777
     791
     793
     768
     795
     810
     809
     756
     778
     751
     801
     788
     819
     768
     751
     762
     763
     750
     762
     763
     784
     817
     791
     893
     973
    1045
    1101
     967
     940
     808
     809
     783
     778
     716
     759
     723
     764
     773
     766
     690
     742
     741
     736
     705
     705
     699
     745
     722
     733
     679
     770
     794
     738
     720
     730
     785
     750
     741
     702
     713
     757
     713
     707
     715
     715
     697
     693
     711
     707
     677
     693
     692
     640
     684
     702
     683
     672
     695
     720
     690
     716
     666
     739
     691
     711
     684
     699
     709
     649
     632
     652
     665
     656
     652
     664
     674
     665
     659
     672
     693
     639
     697
     678
     651
     638
     722
     667
     660
     701
     639
     655
     672
     686
     615
     687
     662
     700
     709
     674
     702
     686
     643
     648
     676
     668
     670
     633
     651
     652
     646
     646
     626
     706
     640
     625
     693
     667
     604
     601
     622
     627
     605
     658
     623
     613
     597
     650
     626
     622
     660
     629
     639
     607
     617
     577
     611
     657
     671
     579
     623
     644
     589
     594
     612
     606
     601
     602
     610
     633
     606
     616
     640
     653
     647
     618
     599
     591
     587
     589
     590
     609
     592
     579
     583
     586
     578
     571
     597
     580
     588
     596
     566
     572
     558
     601
     593
     556
     600
     597
     573
     595
     585
     615
     600
     623
     602
     566
     569
     593
     547
     647
     575
     572
     572
     595
     576
     611
     536
     519
     565
     565
     572
     574
     654
     556
     580
     582
     602
     542
     576
     569
     583
     580
     556
     598
     606
     550
     588
     569
     574
     595
     541
     550
     586
     571
     583
     569
     552
     576
     551
     577
     524
     557
     547
     582
     515
     546
     553
     570
     552
     544
     558
     548
     511
     581
     559
     531
     562
     505
     551
     525
     602
     506
     550
     568
     479
     541
     542
     526
     549
     555
     526
     541
     549
     519
     557
     566
     502
     524
     521
     531
     531
     526
     506
     529
     519
     511
     525
     566
     503
     528
     538
     521
     547
     536
     536
     497
     512
     504
     510
     529
     501
     522
     498
     494
     531
     501
     565
     517
     559
     526
     500
     539
     479
     494
     500
     499
     514
     503
     496
     478
     560
     505
     530
     519
     543
     481
     500
     548
     526
     496
     517
     493
     502
     506
     501
     484
     515
     509
     515
     530
     464
     521
     529
     516
     491
     494
     470
     517
     480
     467
     546
     515
     504
     464
     517
     486
     503
     501
     472
     504
     522
     436
     476
     449
     490
     501
     503
     484
     505
     503
     514
     494
     500
     486
     503
     471
     502
     517
     510
     476
     478
     506
     477
     458
     492
     465
     534
     477
     456
     464
     492
     466
     474
     496
     460
     486
     475
     476
     463
     463
     519
     451
     511
     478
     457
     492
     497
     520
     467
     436
     509
     442
     472
     416
     464
     524
     528
     476
     445
     466
     455
     494
     428
     447
     526
     470
     440
     530
     424
     451
     466
     473
     450
     481
     463
     470
     487
     452
     486
     447
     464
     475
     438
     494
     466
     485
     498
     453
     455
     462
     467
     454
     460
     432
     476
     427
     457
     450
     488
     464
     466
     445
     470
     463
     463
     473
     422
     480
     456
     470
     461
     453
     463
     446
     426
     453
     455
     446
     474
     463
     458
     457
     501
     478
     457
     424
     441
     431
     477
     443
     491
     450
     467
     453
     462
     479
     478
     450
     438
     447
     423
     436
     420
     483
     450
     439
     467
     457
     426
     458
     460
     460
     412
     446
     431
     431
     447
     452
     421
     417
     435
     478
     452
     462
     427
     444
     450
     435
     434
     428
     414
     444
     481
     438
     417
     439
     428
     424
     474
     443
     439
     474
     447
     437
     458
     449
     433
     463
     421
     434
     426
     447
     458
     450
     456
     414
     377
     434
     420
     422
     452
     417
     477
     435
     442
     450
     396
     433
     428
     412
     431
     425
     427
     407
     446
     429
     427
     426
     430
     414
     436
     419
     433
     427
     471
     428
     421
     450
     423
     436
     416
     432
     403
     448
     420
     451
     403
     415
     424
     396
     416
     417
     432
     437
     429
     434
     423
     448
     409
     411
     406
     422
     391
     437
     441
     383
     399
     428
     438
     424
     432
     392
     449
     447
     424
     438
     391
     421
     458
     405
     403
     423
     404
     415
     420
     393
     433
     407
     409
     437
     414
     390
     397
     403
     403
     399
     455
     414
     459
     414
     484
     449
     422
     398
     430
     430
     438
     389
     442
     429
     429
     452
     405
     419
     395
     417
     440
     442
     371
     402
     435
     401
     413
     446
     411
     400
     400
     414
     392
     387
     407
     384
     408
     386
     381
     421
     403
     409
     386
     373
     404
     423
     409
     408
     393
     412
     393
     412
     436
     419
     359
     422
     385
     399
     394
     452
     424
     391
     426
     383
     382
     443
     400
     391
     417
     423
     397
     410
     404
     380
     410
     411
     418
     385
     369
     401
     417
     375
     409
     445
     376
     404
     398
     392
     432
     405
     400
     409
     351
     393
     387
     393
     410
     397
     403
     388
     386
     379
     381
     411
     387
     395
     425
     419
     379
     407
     381
     428
     334
     415
     379
     444
     450
     396
     389
     386
     404
     389
     407
     396
     395
     352
     390
     394
     396
     395
     391
     377
     382
     354
     387
     369
     424
     363
     400
     404
     387
     401
     372
     388
     398
     400
     399
     392
     438
     423
     408
     388
     410
     429
     365
     382
     406
     423
     391
     362
     362
     373
     379
     374
     411
     410
     390
     371
     383
     460
     375
     404
     360
     367
     343
     337
     343
     357
     372
     405
     361
     370
     391
     377
     357
     345
     365
     366
     386
     405
     362
     391
     340
     421
     359
     347
     337
     370
     392
     359
     384
     356
     408
     332
     379
     372
     356
     381
     355
     348
     362
     364
     354
     373
     353
     405
     354
     383
     366
     363
     362
     384
     374
     372
     387
     351
     366
     367
     360
     410
     399
     318
     360
     386
     384
     392
     395
     389
     354
     359
     365
     347
     400
     329
     390
     371
     347
     389
     375
     332
     354
     378
     370
     333
     327
     343
     336
     384
     353
     350
     352
     362
     363
     330
     351
     378
     325
     342
     366
     346
     353
     350
     359
     347
     364
     369
     330
     388
     364
     376
     360
     377
     350
     340
     344
     338
     339
     301
     362
     341
     330
     366
     362
     342
     364
     380
     373
     341
     355
     339
     336
     371
     346
     369
     329
     333
     353
     336
     338
     319
     325
     352
     330
     341
     333
     337
     318
     314
     359
     340
     313
     348
     351
     336
     320
     360
     346
     290
     339
     336
     354
     322
     348
     324
     358
     338
     309
     324
     325
     323
     349
     330
     339
     319
     341
     334
     331
     374
     332
     358
     357
     338
     371
     339
     313
     312
     350
     347
     334
     322
     309
     368
     354
     361
     342
     285
     357
     335
     337
     311
     345
     321
     362
     342
     318
     336
     340
     320
     314
     316
     382
     331
     367
     330
     313
     321
     307
     328
     323
     372
     317
     321
     350
     316
     334
     325
     346
     336
     323
     324
     356
     343
     345
     314
     368
     338
     291
     337
     309
     315
     333
     315
     324
     322
     319
     305
     345
     346
     362
     334
     321
     312
     318
     328
     315
     342
     297
     368
     334
     327
     313
     321
     310
     349
     307
     320
     295
     316
     356
     311
     318
     322
     331
     329
     330
     301
     345
     328
     330
     346
     324
     323
     355
     325
     345
     316
     311
     302
     336
     306
     297
     295
     275
     351
     335
     305
     341
     331
     331
     307
     320
     324
     314
     316
     285
     344
     326
     316
     303
     307
     360
     343
     331
     328
     285
     309
     314
     319
     306
     350
     339
     312
     320
     319
     331
     331
     289
     321
     341
     307
     345
     281
     294
     316
     333
     288
     321
     298
     293
     311
     293
     349
     283
     317
     316
     271
     309
     290
     321
     284
     326
     325
     280
     300
     308
     252
     309
     301
     317
     306
     301
     299
     304
     299
     280
     286
     318
     303
     316
     334
     260
     289
     296
     299
     297
     306
     271
     336
     298
     245
     283
     304
     300
     305
     326
     295
     338
     302
     295
     312
     292
     278
     313
     299
     324
     307
     323
     327
     300
     325
     290
     306
     312
     283
     287
     305
     326
     331
     292
     310
     317
     360
     328
     327
     339
     367
     362
     380
     396
     424
     406
     362
     323
     327
     342
     329
     294
     296
     308
     274
     287
     311
     311
     318
     274
     292
     292
     301
     314
     281
     299
     259
     276
     293
     296
     299
     302
     251
     320
     289
     304
     270
     299
     281
     279
     262
     293
     296
     328
     294
     292
     341
     281
     288
     277
     281
     305
     293
     306
     337
     335
     386
     410
     422
     482
     515
     566
     623
     626
     638
     587
     555
     477
     396
     378
     331
     312
     313
     273
     290
     298
     267
     281
     309
     293
     267
     294
     288
     256
     279
     277
     299
     288
     285
     272
     306
     298
     288
     281
     265
     301
     267
     287
     283
     263
     326
     285
     277
     290
     269
     300
     289
     302
     269
     276
     305
     345
     342
     349
     321
     330
     334
     280
     300
     307
     261
     274
     251
     257
     295
     285
     284
     270
     259
     285
     285
     281
     241
     263
     247
     283
     240
     275
     273
     264
     280
     251
     244
     254
     279
     265
     260
     275
     257
     255
     263
     266
     250
     259
     252
     303
     261
     290
     277
     276
     274
     264
     260
     247
     251
     251
     263
     256
     264
     293
     242
     265
     257
     271
     255
     262
     255
     241
     263
     269
     269
     233
     264
     264
     252
     260
     253
     266
     255
     247
     255
     271
     239
     252
     270
     249
     240
     267
     244
     278
     240
     238
     239
     240
     260
     258
     245
     254
     304
     224
     266
     277
     271
     231
     238
     242
     253
     258
     224
     207
     239
     274
     270
     221
     252
     250
     259
     241
     234
     249
     243
     255
     228
     268
     270
     235
     253
     247
     248
     258
     260
     275
     229
     220
     227
     267
     232
     249
     251
     241
     225
     217
     228
     241
     264
     259
     229
     238
     221
     242
     236
     250
     254
     241
     265
     223
     229
     265
     235
     242
     210
     232
     259
     277
     243
     254
     264
     245
     228
     269
     225
     228
     254
     206
     232
     209
     235
     219
     221
     238
     205
     214
     251
     220
     238
     230
     220
     202
     217
     222
     211
     229
     210
     249
     211
     223
     238
     251
     199
     219
     232
     238
     212
     219
     210
     230
     201
     249
     245
     222
     249
     228
     225
     249
     214
     222
     207
     240
     211
     229
     223
     241
     203
     220
     208
     217
     213
     227
     221
     223
     215
     227
     225
     240
     218
     231
     212
     207
     251
     236
     246
     244
     229
     256
     213
     232
     245
     234
     226
     245
     211
     222
     202
     236
     218
     211
     227
     213
     195
     256
     231
     198
     247
     211
     224
     211
     205
     223
     203
     229
     215
     234
     204
     211
     223
     204
     214
     200
     195
     191
     211
     206
     185
     212
     222
     219
     221
     211
     200
     213
     221
     226
     210
     196
     216
     198
     205
     210
     178
     189
     189
     188
     200
     216
     193
     190
     198
     188
     216
     200
     186
     178
     178
     205
     194
     219
     221
     180
     211
     221
     189
     209
     196
     181
     201
     198
     183
     213
     204
     208
     205
     174
     216
     212
     184
     200
     178
     192
     218
     205
     222
     217
     196
     237
     219
     212
     214
     199
     198
     213
     211
     201
     226
     215
     221
     202
     217
     206
     215
     213
     202
     207
     209
     184
     227
     186
     183
     178
     203
     197
     185
     179
     183
     188
     171
     196
     206
     166
     207
     172
     193
     180
     201
     201
     181
     181
     180
     169
     184
     215
     189
     184
     202
     196
     183
     178
     178
     216
     197
     197
     201
     223
     191
     223
     213
     242
     184
     197
     213
     221
     181
     165
     183
     214
     174
     171
     196
     194
     177
     184
     170
     183
     172
     213
     203
     167
     152
     184
     185
     198
     172
     173
     159
     177
     190
     160
     182
     177
     194
     182
     193
     179
     176
     194
     199
     202
     184
     167
     223
     165
     195
     202
     173
     199
     186
     182
     158
     186
     185
     179
     186
     185
     152
     170
     175
     172
     175
     171
     171
     156
     171
     203
     162
     153
     192
     195
     176
     197
     169
     192
     173
     167
     167
     165
     160
     164
     163
     198
     176
     206
     171
     169
     167
     168
     172
     150
     173
     189
     164
     172
     158
     160
     149
     175
     155
     164
     148
     168
     158
     175
     183
     133
     152
     180
     160
     173
     184
     193
     153
     168
     147
     162
     163
     159
     185
     180
     166
     178
     170
     174
     192
     217
     194
     249
     248
     261
     320
     315
     433
     497
     563
     644
     703
     687
     727
     753
     708
     647
     552
     440
     324
     290
     239
     184
     191
     180
     162
     169
     143
     173
     153
     168
     155
     153
     156
     159
     179
     162
     151
     168
     162
     162
     141
     161
     174
     145
     152
     146
     139
     150
     168
     146
     149
     142
     164
     143
     163
     151
     135
     146
     154
     137
     159
     131
     150
     150
     164
     156
     165
     145
     148
     146
     151
     139
     144
     145
     126
     148
     152
     158
     140
     159
     144
     152
     141
     128
     140
     143
     137
     138
     153
     163
     145
     150
     143
     148
     135
     150
     123
     158
     135
     137
     146
     134
     121
     120
     138
     159
     135
     138
     135
     136
     128
     152
     144
     144
     131
     153
     136
     129
     147
     149
     140
     145
     145
     126
     128
     130
     132
     154
     126
     138
     133
     137
     142
     160
     144
     122
     151
     147
     149
     136
     147
     124
     121
     121
     131
     148
     137
     145
     133
     159
     127
     130
     113
     135
     147
     143
     128
     119
     131
     144
     146
     143
     137
     125
     157
     130
     146
     116
     110
     146
     124
     119
     147
     111
     131
     121
     131
     126
     139
     114
     122
     123
     127
     131
     122
     117
     122
     136
     127
     139
     125
     118
     142
     141
     140
     134
     142
     119
     119
     136
     117
     123
     133
     117
     129
     131
     137
     149
     116
     107
     125
     126
     121
     110
     114
     140
     127
     128
     126
     143
     126
     122
     124
     114
     131
     140
     133
     118
     132
     122
     132
     120
     123
     126
     123
     105
     115
     128
     136
     113
     125
     127
     119
     108
     124
     121
     112
     125
     104
     121
     106
     141
     117
     133
     131
     127
     118
     102
     126
      93
     110
     129
     135
     115
     116
     123
     108
     107
     108
     111
     125
     105
     112
     129
     114
     119
     104
     128
     119
     127
     119
     103
     133
     121
     113
     133
     135
     116
     109
      99
     119
     102
     123
     103
     114
     119
     106
     131
     113
     118
     121
     117
     111
     122
      99
      98
     101
     112
     115
     104
     109
     117
     111
     114
     121
     115
     121
     115
     128
      94
     102
     119
     110
     108
     126
     123
      98
     106
     123
     111
     103
     102
     113
     107
     119
     113
     100
      84
     110
      95
     104
     105
     124
     109
     111
     103
     117
      95
     117
      87
     108
      95
     101
     101
     110
     109
     108
      98
     110
      98
      99
     103
     124
     110
      93
      83
      99
      85
     101
      91
      79
     110
     112
     117
     111
      89
     105
      91
      95
      93
      90
      98
     124
     115
      89
     103
     122
     104
      86
      83
     102
     105
      96
     105
      96
      87
      86
      95
     107
      93
      85
     104
     114
      90
      77
      89
      80
      94
      94
     117
      80
      85
      99
      90
      79
     103
      84
      91
     109
     103
      94
     106
      88
     108
      86
      94
     105
      93
     110
      84
      91
     101
     104
     113
      91
      85
      89
      81
      88
      96
     107
      97
     103
      85
     107
      67
     101
     111
      97
     105
      99
      93
     100
     100
      92
     103
      90
      80
      84
      88
      79
      76
      92
     105
      85
     100
      72
      75
      83
      89
      75
      88
      88
      80
      84
     101
      99
      84
      77
      82
      72
     102
      88
      92
      87
      87
      98
      77
      84
      94
      82
      77
      76
      78
      97
      97
      94
     100
     112
      86
      89
      84
     104
      86
      86
      87
      92
      79
      80
      80
      79
      72
      88
      78
      87
      61
      67
      78
      72
      85
      90
      91
      75
      83
      89
      89
      81
      78
      88
      71
      94
      76
      79
      80
      62
      75
      70
      86
      77
      82
      74
      69
      74
      69
      78
      74
      74
      75
      70
      81
      82
      78
      92
      78
      94
      86
      76
      84
      82
      81
      82
      78
      97
      96
      79
      65
      83
      85
      82
      67
      81
      68
      78
      77
      75
      78
      63
      80
      97
      66
      79
      58
      63
      66
      83
      88
      73
      71
      69
      69
      60
      76
      83
      62
      81
      80
      76
      65
      69
      61
      79
      67
      70
      68
      79
      69
      88
      70
      64
      73
      97
      60
      75
      67
      70
      65
      70
      74
      65
      67
      59
      73
      80
      69
      58
      66
      59
      74
      74
      68
      61
      67
      70
      60
      61
      56
      70
      63
      76
      53
      65
      72
      59
      63
      58
      61
      58
      48
      54
      62
      58
      60
      55
      64
      64
      50
      69
      74
      51
      78
      69
      60
      70
      55
      78
      62
      59
      67
      66
      63
      77
      54
      60
      68
      58
      46
      70
      43
      62
      72
      64
      79
      64
      54
      60
      68
      62
      53
      58
      59
      54
      52
      60
      66
      62
      59
      70
      54
      52
      63
      57
      70
      51
      64
      57
      63
      53
      58
      51
      56
      48
      70
      54
      49
      52
      47
      48
      66
      52
      82
      52
      54
      65
      45
      62
      66
      49
      46
      61
      57
      55
      54
      56
      54
      51
      51
      52
      54
      43
      50
      58
      65
      47
      75
      61
      59
      38
      51
      46
      51
      71
      49
      48
      50
      60
      58
      56
      58
      45
      45
      56
      64
      57
      51
      40
      51
      55
      42
      51
      46
      48
      51
      49
      49
      47
      53
      52
      43
      35
      52
      45
      56
      59
      52
      44
      77
      51
      62
      55
      45
      45
      55
      47
      60
      47
      58
      50
      49
      47
      50
      50
      62
      55
      52
      51
      46
      45
      54
      39
      52
      44
      42
      53
      54
      48
      43
      50
      42
      63
      60
      48
      45
      46
      36
      35
      46
      41
      49
      44
      40
      45
      41
      54
      43
      42
      35
      46
      52
      44
      35
      45
      48
      44
      36
      47
      52
      44
      40
      43
      50
      33
      46
      42
      43
      43
      38
      41
      37
      39
      49
      40
      36
      47
      42
      53
      53
      43
      36
      45
      41
      50
      22
      47
      40
      42
      39
      32
      45
      48
      36
      38
      52
      37
      32
      45
      46
      38
      32
      52
      53
      39
      44
      42
      43
      40
      47
      47
      49
      41
      39
      47
      45
      44
      38
      44
      37
      42
      40
      39
      38
      37
      39
      47
      34
      38
      35
      38
      36
      48
      39
      34
      41
      31
      34
      33
      40
      44
      40
      41
      39
      38
      44
      41
      34
      41
      44
      34
      33
      28
      33
      33
      24
      38
      41
      37
      41
      34
      36
      40
      43
      30
      38
      37
      36
      41
      43
      35
      34
      33
      38
      28
      30
      30
      35
      38
      34
      27
      39
      35
      32
      37
      29
      29
      31
      30
      30
      26
      34
      32
      32
      40
      34
      28
      35
      37
      36
      37
      39
      33
      33
      34
      34
      29
      37
      31
      30
      38
      33
      29
      22
      31
      28
      35
      40
      44
      31
      21
      33
      23
      31
      23
      38
      36
      36
      35
      36
      51
      23
      31
      28
      41
      33
      23
      23
      28
      28
      28
      23
      32
      33
      31
      26
      29
      28
      38
      24
      25
      30
      31
      31
      26
      20
      25
      28
      27
      26
      32
      47
      32
      30
      34
      35
      32
      27
      41
      34
      24
      19
      25
      32
      26
      31
      24
      23
      19
      25
      20
      24
      20
      27
      28
      24
      24
      29
      28
      17
      21
      19
      29
      25
      19
      31
      20
      36
      32
      26
      24
      30
      32
      27
      29
      20
      36
      27
      34
      29
      22
      25
      30
      22
      28
      20
      28
      35
      25
      27
      20
      27
      36
      26
      24
      28
      26
      16
      25
      27
      20
      22
      23
      21
      28
      31
      24
      18
      26
      19
      21
      23
      20
      15
      19
      19
      22
      18
      24
      20
      21
      31
      12
      18
      24
      21
      19
      21
      26
      29
      19
      15
      23
      28
      23
      21
      19
      19
      21
      20
      15
      23
      21
      29
      23
      17
      22
      19
      18
      22
      19
      15
      24
      27
      16
      14
      23
      13
      26
      26
      22
      19
      16
      17
      24
      20
      20
      11
      12
      23
      17
      14
      23
      25
      24
      20
      11
      21
      30
      25
      17
      11
      15
      14
      15
      24
      16
      12
      17
      25
      19
      23
      28
      21
      15
      23
      15
      22
      10
      12
      19
      11
      29
      13
      18
      20
      16
      18
      19
       8
      24
      20
      15
      20
      24
      14
      15
      16
      12
      18
       9
      16
      19
      12
      10
      13
      22
       9
      18
      15
      12
      18
      15
      16
      17
      16
      18
      15
      12
      18
      26
      13
      11
      20
      20
      18
      15
      12
      12
      23
      16
      18
      13
      16
      21
      18
      14
      15
      23
      19
       7
      15
      15
      16
      15
      12
      14
      17
       5
      15
      17
      19
      15
      24
      15
      17
      17
      18
      29
      24
      27
      12
      17
      18
      15
      17
      13
      12
      12
      11
      15
      16
      15
      10
      11
      17
       9
      18
      23
      10
       7
      14
      17
      10
       9
      11
       8
      11
      19
      15
      10
       9
      11
      12
      10
      14
      12
      11
      15
      14
       9
      16
      15
       6
       8
       7
       8
      15
      15
      11
      15
      13
      16
       9
      10
      12
      13
      13
      10
      15
      11
      14
      12
      11
      12
      10
       6
      11
      11
      13
       6
      11
       9
      20
      12
      12
      12
       6
      10
      12
      10
      10
       9
       9
      11
      14
      12
      15
      12
      14
       9
       5
      12
       9
       8
      11
      15
      20
      15
       4
       7
      12
       9
      15
      10
      12
      13
      16
      13
      10
      10
       7
      11
       5
       7
      10
      14
      12
       8
      12
      10
       9
       6
      10
       5
      11
       8
       7
       8
       8
       9
       7
       5
      10
       4
       6
      10
       8
      10
      13
      12
      10
       6
       6
       7
       9
      10
       5
      10
      13
      11
       5
       7
       8
      13
       7
      10
       6
      14
       9
       6
       9
       4
       7
      12
       7
       3
      10
       9
       7
       5
       6
       6
       9
      12
       5
       9
       8
       9
       3
       9
      12
      13
      11
       6
      13
       3
       5
       7
       7
       7
       7
      10
       7
       9
       8
       6
       8
       9
       7
       7
       9
       6
       6
      10
       7
       6
       9
       9
       7
      10
      10
       4
       5
      13
       8
       4
       6
       7
       5
       3
       5
       2
       7
       3
      10
       6
       4
       7
       7
       7
       8
       2
       5
       5
       9
       4
       4
       7
      11
       4
      10
       5
       2
       6
       8
       5
       8
       9
       5
       4
       7
       4
       5
       3
       1
       8
      10
       6
       4
       0
       5
       6
       4
       4
       3
       6
       6
       6
       6
       3
       5
      10
       2
       4
       3
       6
       5
       4
       6
       5
       6
       3
       3
       7
       3
       7
       4
       4
       7
       1
       5
       5
       3
       2
      11
       4
       3
       3
       7
       3
       6
       4
       3
       3
       1
       2
       1
       4
       2
       6
       0
       6
       4
       4
       4
       3
       4
       5
       3
       1
       2
       3
       2
       6
       3
       7
       4
       3
       3
       1
       4
       3
       7
       4
       4
       3
       5
       2
       2
       2
       5
       5
       3
       4
       1
       3
       4
       3
       2
       5
       3
       6
       1
       2
       2
       4
       4
       1
       0
       2
       3
       4
       2
       3
       2
       6
       2
       4
       1
       4
       3
       4
       2
       1
       3
       2
       1
       2
       4
       4
       3
       3
       4
       0
       5
       3
       3
       2
       2
       3
       6
       1
       5
       4
       4
       3
       1
       3
       1
       6
       0
       2
       1
       4
       3
       2
       1
       1
       1
       1
       0
       3
       1
       2
       3
       4
       4
       3
       1
       3
       3
       3
       3
       1
       1
       4
       4
       4
       1
       2
       5
       2
       1
       2
       0
       4
       2
       2
       4
       1
       2
       2
       1
       3
       2
       3
       1
       5
       3
       2
       0
       2
       1
       0
       1
       1
       3
       2
       1
       6
       2
       2
       2
       1
       5
       1
       1
       1
       1
       3
       2
       2
       0
       0
       5
       0
       2
       2
       2
       2
       2
       2
       1
       1
       2
       2
       2
       3
       0
       1
       4
       2
       1
       2
       1
       0
       1
       2
       1
       0
       1
       1
       0
       3
       1
       0
       1
       1
       2
       1
       3
       1
       0
       4
       3
       3
       1
       2
       0
       3
       2
       0
       3
       1
       0
       3
       0
       3
       1
       1
       1
       1
       2
       1
       1
       0
       1
       0
       2
       0
       2
       0
       2
       0
       1
       1
       0
       5
       1
       1
       2
       0
       1
       0
       1
       2
       1
       4
       1
       3
       3
       4
       6
       5
       7
       7
       4
       7
       4
       2
       3
       5
       6
       9
       6
       3
       4
       4
       8
       4
       2
       4
       2
       1
       2
       0
       1
       0
       2
       2
       0
       2
       0
       1
       2
       0
       3
       3
       0
       1
       0
       0
       0
       1
       0
       0
       0
       2
       2
       0
       0
       0
       2
       1
       1
       1
       1
       0
       3
       1
       1
       2
       2
       1
       2
       3
       0
       2
       1
       2
       2
       2
       3
       5
       2
       4
       7
       1
       5
       3
       3
       1
       4
       2
       5
       3
       4
       5
       1
       0
       1
       2
       0
       0
       0
       0
       0
       1
       0
       0
       3
       0
       0
       0
       1
       1
       0
       0
       0
       0
       0
       1
       0
       2
       0
       1
       0
       0
       0
       1
       0
       1
       0
       0
       2
       0
       1
       0
       1
       0
       2
       0
       1
       1
       0
       0
       1
       0
       1
       0
       1
       0
       0
       0
       2
       0
       0
       0
       1
       0
       3
       0
       1
       0
       0
       1
       0
       0
       1
       1
       0
       1
       1
       1
       3
       0
       0
       1
       0
       0
       0
       1
       3
       0
       3
       0
       0
       2
       1
       0
       1
       1
       3
       2
       3
       2
       3
       2
       2
       0
       3
       2
       2
       4
       2
       1
       2
       1
       0
       0
       1
       0
       2
       1
       1
       2
       2
       2
       0
       1
       1
       0
       0
       1
       2
       2
       0
       0
       1
       0
       0
       1
       1
       1
       1
       0
       0
       1
       0
       2
       0
       2
       2
       1
       4
       2
       1
       6
       2
       2
       3
       3
       5
       8
       1
       6
       4
       3
      11
       6
       4
       5
       6
       5
       6
       1
       1
       0
       0
       0
       0
       0
       1
       2
       1
       1
       0
       1
       0
       1
       1
       1
       0
       1
       1
       0
       2
       0
       0
       0
       0
       0
       0
       0
       1
       0
       1
       0
       0
       1
       0
       2
       0
       0
       1
       0
       0
       0
       0
       0
       0
       0
       0
       3
       0
       2
       0
       1
       0
       1
       1
       0
       0
       2
       1
       0
       2
       1
       1
       1
       0
       2
       0
       1
       0
       4
       1
       1
       3
       1
       3
       2
       2
       3
       4
       0
       1
       3
       5
       0
       2
       3
       2
       1
       4
       5
       7
       1
       1
       1
       2
       2
       2
       7
       1
       4
       2
       4
       2
       3
       2
       2
       1
       3
       0
       0
       0
       2
       0
       0
       3
       0
       0
       1
       0
       0
       0
       0
       0
       0
       0
       0
       1
       1
       0
       0
       1
       1
       0
       1
       0
       1
       0
       0
       1
       0
       2
       0
       2
       2
       1
       1
       1
       2
       1
       0
       1
       0
       0
       1
       0
       0
       2
       1
       0
       0
       0
       2
       0
       0
       0
       0
       0
       0
       0
       0
       1
       0
       0
       1
       0
       0
       1
       1
       2
       2
       1
       2
       1
       2
       1
       0
       1
       0
       2
       3
       0
       2
       1
       2
       3
       3
       0
       0
       3
       1
       1
       1
       0
       0
       0
       1
       1
       0
       0
       1
       0
       0
       0
       0
       0
       0
       0
       0
       1
       0
       0
       0
       0
       1
       1
       0
       0
       2
       0
       0
       0
       0
       0
       0
       0
       1
       0
       0
       0
       1
       0
       0
       0
       1
       0
       0
       1
       2
       1
       1
       0
       0
       3
       0
       0
       1
       0
       0
       2
       0
       2
       0
       0
       0
       0
       1
       0
       1
       0
       1
       0
       1
       0
       0
       0
       0
       0
       0
       0
       1
       0
       0
       0
       0
       0
       0
       2
       0
       0
       0
       0
       1
       0
       1
       0
       0
       0
       0
       0
       0
       0
       0
       0
       0
       0
       1
       0
       0
       1
       0
       1
       2
       0
       0
       0
       0
       0
       0
       1
       0
       1
       0
       0
       2
       0
       0
       0
       1
       0
       0
       0
       0
       0
       1
       1
       0
       1
       1
       1
       0
       0
       0
       0
       0
       0
       0
       0
       0
       0
       0
       0
       0
       0
       0
       0
       0
       0
       0
       1
       0
       0
       0
       0
       2
       1
       1
       1
       0
       0
       0
       0
       0
       0
       1
       3
       0
       2
       0
       0
       0
       0
       0
       0
       0
       0
       0
       1
       0
       1
       0
       0
       0
       0
       0
       0
       0
       0
       0
       0
       0
       0
       0
       0
       0
       0
       1
       1
       0
       1
       0
       0
       0
       1
       1
       0
       0
       0
       1
       0
       0
       0
       1
       0
       1
       0
       1
       1
       1
       0
       0
       0
       1
       0
       1
       0
       2
       1
       0
       1
       0
       0
       0
       0
       0
       1
       0
       0
       0
       2
       0
       0
       0
       0
       0
       0
       0
       0
       0
       0
       2
       0
       0
       0
       0
       1
       1
       0
       0
       1
       0
       0
       0
       0
       0
       1
       0
       0
       0
       2
       0
       1
       0
       0
       0
       1
       0
       0
       0
       0
       0
       0
       0
       0
       0
       0
       0
       0
       0
       0
       1
       0
       0
       0
       1
       1
       1
       0
       1
       0
       0
       0
       0
       0
       0
       0
       0
       0
       0
       1
       0
       0
       0
       1
       0
       1
       0
       0
       0
       0
       0
       1
       0
       0
       0
       1
       1
       0
       0
       0
       1
       0
       0
       1
       0
       0
       1
       0
       0
       1
       1
       1
       0
       1
       1
       0
       1
       0
       0
       1
       0
       0
       0
       0
       0
       0
       0
       0
       0
       0
       1
       0
       0
       1
       0
       1
       1
       0
       0
       0
       0
       0
       0
       0
       0
       0
       1
       1
       1
       0
       0
       0
       1
       0
       0
       0
       0
       0
       1
       0
       0
       0
       0
       0
       0
       0
       0
       0
       0
       0
       0
       0
       0
       0
       0
       0
       0
       0
       1
       0
       0
       0
       0
       0
       0
       0
       0
       0
       0
       0
       1
       0
       0
       0
       0
       0
       0
       0
       2
       0
       0
       0
       0
       1
       1
       0
       0
       1
       0
       0
       0
       0
       0
       0
       0
       0
       0
       1
       0
       0
       1
       1
       1
       0
       1
       0
       0
       0
       0
       2
       1
       0
       0
       0
       0
       0
       0
       0
       0
       0
       1
       0
       0
       0
       0
       0
       0
       1
       0
       1
       0
       0
       0
       0
       0
       0
       0
       0
       0
       0
       1
       0
       0
       0
       0
       0
       0
       0
       0
       0
       0
       0
       0
       0
       0
       0
       0
       0
       0
       2
       0
       1
       0
       0
       0
       0
       0
       0
       0
       1
       0
       1
       0
       0
       0
       0
       0
       1
       0
       1
       1
       1
       0
       0
       0
       0
       1
       0
       0
       0
       1
       2
       1
       0
       0
       1
       0
       0
       2
       0
       0
       0
       0
       0
       0
       0
       0
       1
       0
       2
       0
       1
       0
       0
       0
       0
       0
       0
       0
       1
       1
       0
       0
       1
       0
       0
       1
       0
       1
       0
       0
       0
       0
       0
       0
       0
       0
       0
       0
       0
       0
       0
       0
       0
       0
       1
       1
       0
       0
       0
       0
       1
       0
       0
       0
       0
       1
       0
       0
       0
       1
       0
       0
       1
       0
       0
       0
       0
       1
       0
       0
       0
       0
       0
       0
       0
       0
       0
       1
       0
       1
       0
       0
       0
       0
       0
       0
       0
       0
       1
       0
       0
       0
       0
       0
       0
       0
       1
       0
       0
       2
       0
       0
       0
       0
       2
       0
       0
       0
       0
       1
       0
       0
       0
       0
       0
       0
       0
       0
       0
       0
       0
       0
       0
       0
       0
       0
       0
       0
       0
       2
       0
       0
       0
       0
       0
       0
       0
       1
       1
       0
       0
       0
       1
       0
       1
       0
       0
       0
       0
       0
       2
       1
       0
       0
       1
       0
       0
       0
       0
       0
       0
       0
       1
       0
       0
       0
       1
       0
       1
       0
       0
       0
       0
       0
       0
       0
       0
       0
       0
       0
       0
       1
       1
       0
       0
       0
       0
       0
       0
       0
       0
       0
       0
       0
       1
       0
       1
       1
       0
       0
       1
       0
       0
       0
       0
       0
       0
       1
       0
       0
       1
       0
       0
       0
       0
       0
       0
       0
       0
       0
       0
       0
       0
       0
       0
       1
       0
       1
       0
       0
       0
       0
       0
       0
       0
       0
       0
       0
       0
       0
       0
       0
       0
       0
       0
       0
       0
       0
       0
       0
       0
       2
       0
       1
       0
       0
       0
       0
       0
       0
       0
       0
       0
       0
       0
       1
       0
       0
       0
       0
       0
       0
       0
       1
       0
       0
       1
       1
       0
       0
       0
       0
       0
       0
       0
       0
       0
       0
       0
       0
       0
       0
       0
       0
       0
       0
       0
       0
       0
       0
       0
       0
       0
       0
       0
       0
       0
       0
       0
       0
       1
       0
       1
       0
       0
       0
       0
       0
       1
       0
       0
       0
       0
       0
       0
       0
       1
       0
       1
       0
       0
       0
       0
       0
       0
       1
       0
       0
       0
       0
       0
       0
       1
       0
       0
       0
       0
       0
       0
       0
       0
       1
       0
       3
       0
       0
       0
       0
       1
       0
       0
       1
       0
       0
       0
       1
       0
       0
       1
       1
       0
       0
       0
       0
       0
       0
       0
       0
       0
       0
       0
       1
       0
       0
       0
       0
       0
       1
       0
       0
       1
       0
       0
       1
       0
       0
       0
       0
       0
       1
       0
       0
       0
       0
       0
       0
       1
       0
       0
       1
       0
       0
       0
       0
       0
       0
       0
       1
       1
       0
       0
       0
       0
       0
       1
       0
       0
       1
       1
       0
       0
       0
       1
       0
       0
       0
       1
       0
       1
       0
       0
       1
       1
       0
       0
       1
       0
       1
       0
       0
       0
       0
       0
       0
       0
       0
       1
       1
       0
       0
       0
       0
       0
       0
       1
       0
       1
       0
       0
       0
       0
       0
       1
       1
       0
       0
       0
       0
       0
       1
       0
       0
       0
       0
       1
       0
       0
       0
       0
       0
       0
       1
       1
       0
       0
       1
       0
       0
       0
       1
       0
       0
       0
       0
       0
       0
       0
       0
       0
       0
       0
       0
       0
       0
       0
       0
       0
       0
       0
       0
       0
       1
       0
       0
       0
       0
       0
       0
       0
       0
       1
       0
       1
       1
       0
       0
       0
       0
       1
       0
       0
       0
       0
       0
       0
       0
       0
       0
       0
       0
       0
       0
       0
       1
       0
       1
       0
       0
       1
       0
       0
       0
       0
       1
       0
       0
       0
       0
       0
       2
       2
       0
       0
       0
       0
       0
       0
       0
       0
       0
       0
       0
       0
       0
       1
       1
       1
       0
       1
       0
       0
       1
       0
       0
       0
       0
       0
       0
       0
       0
       0
       0
       0
       0
       0
       0
       0
       0
       0
       1
       1
       1
       0
       0
       1
       0
       0
       0
       2
       1
       0
       1
       0
       0
       0
       0
       0
       0
       0
       0
       0
       0
       0
       0
       0
       0
       0
       0
       1
       0
       0
       1
       0
       0
       0
       0
       0
       0
       0
       0
       0
       1
       0
       0
       1
       0
       3
       0
       0
       0
       0
       0
       2
       1
       0
       0
       0
       0
       0
       0
       1
       0
       0
       0
       0
       0
       1
       1
       0
       0
       1
       0
       0
       0
       1
       0
       0
       0
       0
       0
       1
       0
       0
       0
       0
       0
       0
       0
       0
       0
       0
       0
       0
       0
       0
       0
       0
       0
       0
       0
       0
       0
       2
       0
       0
       1
       0
       0
       0
       1
       0
       0
       0
       0
       0
       1
       0
       1
       0
       0
       1
       1
       0
       0
       0
       0
       1
       0
       0
       0
       1
       0
       1
       0
       0
       0
       0
       1
       1
       0
       0
       1
       0
       1
       0
       0
       0
       0
       0
       1
       0
       0
       1
       0
       0
       0
       0
       0
       0
       0
       0
       1
       0
       2
       1
       0
       0
       0
       0
       0
       0
       0
       0
       0
       0
       0
       0
       0
       0
       0
       0
       0
       0
       0
       0
       0
       1
       0
       0
       0
       0
       1
       0
       0
       0
       2
       0
       0
       0
       0
       0
       0
       1
       0
       0
       0
       0
       0
       0
       0
       1
       0
       0
       0
       0
       0
       0
       0
       1
       0
       0
       0
       0
       0
       0
       0
       0
       0
       0
       0
       0
       0
       0
       0
       0
       0
       0
       0
       0
       0
       0
       0
       0
       0
       0
       0
       0
       0
       0
       0
       0
       0
       0
       0
       0
       0
       0
       0
       0
       0
       0
       0
       1
       0
       0
       0
       0
       0
       0
       0
       0
       0
       0
       0
       0
       0
       0
       0
       0
       0
       1
       0
       1
       0
       0
       0
       1
       0
       0
       0
       1
       0
       0
       0
       0
       1
       1
       1
       0
       0
       0
       0
       0
       0
       1
       0
       1
       0
       0
       0
       1
       0
       0
       0
       0
       1
       0
       0
       0
       0
       0
       0
       0
       2
       0
       0
       0
       0
       0
       0
       0
       1
       0
       0
       0
       0
       1
       0
       1
       0
       0
       0
       0
       0
       0
       0
       1
       0
       1
       0
       0
       0
       0
       0
       0
       0
       0
       1
       0
       0
       1
       0
       0
       0
       1
       1
       0
       0
       0
       0
       0
       0
       0
       0
       0
       0
       0
       1
       0
       0
       0
       1
       0
       0
       0
       0
       0
       0
       0
       0
       1
       0
       0
       0
       0
       0
       0
       1
       1
       0
       1
       0
       0
       1
       2
       0
       0
       0
       0
       0
       0
       0
       0
       0
       0
       0
       0
       0
       0
       0
       0
       0
       1
       0
       0
       0
       0
       0
       0
       1
       0
       0
       0
       0
       0
       0
       0
       0
       1
       0
       0
       1
       0
       0
       0
       1
       0
       0
       0
       0
       0
       0
       0
       0
       1
       0
       0
       0
       0
       0
       1
       0
       1
       0
       0
       0
       0
       0
       0
       0
       0
       0
       0
       0
       0
       0
       0
       0
       0
       0
       0
       0
       0
       0
       1
       0
       0
       1
       0
       0
       0
       0
       0
       0
       0
       0
       0
       0
       0
       0
       0
       0
       0
       0
       0
       0
       0
       0
       1
       0
       0
       0
       0
       0
       0
       0
       1
       0
       0
       0
       0
       0
       0
       0
       0
       1
       0
       0
       0
       0
       1
       0
       1
       0
       0
       1
       1
       0
       0
       0
       0
       0
       0
       0
       0
       1
       0
       0
       0
       0
       0
       0
       0
       0
       0
       1
       0
       0
       0
       0
       0
       0
       0
       0
       0
       1
       0
       0
       0
       0
       0
       0
       0
       0
       1
       0
       0
       0
       0
       0
       0
       0
       0
       1
       1
       0
       1
       0
       1
       1
       0
       0
       2
       2
       0
       0
       1
       1
       0
       2
       1
       0
       0
       0
       0
       0
       0
       1
       0
       0
       0
       0
       0
       0
       0
       0
       0
       0
       0
       1
       0
       0
       0
       0
       1
       0
       0
       0
       0
       0
       0
       1
       1
       0
       0
       1
       0
       0
       0
       0
       0
       0
       0
       0
       0
       0
       0
       0
       0
       0
       0
       0
       0
       0
       0
       0
       0
       0
       0
       0
       0
       0
       0
       0
       0
       0
       0
       0
       0
       0
       0
       1
       0
       0
       0
       0
       0
       0
       1
       0
       0
       0
       0
       0
       0
       0
       0
       0
       0
       1
       0
       0
       0
       0
       0
       0
       0
       0
       0
       0
       0
       0
       0
       0
       0
       0
       0
       1
       0
       0
       0
       0
       0
       1
       1
       0
       0
       0
       0
       0
       0
       0
       0
       0
       0
       0
       0
       1
       0
       0
       0
       1
       0
       0
       0
       0
       0
       0
       0
       0
       0
       0
       0
       0
       1
       0
       0
       0
       0
       0
       0
       0
       0
       0
       1
       0
       0
       0
       0
       0
       0
       1
       0
       0
       0
       0
       1
       0
       0
       0
       0
       0
       1
       0
       0
       0
       0
       0
       0
       0
       0
       0
       0
       0
       0
       0
       0
       0
       1
       0
       0
       0
       0
       0
       0
       0
       0
       0
       0
       0
       0
       0
       0
       1
       0
       1
       0
       0
       0
       0
       0
       0
       0
       0
       1
       0
       0
       0
       0
       0
       0
       0
       0
       0
       1
       0
       0
       0
       0
       0
       0
       0
       0
       0
       0
       1
       0
       0
       1
       0
       0
       0
       0
       1
       0
       0
       0
       0
       0
       0
       0
       0
       0
       0
       0
       0
       0
       0
       0
       0
       0
       0
       0
       0
       0
       0
       0
       0
       0
       0
       0
       0
       0
       0
       0
       0
       0
       0
       0
       0
       0
       0
       0
       2
       0
       0
       0
       0
       0
       0
       1
       0
       0
       0
       0
       0
       1
       0
       0
       1
       0
       0
       0
       0
       0
       0
       0
       0
       1
       1
       0
       0
       0
       0
       0
       0
       0
       0
       0
       0
       0
       0
       0
       0
       0
       0
       0
       1
       0
       0
       1
       0
       0
       0
       1
       0
       0
       0
       0
       0
       0
       0
       0
       1
       1
       1
       0
       0
       0
       0
       0
       0
       0
       0
       0
       0
       0
       0
       0
       0
       0
       0
       0
       0
       0
       0
       0
       0
       0
       0
       0
       0
       0
       0
       0
       0
       0
       0
       1
       1
       0
       0
       0
       0
       1
       0
       0
       0
       1
       0
       0
       0
       0
       1
       0
       0
       0
       0
       0
       0
       0
       0
       0
       0
       0
       0
       1
       0
       0
       0
       0
       0
       0
       0
       1
       0
       0
       0
       0
       0
       0
       1
       0
       0
       0
       0
       0
       0
       0
       0
       0
       0
       0
       0
       0
       0
       0
       0
       0
       0
       0
       0
       0
       0
       0
       0
       0
       0
       0
       0
       0
       0
       0
       0
       0
       0
       0
       0
       0
       0
       0
       0
       0
       0
       0
       0
       0
       0
       0
       0
       0
       0
       0
       0
       0
       0
       0
       0
       1
       0
       0
       0
       0
       0
       0
       0
       1
       2
       0
       0
       0
       0
       0
       0
       0
       0
       0
       0
       0
       0
       1
       0
       0
       0
       0
       0
       0
       0
       0
       0
       0
       0
       0
       0
       0
       1
       0
       0
       0
       0
       0
       0
       0
       0
       0
       0
       0
       0
       0
       0
       0
       0
       0
       0
       0
       0
       0
       0
       0
       0
       0
       0
       2
       0
       0
       0
       1
       0
       0
       0
       0
       0
       0
       0
       0
       0
       0
       0
       0
       0
       0
       0
       0
       0
       0
       0
       0
       0
       0
       0
       0
       0
       0
       0
       1
       0
       1
       0
       0
       0
       0
       0
       0
       0
       1
       0
       0
       0
       0
       1
       0
       1
       0
       0
       0
       0
       0
       0
       0
       0
       0
       0
       1
       0
       1
       0
       0
       0
       0
       0
       0
       0
       0
       0
       0
       0
       0
       0
       0
       0
       0
       0
       0
       1
       0
       0
       0
       0
       0
       0
       1
       0
       0
       0
       0
       0
       0
       0
       0
       0
       0
       0
       0
       0
       0
       0
       0
       1
       0
       0
       0
       0
       0
       0
       0
       0
       0
       0
       0
       0
       0
       0
       0
       1
       0
       0
       0
       0
       0
       0
       0
       0
       0
       0
       0
       0
       0
       0
       0
       0
       0
       0
       0
       0
       0
       0
       0
       1
       0
       0
       0
       0
       0
       0
       1
       0
       0
       0
       0
       0
       0
       0
       0
       0
       0
       0
       0
       0
       0
       0
       0
       0
       0
       0
       0
       0
       0
       0
       0
       0
       0
       0
       0
       0
       0
       0
       0
       0
       0
       0
       0
       0
       0
       0
       0
       0
       0
       0
       0
       0
       0
       0
       0
       0
       0
       0
       0
       0
       0
       0
       0
       0
       0
       0
       0
       0
       0
       0
       1
       0
       0
       0
       0
       0
       1
       0
       0
       0
       0
       0
       0
       0
       0
       0
       1
       0
       0
       0
       0
       0
       0
       0
       0
       0
       1
       0
       0
       0
       1
       0
       1
       1
       0
       0
       0
       0
       0
       0
       0
       0
       0
       0
       1
       0
       0
       0
       0
       0
       0
       1
       0
       0
       0
       0
       0
       0
       0
       0
       0
       0
       0
       0
       1
       0
       0
       0
       0
       0
       0
       0
       0
       0
       0
       0
       0
       0
       0
       0
       1
       1
       0
       0
       0
       1
       0
       0
       0
       0
       0
       0
       1
       0
       0
       0
       0
       0
       0
       0
       0
       0
       0
       0
       1
       0
       0
       0
       0
       0
       0
       0
       1
       0
       0
       0
       0
       0
       1
       0
       0
       0
       0
       0
       0
       0
       0
       0
       0
       1
       0
       0
       0
       0
       0
       0
       0
       1
       0
       0
       0
       0
       0
       0
       0
       0
       0
       0
       0
       0
       0
       0
       0
       0
       0
       0
       0
       0
       0
       0
       0
       0
       0
       0
       0
       0
       0
       0
       0
       0
       0
       0
       0
       0
       0
       0
       0
       0
       1
       0
       0
       0
       0
       1
       0
       0
       0
       0
       1
       0
       0
       0
       0
       1
       0
       0
       0
       0
       0
       0
       0
       0
       0
       0
       0
       0
       1
       0
       0
       0
       0
       0
       0
       0
       0
       0
       0
       0
       0
       0
       0
       1
       0
       0
       0
       0
       0
       1
       0
       0
       0
       0
       0
       0
       0
       0
       0
       0
       0
       0
       0
       0
       0
       1
       0
       0
       0
       0
       0
       0
       1
       0
       0
       1
       0
       0
       0
       0
       0
       0
       0
       0
       0
       0
       0
       0
       0
       0
       0
       0
       0
       0
       0
       0
       1
       0
       1
       0
       0
       0
       0
       0
       0
       1
       0
       0
       0
       0
       0
       0
       0
       0
       0
       0
       0
       0
       0
       0
       0
       0
       0
       0
       0
       0
       0
       1
       1
       0
       0
       0
       0
       0
       0
       0
       0
       0
       0
       0
       0
       0
       0
       0
       0
       0
       0
       0
       0
       0
       1
       0
       0
       1
       0
       0
       0
       0
       0
       0
       1
       0
       0
       0
       0
       0
       0
       0
       0
       0
       1
       0
       0
       0
       0
       0
       0
       0
       0
       0
       0
       0
       0
       0
       0
       0
       0
       0
       0
       0
       0
       0
       0
       0
       0
       0
       0
       0
       0
       0
       0
       0
       0
       1
       0
       1
       1
       0
       0
       0
       0
       0
       0
       0
       0
       0
       0
       0
       0
       0
       0
       0
       0
       0
       1
       0
       0
       0
       0
       0
       0
       0
       1
       0
       0
       0
       0
       0
       0
       0
       0
       0
       0
       0
       0
       0
       0
       0
       0
       1
       0
       2
       0
       0
       0
       0
       0
       0
       1
       0
       0
       0
       0
       0
       0
       0
       0
       0
       0
       0
       0
       0
       0
       0
       0
       0
       0
       2
       0
       0
       0
       0
       0
       0
       0
       0
       1
       0
       1
       0
       0
       0
       0
       0
       0
       0
       0
       0
       0
       0
       0
       0
       0
       0
       0
       0
       0
       0
       0
       0
       0
       0
       0
       0
       0
       0
       1
       0
       0
       0
       1
       0
       0
       0
       0
       0
       0
       0
       0
       0
       0
       1
       0
       0
       0
       1
       1
       0
       0
       0
       0
       0
       0
       0
       0
       0
       0
       0
       0
       0
       0
       0
       0
       0
       0
       0
       0
       0
       0
       0
       0
       0
       1
       0
       0
       0
       0
       0
       0
       0
       0
       1
       0
       0
       0
       0
       0
       0
       0
       0
       0
       0
       1
       0
       0
       0
       0
       0
       0
       0
       0
       0
       0
       0
       0
       1
       0
       0
       0
       0
       0
       0
       0
       0
       0
       0
       0
       0
       0
       0
       1
       0
       1
       0
       0
       0
       0
       0
       0
       0
       0
       1
       0
       0
       0
       0
       0
       0
       0
       1
       0
       0
       0
       0
       0
       0
       0
       0
       0
       0
       0
       0
       0
       0
       0
       0
       1
       0
       0
       0
       0
       0
       1
       0
       0
       0
       0
       0
       0
       0
       1
       0
       1
       0
       0
       0
       0
       0
       1
       0
       0
       0
       0
       0
       0
       0
       0
       1
       0
       0
       0
       0
       0
       0
       0
       0
       0
       0
       0
       0
       0
       0
       0
       0
       0
       0
       0
       0
       0
       0
       0
       0
       0
       0
       0
       0
       0
       0
       0
       0
       0
       0
       0
       0
       0
       0
       0
       0
       0
       0
       0
       0
       0
       0
       0
       0
       0
       0
       0
       0
       0
       0
       0
       0
       0
       0
       0
       0
       0
       0
       0
       0
       0
       0
       0
       0
       0
       0
       0
       0
       0
       0
       0
       0
       0
       0
       0
       0
       0
       0
       0
       0
       0
       0
       0
       0
       0
       0
       0
       0
       0
       0
       0
       0
       0
       0
       0
       0
       0
       0
       0
       0
       0
       0
       0
       0
       0
       0
       0
       0
       0
       0
       0
       0
       0
       0
       0
       0
       0
       0
       0
       0
       0
       0
       0
       0
       0
       0
       0
       0
       0
       0
       0
       0
       0
       0
       0
       0
       0
       0
       0
       0
       0
       0
       0
       0
       0
       0
       0
       0
       0
       0
       0
       0
       0
       0
       0
       0
       0
       0
       0
       0
       0
       0
       0
       0
       0
       0
       0
       0
       0
       0
       0
       0
       0
       0
       0
       0
       0
       0
       0
       0
       0
$ROI:
1
1274 1298
$PRESETS:
None
0
0
$ENER_FIT:
-0.507299 0.397161
$MCA_CAL:
3
-5.072988E-001 3.971613E-001 1.692723E-008 keV
$SHAPE_CAL:
3
3.387514E+000 1.826936E-003 2.337569E-007
