$SPEC_ID:
Pulser
$SPEC_REM:
DET# 2
DETDESC# DETECTOR 2
AP# GammaVision Version 7.01.03
$DATE_MEA:
03/29/2017 06:44:32
$MEAS_TIM:
10159 10239
$DATA:
0 8191
       0
       0
       0
       0
       0
       0
       0
       0
       0
       0
       0
       0
       0
       0
       0
       0
       0
       0
       0
       0
       0
       0
       0
     467
   18212
   18863
   11151
    9579
    9072
    9231
    9893
   12335
   16743
   21535
   23246
   19694
   14383
   11897
   13033
   18089
   26192
   33159
   33065
   27100
   19279
   13205
   10815
   10566
   11560
   12433
   12897
   12918
   12189
   11198
    9712
    9303
    8911
    8583
    8638
    8787
    8786
    8768
    8685
    8740
    8731
    8957
    8718
    8431
    8329
    8250
    8210
    8081
    8074
    8132
    8147
    8120
    8337
    8134
    7842
    8034
    8140
    8140
    8057
    8114
    8174
    8204
    8165
    8138
    8322
    8112
    8211
    8288
    8420
    8188
    8319
    8273
    8498
    8476
    8605
    8578
    8734
    8677
    8758
    8852
    9157
    9237
    9109
    9119
    9143
    9307
    9496
    9506
    9557
    9493
    9752
    9693
    9736
   10018
   10219
   10153
   10241
   10315
   10520
   10720
   11229
   11705
   11931
   11845
   11910
   11784
   11816
   12179
   12367
   12407
   12920
   13052
   12973
   12642
   12540
   12544
   12566
   12471
   12875
   12936
   13024
   13192
   12960
   13301
   13337
   13424
   13682
   13901
   13892
   13921
   14190
   14238
   14947
   19374
   35442
   69519
  103096
  101256
   66267
   32411
   18032
   14956
   14675
   14496
   14738
   14983
   15285
   15448
   15765
   16148
   16309
   16554
   16850
   16982
   16912
   16952
   17169
   17563
   18201
   19464
   20083
   19680
   18748
   19130
   20323
   21866
   21684
   19597
   17621
   16998
   16855
   16518
   16642
   16836
   16920
   16653
   16875
   16834
   17019
   17002
   16905
   17130
   17380
   17411
   17535
   18444
   19589
   21130
   21898
   22451
   22094
   20194
   18067
   16959
   16695
   16980
   17359
   17288
   16817
   16855
   16804
   16994
   17869
   18497
   18840
   18639
   21638
   37639
   81785
  153064
  210827
  205648
  145644
   88711
   70963
   80346
   82057
   62661
   38859
   23866
   19071
   20149
   30730
   58188
   98793
  125803
  113422
   72495
   37355
   20612
   15623
   14418
   14008
   13778
   13912
   13792
   14090
   13675
   13711
   13620
   13759
   13868
   13859
   13976
   14060
   13570
   13267
   13391
   13343
   13801
   14289
   14955
   16268
   19613
   25854
   34818
   43153
   48179
   45981
   38470
   31656
   28380
   25931
   23403
   22668
   24296
   24573
   21700
   16827
   12849
    9939
    8269
    7646
    7620
    7499
    7445
    7615
    7500
    7467
    7491
    7764
    7540
    7619
    7650
    7506
    7248
    7566
    7602
    7432
    7472
    7622
    7507
    7681
    7603
    7556
    7507
    7366
    7519
    7588
    7447
    7412
    7362
    7412
    7524
    7542
    7537
    7621
    8062
    8060
    8019
    7873
    7390
    7468
    7131
    7265
    7359
    7396
    7301
    7460
    7342
    7242
    7417
    7332
    7108
    7297
    7146
    7357
    7220
    7364
    7017
    7291
    7292
    7273
    7354
    7337
    7311
    7783
    8757
   10423
   11580
   11818
   10257
    8587
    7445
    7204
    7087
    7083
    6991
    7128
    6983
    6920
    7133
    6789
    6874
    6991
    7004
    6993
    6932
    7001
    6923
    7073
    7031
    7080
    7174
    7175
    6890
    6732
    6789
    6776
    6947
    6855
    6897
    6734
    6751
    6633
    6838
    6878
    6673
    6704
    6823
    6650
    6700
    6717
    6617
    6659
    6792
    7234
    7839
    8650
    8789
    8421
    7662
    7002
    6625
    6457
    6519
    6590
    6340
    6260
    6563
    6412
    6475
    6424
    6372
    6384
    6196
    6393
    6428
    6538
    6206
    6339
    6246
    6238
    6334
    6346
    6143
    6192
    6228
    6169
    6242
    6077
    6179
    6238
    6193
    6100
    6003
    6169
    5984
    5925
    5911
    5952
    5843
    5964
    5894
    6044
    6119
    6171
    6161
    6117
    6094
    6284
    7767
   11639
   18628
   26651
   31669
   29646
   21984
   13417
    8227
    6377
    5874
    5806
    5774
    5783
    5548
    5618
    5665
    5580
    5560
    5680
    5585
    5683
    5746
    5961
    5712
    5758
    5812
    5684
    5712
    5942
    5671
    5588
    5696
    5691
    5376
    5509
    5400
    5352
    5405
    5292
    5327
    5219
    5298
    5462
    5720
    5751
    5844
    5571
    5536
    5357
    5614
    6195
    6807
    7357
    7436
    6871
    6066
    5614
    5329
    5091
    5292
    5272
    5236
    5211
    5081
    5099
    5142
    5167
    4887
    4932
    4913
    4957
    4907
    4972
    4840
    4891
    4858
    4866
    4791
    4888
    4826
    4750
    4785
    4756
    4769
    4696
    4741
    4858
    4616
    4734
    4612
    4717
    4695
    4714
    4663
    4733
    4767
    4549
    4639
    4681
    4592
    4545
    4532
    4548
    4604
    4678
    4785
    4837
    4803
    4772
    4756
    4612
    4486
    4438
    4355
    4416
    4342
    4395
    4445
    4394
    4371
    4328
    4419
    4454
    4354
    4195
    4195
    4370
    4260
    4280
    4275
    4297
    4298
    4113
    4143
    4306
    4202
    4211
    4233
    4192
    4263
    4194
    4272
    4284
    4104
    4149
    4071
    3994
    4050
    4007
    4117
    3975
    3938
    4058
    3974
    4046
    4061
    4072
    4034
    4041
    3964
    3978
    4182
    4090
    3997
    3979
    3945
    3985
    3968
    3937
    3902
    3913
    3882
    4002
    3921
    3799
    3826
    3850
    3815
    3894
    3867
    3806
    3841
    4167
    4531
    4911
    5266
    5446
    5320
    4641
    4285
    3887
    3643
    3728
    3752
    3671
    3800
    3717
    3596
    3715
    3682
    3625
    3624
    3654
    3620
    3576
    3640
    3618
    3642
    3695
    3563
    3531
    3647
    3642
    3613
    3591
    3546
    3565
    3541
    3617
    3511
    3585
    3559
    3595
    3505
    3518
    3584
    3361
    3528
    3496
    3513
    3518
    3402
    3532
    3431
    3486
    3449
    3593
    3504
    3485
    3461
    3373
    3436
    3375
    3440
    3476
    3415
    3395
    3364
    3294
    3226
    3332
    3454
    3359
    3396
    3403
    3322
    3252
    3415
    3297
    3328
    3282
    3288
    3263
    3369
    3244
    3237
    3325
    3215
    3207
    3251
    3260
    3249
    3259
    3292
    3333
    3350
    3353
    3322
    3462
    3235
    3288
    3173
    3219
    3194
    3060
    3096
    3147
    3209
    3062
    3190
    3189
    3142
    3026
    3180
    3140
    3094
    3113
    3118
    3109
    3090
    3007
    3079
    3060
    3154
    3062
    3131
    3108
    2936
    2927
    3025
    3020
    2967
    3049
    3050
    2966
    2889
    3071
    3064
    3133
    3023
    2956
    2963
    2986
    3026
    3031
    2995
    3045
    2964
    2905
    2994
    2864
    2984
    2896
    2833
    2962
    2899
    2869
    2939
    2921
    2852
    2886
    2860
    2834
    2903
    2864
    2865
    2957
    2821
    2783
    2847
    2838
    2836
    2900
    2821
    3030
    2836
    2786
    2770
    2838
    2873
    2925
    2844
    2778
    2765
    2730
    2827
    2815
    2853
    2815
    2817
    2781
    2788
    2767
    2751
    2781
    2736
    2747
    2733
    2785
    2791
    2733
    2727
    2800
    2718
    2726
    2727
    2668
    2787
    2751
    2703
    2788
    2695
    2732
    2670
    2725
    2650
    2787
    2667
    2725
    2669
    2622
    2614
    2668
    2603
    2707
    2678
    2674
    2656
    2675
    2592
    2679
    2693
    2606
    2622
    2532
    2505
    2481
    2578
    2516
    2640
    2597
    2579
    2630
    2571
    2550
    2524
    2557
    2499
    2641
    2567
    2504
    2533
    2551
    2654
    2482
    2527
    2504
    2557
    2551
    2582
    2512
    2484
    2570
    2452
    2504
    2476
    2514
    2486
    2567
    2434
    2521
    2493
    2507
    2461
    2440
    2510
    2503
    2426
    2428
    2389
    2469
    2563
    2410
    2490
    2507
    2518
    2522
    2474
    2535
    2520
    2427
    2457
    2522
    2437
    2477
    2444
    2320
    2462
    2407
    2375
    2438
    2442
    2479
    2456
    2447
    2412
    2399
    2388
    2419
    2417
    2386
    2307
    2430
    2409
    2397
    2389
    2369
    2442
    2376
    2327
    2436
    2402
    2365
    2434
    2354
    2349
    2391
    2268
    2371
    2337
    2390
    2337
    2383
    2367
    2327
    2317
    2315
    2332
    2289
    2336
    2321
    2248
    2281
    2205
    2333
    2313
    2236
    2312
    2278
    2310
    2304
    2233
    2327
    2246
    2280
    2317
    2190
    2304
    2287
    2254
    2236
    2250
    2271
    2279
    2262
    2254
    2145
    2255
    2171
    2265
    2217
    2210
    2197
    2349
    2199
    2217
    2217
    2164
    2213
    2260
    2207
    2250
    2260
    2169
    2298
    2281
    2254
    2238
    2215
    2220
    2193
    2181
    2217
    2187
    2174
    2208
    2176
    2125
    2153
    2254
    2232
    2285
    2122
    2158
    2177
    2227
    2134
    2169
    2164
    2260
    2137
    2145
    2190
    2207
    2176
    2131
    2138
    2162
    2182
    2145
    2165
    2203
    2088
    2163
    2144
    2080
    2202
    2143
    2165
    2099
    2087
    2154
    2148
    2122
    2124
    2094
    2017
    2189
    1942
    2141
    2135
    2146
    2046
    2087
    2127
    1996
    2116
    2113
    2108
    2097
    2061
    2073
    2158
    2102
    2107
    2067
    2024
    2049
    2103
    2010
    2085
    2094
    2078
    2006
    2094
    2033
    1966
    2091
    2054
    2003
    2082
    2139
    2029
    2099
    2047
    2099
    1989
    2035
    1964
    1976
    2004
    2124
    2115
    2040
    2029
    2050
    1985
    1967
    2018
    2027
    1961
    1984
    2022
    2057
    2026
    2006
    1991
    2047
    2028
    1973
    2087
    2045
    2015
    2025
    1918
    1980
    1917
    1908
    1997
    2037
    2030
    2019
    1984
    2054
    1961
    1931
    1922
    1890
    1957
    2034
    1934
    1943
    1957
    1977
    1921
    1921
    2008
    1977
    1953
    2014
    1885
    2038
    2058
    1992
    2013
    1951
    1952
    1915
    1938
    1977
    1970
    1952
    1881
    1973
    1905
    1936
    1927
    1959
    1964
    1941
    1940
    2078
    1971
    1974
    1974
    1898
    1929
    1995
    1887
    1917
    1923
    1828
    1906
    1955
    1839
    1885
    1905
    1935
    1966
    1936
    1920
    1876
    1906
    1866
    1905
    1823
    1900
    1868
    1873
    1898
    1830
    1934
    1875
    1883
    1902
    1900
    1938
    1959
    1909
    1822
    1842
    1855
    1857
    1889
    1800
    1849
    1841
    1917
    1887
    1830
    1862
    1807
    1837
    1837
    1848
    1796
    1781
    1792
    1919
    1816
    1772
    1739
    1869
    1841
    1787
    1878
    1805
    1856
    1767
    1897
    1811
    1834
    1863
    1836
    1805
    1865
    1807
    1818
    1793
    1869
    1836
    1778
    1753
    1924
    1923
    1816
    1847
    1817
    1819
    1846
    1878
    1880
    1836
    1781
    1865
    1877
    1877
    1798
    1823
    1767
    1788
    1821
    1803
    1819
    1717
    1809
    1753
    1802
    1694
    1750
    1809
    1763
    1743
    1757
    1794
    1724
    1804
    1888
    1859
    1791
    1843
    1819
    1797
    1822
    1847
    1810
    1737
    1776
    1815
    1757
    1743
    1710
    1758
    1805
    1780
    1751
    1813
    1748
    1785
    1702
    1723
    1737
    1743
    1707
    1786
    1761
    1762
    1710
    1744
    1748
    1773
    1723
    1708
    1792
    1879
    1762
    1769
    1764
    1777
    1734
    1695
    1689
    1793
    1720
    1705
    1737
    1738
    1794
    1744
    1718
    1699
    1743
    1719
    1744
    1798
    1743
    1778
    1736
    1728
    1766
    1672
    1745
    1659
    1754
    1737
    1705
    1727
    1761
    1722
    1702
    1650
    1812
    1742
    1640
    1646
    1656
    1648
    1634
    1788
    1679
    1754
    1690
    1660
    1617
    1636
    1650
    1706
    1631
    1632
    1587
    1680
    1604
    1651
    1606
    1655
    1674
    1696
    1674
    1649
    1696
    1665
    1677
    1667
    1593
    1600
    1641
    1730
    1668
    1677
    1671
    1696
    1625
    1757
    1701
    1760
    1738
    1764
    1821
    1878
    1889
    1779
    1836
    1786
    1774
    1659
    1588
    1681
    1670
    1611
    1580
    1610
    1687
    1556
    1641
    1653
    1529
    1629
    1603
    1571
    1591
    1560
    1645
    1559
    1568
    1641
    1533
    1581
    1594
    1604
    1641
    1569
    1589
    1565
    1572
    1611
    1579
    1600
    1555
    1610
    1573
    1567
    1576
    1598
    1529
    1527
    1535
    1605
    1582
    1609
    1507
    1562
    1618
    1533
    1598
    1574
    1552
    1581
    1545
    1550
    1582
    1616
    1635
    1523
    1536
    1610
    1606
    1587
    1453
    1532
    1490
    1558
    1525
    1523
    1587
    1563
    1520
    1555
    1485
    1520
    1492
    1565
    1507
    1448
    1533
    1477
    1564
    1536
    1492
    1576
    1481
    1547
    1560
    1553
    1493
    1546
    1470
    1541
    1589
    1539
    1514
    1517
    1580
    1502
    1612
    1566
    1542
    1465
    1584
    1439
    1534
    1471
    1483
    1465
    1537
    1464
    1469
    1559
    1519
    1497
    1497
    1569
    1528
    1562
    1495
    1479
    1542
    1435
    1534
    1495
    1448
    1515
    1527
    1464
    1462
    1465
    1435
    1472
    1487
    1494
    1528
    1492
    1500
    1519
    1474
    1453
    1549
    1422
    1425
    1521
    1417
    1451
    1451
    1504
    1487
    1370
    1494
    1418
    1460
    1415
    1430
    1464
    1416
    1490
    1333
    1407
    1466
    1475
    1406
    1370
    1376
    1453
    1455
    1471
    1469
    1396
    1421
    1426
    1432
    1423
    1422
    1443
    1360
    1424
    1337
    1452
    1404
    1426
    1439
    1397
    1389
    1362
    1468
    1424
    1392
    1379
    1330
    1400
    1406
    1400
    1370
    1421
    1366
    1391
    1315
    1388
    1315
    1432
    1396
    1344
    1405
    1362
    1345
    1402
    1380
    1465
    1450
    1322
    1457
    1411
    1414
    1422
    1339
    1348
    1339
    1421
    1385
    1421
    1379
    1412
    1321
    1392
    1351
    1452
    1357
    1362
    1320
    1348
    1335
    1381
    1355
    1300
    1344
    1407
    1370
    1417
    1380
    1365
    1419
    1354
    1366
    1395
    1335
    1324
    1363
    1307
    1341
    1328
    1362
    1298
    1329
    1277
    1334
    1367
    1374
    1332
    1273
    1295
    1354
    1360
    1290
    1300
    1394
    1340
    1297
    1309
    1374
    1343
    1350
    1406
    1379
    1284
    1319
    1415
    1326
    1393
    1343
    1307
    1329
    1335
    1311
    1270
    1331
    1337
    1317
    1326
    1299
    1311
    1387
    1299
    1353
    1337
    1319
    1375
    1436
    1356
    1337
    1319
    1328
    1327
    1375
    1392
    1376
    1348
    1353
    1322
    1324
    1333
    1285
    1288
    1310
    1234
    1358
    1343
    1364
    1359
    1328
    1344
    1352
    1337
    1346
    1317
    1380
    1338
    1384
    1351
    1315
    1319
    1295
    1314
    1302
    1324
    1257
    1300
    1348
    1295
    1383
    1335
    1311
    1296
    1284
    1236
    1295
    1302
    1312
    1263
    1269
    1209
    1281
    1261
    1289
    1247
    1309
    1314
    1281
    1320
    1276
    1200
    1292
    1260
    1257
    1250
    1264
    1328
    1294
    1266
    1205
    1251
    1290
    1214
    1240
    1282
    1237
    1278
    1254
    1221
    1213
    1218
    1333
    1266
    1309
    1263
    1228
    1248
    1183
    1248
    1246
    1237
    1164
    1268
    1274
    1260
    1247
    1225
    1216
    1284
    1259
    1212
    1256
    1260
    1263
    1286
    1283
    1311
    1255
    1285
    1299
    1260
    1227
    1289
    1237
    1212
    1249
    1309
    1252
    1323
    1287
    1332
    1296
    1348
    1398
    1449
    1506
    1568
    1631
    1742
    1764
    1794
    1785
    1808
    1674
    1442
    1366
    1284
    1244
    1282
    1238
    1205
    1222
    1185
    1192
    1235
    1171
    1258
    1139
    1146
    1218
    1217
    1151
    1200
    1170
    1154
    1161
    1176
    1214
    1187
    1261
    1244
    1231
    1175
    1163
    1232
    1170
    1134
    1178
    1202
    1151
    1220
    1170
    1155
    1190
    1274
    1199
    1157
    1197
    1206
    1228
    1343
    1426
    1543
    1704
    1909
    2096
    2413
    2719
    2829
    3028
    3263
    3095
    2758
    2535
    2105
    1765
    1553
    1379
    1227
    1163
    1212
    1193
    1099
    1165
    1171
    1150
    1110
    1165
    1064
    1182
    1094
    1081
    1179
    1097
    1146
    1144
    1158
    1106
    1165
    1173
    1134
    1166
    1167
    1133
    1181
    1222
    1138
    1194
    1188
    1199
    1194
    1171
    1275
    1276
    1288
    1291
    1343
    1341
    1417
    1389
    1478
    1443
    1332
    1292
    1208
    1296
    1166
    1124
    1183
    1061
    1091
    1113
    1099
    1082
    1103
    1150
    1115
    1136
    1120
    1089
    1082
    1071
    1122
    1102
    1067
    1071
    1196
    1064
    1125
    1081
    1108
    1092
    1125
     991
    1047
    1089
    1064
    1056
    1070
    1087
    1096
    1046
    1056
    1030
    1042
    1035
    1098
    1035
    1006
    1077
    1080
    1058
    1080
    1124
    1063
    1028
    1126
    1034
    1148
    1018
     997
    1037
    1060
     974
    1043
     992
    1021
     994
     991
    1082
     991
     980
    1066
    1002
     999
    1019
     990
     998
    1007
    1026
    1013
     944
     996
    1011
    1057
    1007
     993
    1018
    1009
     983
     998
     976
     971
     977
    1014
    1044
    1039
    1062
    1023
     994
     984
    1009
    1046
    1009
    1030
    1005
     929
     983
    1002
     941
     993
     983
    1003
     976
     995
     994
     981
    1027
     995
     964
     925
     942
     942
     942
     964
     961
     907
     908
     910
     948
     941
     982
     945
     942
     899
     919
    1001
     982
     960
     946
     888
     940
     897
     890
     902
     935
     884
     920
     906
     902
     916
     930
     948
     923
     933
     949
     886
     917
     874
     936
     959
     939
     956
     967
     930
     919
     988
     945
     966
     876
     871
     865
     868
     865
     867
     842
     899
     887
     910
     918
     954
     909
     893
     873
     937
     866
     837
     953
     915
     904
     911
     852
     893
     890
     833
     879
     841
     851
     892
     824
     835
     865
     836
     944
     937
     843
     866
     877
     905
     854
     835
     882
     856
     895
     877
     817
     791
     880
     882
     821
     838
     837
     864
     903
     851
     835
     864
     898
     860
     869
     931
     910
     908
     887
     915
     960
     961
     991
     965
    1036
     900
     963
     971
     990
     946
     900
     895
     904
     914
     810
     902
     910
     873
     862
     876
     870
     850
     800
     881
     824
     835
     798
     859
     800
     812
     792
     792
     860
     786
     809
     773
     784
     769
     808
     792
     771
     813
     807
     821
     783
     776
     763
     826
     807
     794
     826
     771
     836
     772
     765
     786
     798
     826
     747
     737
     738
     751
     780
     771
     766
     786
     775
     764
     785
     734
     782
     726
     702
     719
     787
     746
     744
     792
     730
     728
     768
     788
     731
     765
     771
     744
     819
     763
     750
     697
     759
     752
     737
     718
     765
     746
     744
     696
     731
     741
     731
     755
     756
     803
     755
     779
     799
     783
     739
     819
     839
     832
     836
     806
     880
     839
     790
     864
     844
     849
     786
     785
     756
     751
     700
     754
     755
     696
     700
     735
     768
     713
     734
     635
     715
     718
     713
     720
     750
     721
     784
     719
     730
     728
     751
     688
     727
     682
     729
     706
     717
     752
     697
     704
     752
     735
     750
     743
     751
     787
     719
     782
     746
     815
     808
     796
     842
     851
     834
     798
     817
     774
     767
     751
     688
     717
     698
     658
     672
     684
     672
     682
     673
     668
     666
     627
     664
     661
     643
     735
     690
     686
     641
     687
     658
     645
     629
     668
     642
     694
     645
     668
     657
     653
     711
     626
     644
     644
     639
     685
     613
     652
     645
     636
     678
     667
     636
     660
     630
     636
     628
     639
     656
     595
     617
     646
     606
     603
     599
     664
     605
     637
     644
     617
     595
     596
     668
     630
     614
     617
     637
     638
     584
     610
     600
     586
     654
     643
     630
     617
     682
     637
     595
     639
     656
     638
     642
     645
     638
     586
     643
     614
     632
     630
     627
     592
     604
     625
     564
     595
     591
     628
     630
     600
     636
     588
     602
     617
     578
     600
     585
     583
     606
     576
     576
     621
     621
     634
     625
     684
     651
     720
     793
     825
     991
    1074
    1148
    1347
    1698
    1968
    2362
    2818
    3111
    3633
    3796
    4075
    4114
    4015
    3707
    3206
    2730
    2051
    1555
    1273
    1060
     921
     750
     650
     614
     555
     535
     584
     608
     526
     581
     546
     573
     559
     569
     580
     572
     590
     526
     546
     561
     556
     523
     555
     545
     559
     533
     554
     521
     572
     532
     539
     517
     553
     520
     532
     558
     584
     581
     545
     499
     505
     500
     550
     555
     553
     531
     516
     525
     542
     548
     557
     536
     525
     520
     544
     546
     547
     553
     538
     533
     509
     544
     539
     531
     500
     586
     498
     506
     533
     515
     526
     498
     502
     524
     535
     544
     504
     519
     492
     508
     541
     495
     533
     519
     534
     520
     501
     476
     510
     505
     509
     544
     528
     491
     469
     532
     489
     533
     506
     486
     449
     496
     493
     495
     523
     517
     486
     485
     468
     491
     485
     470
     457
     459
     465
     490
     489
     469
     468
     468
     464
     463
     480
     428
     461
     462
     442
     475
     518
     448
     480
     446
     484
     510
     498
     528
     451
     468
     489
     455
     476
     473
     496
     478
     496
     483
     452
     486
     484
     427
     440
     495
     486
     496
     469
     469
     459
     438
     471
     464
     474
     424
     457
     449
     474
     470
     457
     458
     447
     433
     443
     449
     442
     435
     473
     465
     438
     448
     452
     456
     420
     444
     434
     461
     400
     466
     438
     440
     497
     419
     405
     440
     418
     436
     463
     431
     448
     436
     445
     421
     449
     410
     452
     430
     435
     421
     434
     435
     433
     470
     445
     441
     448
     419
     463
     396
     401
     433
     388
     393
     415
     416
     416
     434
     421
     433
     415
     430
     405
     422
     444
     406
     419
     429
     425
     393
     373
     414
     429
     422
     427
     392
     414
     410
     392
     396
     434
     400
     407
     412
     368
     407
     419
     425
     403
     387
     422
     410
     389
     419
     419
     379
     401
     400
     412
     354
     392
     382
     402
     405
     421
     374
     423
     403
     386
     423
     413
     366
     401
     376
     382
     404
     386
     383
     362
     388
     402
     371
     378
     380
     377
     368
     407
     400
     361
     392
     355
     358
     397
     396
     363
     404
     392
     345
     362
     399
     346
     406
     357
     392
     384
     381
     334
     382
     369
     356
     372
     388
     364
     353
     345
     356
     339
     354
     338
     299
     359
     316
     364
     323
     350
     351
     326
     361
     344
     346
     342
     375
     337
     327
     352
     351
     319
     318
     330
     347
     349
     328
     316
     353
     359
     364
     330
     335
     323
     331
     370
     317
     343
     343
     347
     341
     350
     308
     318
     321
     319
     323
     347
     331
     337
     303
     298
     326
     352
     305
     362
     334
     336
     315
     331
     321
     328
     306
     305
     314
     328
     309
     298
     332
     318
     330
     322
     323
     295
     340
     346
     307
     327
     284
     331
     300
     322
     322
     321
     313
     304
     287
     329
     306
     324
     277
     332
     283
     318
     308
     285
     280
     291
     318
     335
     310
     318
     299
     282
     298
     301
     267
     284
     314
     269
     299
     323
     305
     316
     321
     292
     330
     277
     299
     306
     289
     272
     301
     295
     303
     302
     291
     297
     267
     273
     282
     295
     257
     261
     289
     267
     268
     244
     292
     256
     304
     289
     297
     271
     268
     297
     291
     286
     316
     278
     304
     334
     332
     318
     299
     318
     287
     336
     308
     312
     295
     270
     244
     255
     285
     298
     283
     298
     269
     279
     274
     253
     239
     275
     273
     301
     255
     271
     270
     262
     243
     241
     255
     262
     259
     258
     256
     243
     236
     252
     260
     255
     242
     245
     264
     264
     262
     266
     241
     229
     253
     250
     267
     264
     251
     237
     235
     248
     247
     248
     242
     233
     252
     262
     248
     219
     232
     260
     253
     265
     240
     246
     259
     208
     240
     227
     263
     238
     252
     223
     232
     240
     214
     223
     201
     243
     266
     246
     210
     246
     248
     230
     253
     245
     225
     232
     238
     229
     241
     232
     218
     195
     224
     224
     230
     236
     231
     235
     238
     221
     219
     245
     212
     243
     221
     237
     220
     246
     216
     222
     230
     223
     218
     218
     178
     208
     199
     223
     225
     192
     223
     253
     206
     214
     226
     207
     222
     195
     202
     198
     198
     199
     209
     208
     202
     192
     222
     218
     225
     207
     189
     204
     198
     200
     225
     199
     223
     197
     182
     196
     216
     226
     205
     199
     190
     225
     217
     194
     197
     212
     197
     189
     195
     197
     217
     202
     172
     206
     193
     191
     165
     192
     213
     187
     197
     184
     215
     182
     205
     178
     209
     204
     179
     192
     191
     192
     195
     188
     195
     192
     180
     184
     176
     187
     198
     158
     177
     168
     197
     172
     183
     172
     200
     198
     178
     180
     189
     187
     199
     169
     179
     157
     187
     167
     182
     183
     171
     172
     179
     179
     171
     159
     171
     185
     177
     163
     156
     184
     194
     189
     180
     173
     149
     175
     179
     147
     183
     167
     168
     175
     149
     151
     170
     155
     161
     152
     159
     164
     151
     161
     182
     150
     182
     172
     174
     168
     148
     150
     167
     165
     161
     187
     168
     144
     158
     163
     164
     159
     159
     166
     143
     131
     145
     126
     155
     151
     157
     139
     143
     156
     150
     140
     148
     152
     159
     140
     150
     144
     147
     145
     137
     151
     119
     155
     137
     140
     139
     129
     142
     141
     145
     145
     133
     165
     161
     159
     141
     148
     146
     146
     142
     163
     141
     121
     111
     140
     138
     144
     143
     133
     141
     123
     123
     141
     142
     138
     157
     160
     115
     141
     135
     156
     136
     141
     138
     147
     138
     147
     126
     124
     141
     120
     128
     140
     121
     111
     131
     132
     123
     114
     138
     127
     123
     138
     137
     124
     119
     136
     132
     143
     115
     113
     129
     123
     137
     143
     139
     120
     106
     122
     132
     136
     110
     122
     128
     130
     115
     128
     138
     116
     124
     109
     118
     150
     105
     106
     104
     112
     116
     118
     109
     107
     143
     111
     119
     126
     127
     130
     144
     109
     118
     107
     113
     108
     113
     102
     105
     104
     107
      93
     101
     108
     104
      96
     106
     117
      95
     114
     117
     106
     109
     113
     118
     103
      93
      93
     100
      96
     111
     103
      95
      95
     132
      98
     100
     100
     115
     118
     102
     101
     102
     109
     104
     108
      95
     116
     111
      92
      93
     100
      88
      92
      99
     129
      76
      92
     116
      96
     105
      84
     103
     100
     108
      93
      76
     112
      85
     108
      86
      98
     101
     104
      86
      82
      84
     108
      96
      98
      90
      92
     105
      89
      83
      99
      74
      79
     107
      94
      96
     104
      98
      88
      88
      82
     100
      97
      89
     113
     106
      90
      89
      90
      99
      79
      81
      92
      86
      94
      88
      81
      84
      84
      86
      96
     113
     104
      89
      96
      97
      85
      73
      79
      85
      75
      78
      90
      85
      86
      90
      78
      81
      88
      76
      75
      87
      90
      93
      86
      76
      58
      93
      81
      67
      78
      71
      82
      76
      79
      78
     101
      87
      82
      73
      87
      82
      86
      82
      85
      74
      82
      87
      75
      59
      63
      65
      84
      82
      70
      76
      60
      68
      53
      64
      78
      75
      73
      85
      69
      53
      70
      79
      74
      87
      72
      69
      68
      79
      81
      73
      65
      83
      70
      71
      74
      96
      68
      92
      80
      78
      88
      75
      84
      92
      81
      90
      81
      72
      87
      74
      77
      74
      75
      65
      80
      64
      64
      59
      76
      58
      62
      54
      80
      54
      59
      74
      66
      63
      54
      70
      53
      68
      59
      79
      57
      54
      43
      53
      57
      69
      68
      56
      70
      62
      62
      71
      66
      51
      67
      57
      61
      58
      53
      57
      67
      55
      67
      72
      62
      72
      50
      39
      58
      66
      44
      55
      61
      54
      40
      61
      48
      68
      54
      50
      41
      70
      56
      51
      36
      63
      53
      62
      46
      64
      38
      57
      41
      45
      55
      35
      49
      50
      46
      38
      43
      51
      46
      43
      59
      37
      36
      49
      54
      47
      36
      47
      41
      62
      48
      42
      49
      51
      50
      40
      49
      44
      46
      43
      49
      41
      56
      32
      41
      44
      49
      42
      57
      39
      45
      37
      42
      39
      51
      44
      55
      43
      43
      45
      41
      28
      36
      48
      43
      44
      46
      44
      32
      39
      41
      53
      47
      43
      42
      43
      46
      45
      42
      46
      52
      36
      41
      48
      36
      39
      35
      34
      36
      35
      42
      32
      34
      36
      42
      28
      48
      42
      41
      52
      32
      35
      42
      36
      49
      46
      51
      39
      54
      61
      71
      52
      79
      55
      69
      84
      73
      64
      69
      58
      44
      46
      48
      53
      36
      37
      43
      34
      41
      37
      49
      35
      28
      39
      39
      33
      24
      34
      48
      26
      32
      28
      28
      39
      35
      25
      40
      36
      26
      36
      44
      28
      31
      47
      35
      36
      28
      35
      30
      39
      45
      42
      28
      34
      33
      34
      26
      28
      34
      30
      35
      31
      33
      30
      30
      26
      33
      20
      33
      27
      24
      36
      25
      26
      23
      25
      28
      26
      18
      21
      30
      24
      20
      26
      18
      24
      28
      22
      17
      31
      35
      22
      29
      26
      30
      22
      31
      27
      31
      41
      20
      33
      36
      21
      24
      39
      41
      44
      42
      44
      39
      43
      56
      51
      48
      38
      43
      43
      34
      39
      46
      28
      25
      24
      33
      28
      20
      21
      21
      25
      25
      24
      18
      21
      18
      27
      21
      17
      19
      23
      22
      21
      23
      19
      21
      23
      22
      20
      16
      19
      19
      24
      22
      31
      16
      22
      30
      19
      17
      19
      22
      22
      20
      26
      10
      32
      19
      19
      16
      23
      22
      24
      15
      19
      14
      15
      21
      24
      20
      34
      24
      17
      24
      14
      21
      17
      21
      22
      24
      23
      14
      25
      17
      20
      17
      12
      28
      17
      13
      12
      17
      22
      26
      17
      19
      25
      29
      24
      20
      25
      20
      19
      25
      29
      28
      23
      21
      18
      23
      22
      23
      29
      16
      24
      18
      23
      16
      25
      20
      22
      17
      14
      14
      11
      15
      25
      16
      17
      11
      16
      21
      11
      17
      12
      13
       8
      13
      12
      10
      17
      15
       9
      16
      21
      16
       9
      14
      13
      14
      16
      13
      20
      15
      13
      10
      12
      11
      17
      14
      14
      11
       9
      13
      17
       9
      21
      11
       9
      12
      16
      10
      15
      11
      14
      13
      10
      17
      12
       8
      11
      19
      16
      18
      13
      11
      16
      15
      15
      15
       7
       7
      10
      12
      16
      15
      12
       9
      12
       7
      18
      10
      14
      11
       7
       9
      14
       8
      10
      12
       9
      11
      11
      11
       7
      10
      12
      16
       9
      16
      20
      13
      10
      13
      10
      12
       9
       8
       9
       8
       8
      11
      12
      16
      10
       8
       5
       9
      11
       8
      11
       7
      12
      17
      13
       5
      10
       8
      10
      12
       9
      11
      11
      11
       8
       9
       4
       9
      13
      10
       8
      12
       8
       6
       9
       6
       8
      11
       5
       5
       8
      10
       9
      12
       4
       7
       7
       5
      10
       4
       4
       4
       9
      15
       7
       5
       9
       7
      14
      10
       5
       6
       8
      17
       7
       7
       8
      11
      10
       8
       3
      11
       5
       6
      10
      10
       9
      10
       7
      10
       4
      11
       7
       7
       6
       9
       9
       3
       6
       6
      10
       8
       9
       6
       8
       7
      11
       7
       6
       4
      11
       9
       1
       7
      10
       8
       6
       6
       6
       3
       4
       4
       7
       4
       6
       7
       5
      13
       3
       6
       6
       5
       4
      12
       9
      13
       6
      12
      10
       8
       9
       7
      13
      10
       6
       6
       6
       8
       6
       4
       9
       7
       9
       4
       5
       4
       6
      11
       3
      10
       9
       5
       8
       5
       4
       7
       6
       6
       7
       5
       4
       2
       5
       7
       3
       4
       6
       3
       6
       2
       2
       4
       4
       3
       4
       5
       4
       6
       3
       7
       6
       7
       7
       5
       3
       6
       3
       4
       3
       4
       7
       3
       1
       4
       7
       3
       3
       5
       4
       4
       4
       5
       5
       8
       2
       3
       4
       5
       2
       7
       5
       3
       5
       5
       6
       4
       4
      11
       5
       3
       5
       9
      10
       9
       8
       6
      11
      18
      14
      20
      28
      22
      35
      29
      32
      41
      35
      35
      46
      32
      30
      52
      30
      52
      37
      25
      30
      13
      15
      15
      11
       5
       7
      10
       5
       6
       6
       4
       2
       3
       3
       2
       1
       1
       5
       5
       1
       3
       1
       4
       4
       7
       3
       2
       5
       6
       3
       4
       2
       4
       3
       2
       4
       7
       0
       5
       5
       4
       3
      12
       6
       7
       4
      10
       7
      10
       7
      11
      14
       9
       6
      14
      17
      10
      14
      13
       6
      20
      12
      16
      11
      19
      10
      16
      12
      10
      13
       8
       6
       4
      10
       4
       3
       4
       6
       1
       2
       3
       2
       5
       2
       1
       3
       1
       3
       3
       2
       4
       1
       3
       0
       2
       1
       2
       1
       1
       3
       1
       1
       1
       5
       1
       4
       4
       0
       0
       0
       2
       2
       1
       2
       3
       0
       3
       1
       1
       3
       2
       2
       1
       1
       2
       0
       1
       1
       2
       1
       0
       3
       0
       1
       3
       2
       2
       0
       1
       3
       7
       4
       4
       2
       2
       2
       3
       4
       5
       2
       0
       3
       2
       2
       6
       2
       2
       2
       3
       3
       3
       7
       1
       4
       6
       6
       5
       5
       9
       7
      13
      13
       6
       8
       3
       8
       4
       9
      10
       3
       6
       1
       1
       4
       0
       2
       1
       3
       1
       2
       2
       3
       1
       6
       3
       1
       2
       2
       3
       5
       3
       3
       2
       4
       2
       1
       3
       1
       0
       3
       6
       3
       8
       6
       4
      10
      10
      10
      13
      23
      15
      14
      19
      19
      22
      23
      24
      24
      26
      32
      27
      25
      28
      23
      16
      18
      19
      19
      10
       6
       8
       9
       4
       3
       4
       0
       3
       4
       0
       0
       0
       0
       1
       0
       1
       2
       0
       2
       1
       0
       1
       0
       0
       0
       1
       3
       1
       0
       0
       1
       0
       2
       0
       1
       2
       0
       1
       2
       1
       0
       1
       0
       0
       0
       2
       1
       0
       1
       3
       1
       3
       2
       3
       2
       1
       1
       2
       3
       3
       2
       5
       3
       3
       4
       2
       8
       8
       5
       5
       9
      13
      10
      11
      13
      10
      17
      23
      15
      25
      18
      24
       9
      15
      11
      17
      12
      16
      16
      13
      13
      14
      11
      11
      12
      10
      16
      17
      14
      19
      15
      18
      17
      13
      15
      10
       6
       7
       6
       4
       9
       7
       2
       2
       2
       2
       2
       3
       3
       3
       2
       2
       0
       0
       0
       0
       0
       0
       0
       2
       3
       1
       1
       3
       3
       2
       2
       3
       4
       3
       3
       3
       1
       0
       5
       8
       5
       4
       2
       8
       5
       0
       3
       2
       5
       0
       1
       2
       0
       3
       3
       0
       2
       3
       1
       3
       0
       0
       0
       4
       1
       2
       1
       1
       1
       3
       2
       2
       2
       4
       6
       4
       7
       6
      10
      11
       7
      12
       8
       7
       9
       8
      14
      12
       7
      13
       7
      18
      11
       1
       0
       4
       4
       2
       5
       0
       0
       2
       1
       1
       0
       1
       2
       0
       1
       1
       0
       2
       1
       2
       1
       0
       2
       2
       2
       1
       1
       2
       2
       0
       0
       2
       2
       0
       5
       2
       1
       4
       2
       0
       5
       2
       3
       4
       4
       3
       1
       7
       6
       5
       2
       4
       5
       5
       4
       7
       1
       4
       9
       6
       6
       4
       2
       3
       1
       0
       1
       0
       2
       1
       1
       1
       0
       1
       1
       0
       0
       2
       2
       0
       0
       0
       2
       0
       0
       0
       1
       0
       1
       0
       1
       0
       0
       0
       0
       1
       1
       0
       0
       1
       1
       0
       0
       1
       1
       2
       0
       0
       1
       0
       0
       1
       0
       2
       0
       3
       1
       2
       1
       2
       0
       0
       0
       1
       0
       0
       1
       1
       3
       1
       0
       0
       2
       1
       0
       0
       2
       2
       1
       1
       1
       1
       1
       1
       0
       0
       1
       0
       2
       0
       1
       1
       0
       0
       0
       0
       0
       0
       0
       0
       1
       0
       0
       1
       0
       0
       0
       0
       0
       2
       3
       1
       0
       0
       2
       0
       1
       1
       0
       0
       1
       3
       1
       3
       0
       1
       0
       1
       1
       0
       0
       1
       1
       0
       0
       0
       1
       1
       0
       0
       0
       0
       2
       2
       0
       0
       2
       1
       0
       1
       1
       1
       1
       1
       0
       0
       1
       0
       0
       0
       1
       0
       0
       0
       0
       0
       0
       0
       1
       3
       0
       0
       0
       0
       0
       0
       0
       0
       1
       1
       0
       0
       0
       0
       2
       1
       0
       1
       0
       0
       1
       0
       0
       2
       0
       0
       0
       0
       0
       1
       1
       1
       1
       0
       0
       0
       1
       1
       0
       1
       0
       1
       1
       0
       3
       0
       1
       0
       0
       0
       0
       1
       0
       1
       0
       0
       0
       2
       1
       1
       0
       1
       1
       1
       1
       0
       0
       0
       3
       0
       0
       0
       0
       0
       0
       0
       0
       1
       3
       0
       1
       0
       0
       0
       1
       1
       1
       1
       0
       1
       0
       0
       3
       0
       0
       2
       0
       1
       0
       2
       3
       0
       0
       1
       0
       0
       0
       1
       0
       1
       1
       1
       2
       0
       0
       2
       0
       0
       2
       0
       1
       0
       1
       0
       1
       0
       0
       0
       0
       0
       1
       0
       0
       0
       1
       0
       1
       0
       0
       0
       0
       1
       0
       1
       1
       0
       1
       1
       0
       1
       1
       0
       0
       0
       0
       1
       0
       0
       0
       0
       0
       0
       1
       1
       0
       0
       1
       0
       0
       1
       0
       2
       0
       1
       1
       0
       0
       0
       0
       0
       0
       1
       0
       0
       0
       1
       2
       0
       0
       1
       0
       1
       0
       1
       0
       2
       2
       0
       0
       1
       0
       0
       2
       0
       0
       1
       0
       1
       0
       0
       0
       2
       1
       0
       0
       1
       0
       0
       1
       0
       2
       0
       2
       0
       0
       2
       1
       0
       1
       0
       1
       0
       0
       0
       0
       2
       1
       0
       0
       0
       0
       0
       1
       0
       0
       1
       1
       1
       1
       1
       0
       0
       1
       0
       1
       1
       0
       0
       0
       1
       2
       0
       0
       0
       1
       0
       0
       0
       1
       3
       1
       0
       3
       1
       0
       0
       2
       0
       0
       1
       0
       0
       0
       1
       1
       0
       1
       1
       0
       0
       0
       0
       0
       1
       2
       0
       2
       0
       0
       0
       0
       0
       0
       0
       1
       0
       0
       2
       0
       0
       0
       0
       0
       1
       0
       0
       0
       0
       0
       1
       0
       0
       1
       0
       2
       1
       0
       0
       0
       1
       0
       0
       2
       0
       1
       0
       2
       0
       0
       0
       0
       0
       0
       1
       1
       0
       1
       0
       0
       0
       2
       0
       0
       1
       0
       0
       0
       0
       1
       0
       0
       0
       2
       0
       0
       0
       0
       0
       1
       0
       0
       0
       0
       1
       0
       2
       1
       2
       1
       0
       0
       1
       1
       1
       0
       0
       0
       0
       0
       0
       1
       0
       0
       0
       0
       0
       0
       1
       2
       0
       0
       0
       1
       1
       0
       1
       0
       0
       1
       0
       0
       0
       0
       3
       0
       0
       0
       0
       0
       1
       0
       0
       1
       0
       1
       0
       1
       0
       0
       0
       0
       0
       1
       0
       0
       0
       0
       1
       0
       1
       0
       0
       0
       0
       0
       1
       0
       0
       1
       0
       0
       0
       1
       1
       2
       0
       1
       1
       2
       1
       0
       0
       0
       2
       0
       0
       1
       1
       1
       0
       0
       0
       1
       0
       0
       0
       0
       0
       1
       0
       1
       0
       2
       0
       0
       0
       1
       0
       0
       0
       0
       2
       0
       0
       1
       0
       0
       0
       0
       1
       0
       1
       0
       0
       0
       1
       0
       1
       0
       0
       0
       0
       0
       0
       0
       0
       0
       0
       1
       0
       0
       0
       0
       0
       0
       0
       0
       1
       1
       0
       2
       1
       0
       2
       0
       0
       0
       0
       1
       2
       0
       0
       0
       0
       1
       0
       0
       0
       2
       1
       0
       0
       1
       0
       0
       0
       0
       0
       0
       1
       0
       0
       3
       0
       2
       2
       1
       1
       1
       1
       1
       0
       0
       0
       0
       0
       1
       1
       0
       1
       0
       0
       0
       1
       1
       0
       0
       1
       1
       1
       1
       0
       0
       1
       0
       0
       0
       1
       1
       0
       0
       0
       0
       0
       0
       0
       0
       0
       0
       1
       0
       0
       0
       0
       0
       0
       1
       0
       1
       1
       1
       0
       0
       0
       0
       0
       0
       0
       0
       0
       1
       0
       3
       0
       1
       0
       0
       0
       0
       0
       0
       0
       1
       2
       0
       0
       0
       1
       1
       0
       0
       0
       1
       1
       0
       1
       0
       0
       1
       1
       0
       1
       0
       0
       1
       1
       1
       0
       1
       1
       0
       0
       0
       0
       0
       0
       0
       1
       0
       2
       0
       0
       0
       0
       1
       1
       1
       2
       0
       0
       1
       0
       1
       0
       1
       0
       0
       1
       0
       0
       0
       1
       0
       1
       0
       1
       0
       0
       0
       0
       1
       0
       1
       0
       0
       0
       0
       0
       0
       0
       2
       1
       1
       0
       1
       0
       0
       0
       0
       1
       0
       0
       0
       1
       0
       0
       0
       0
       1
       3
       2
       2
       1
       0
       1
       0
       0
       0
       0
       0
       0
       0
       0
       0
       1
       0
       0
       0
       0
       0
       0
       1
       1
       0
       0
       1
       1
       1
       0
       0
       0
       0
       0
       0
       1
       0
       1
       1
       0
       0
       0
       0
       0
       2
       0
       0
       0
       1
       0
       1
       0
       0
       1
       0
       1
       1
       0
       0
       0
       0
       0
       0
       1
       0
       0
       1
       1
       0
       0
       1
       0
       1
       1
       0
       3
       1
       0
       3
       1
       0
       1
       1
       0
       0
       1
       1
       1
       1
       1
       0
       0
       0
       0
       1
       0
       2
       0
       0
       0
       0
       0
       0
       2
       1
       0
       0
       0
       0
       0
       1
       2
       0
       0
       0
       2
       1
       0
       0
       0
       0
       0
       0
       0
       0
       2
       0
       0
       0
       1
       1
       1
       0
       1
       0
       2
       0
       0
       2
       0
       0
       0
       1
       0
       0
       0
       0
       1
       0
       1
       0
       0
       0
       0
       0
       0
       0
       0
       0
       1
       0
       0
       0
       1
       0
       0
       0
       0
       0
       0
       0
       0
       0
       0
       1
       1
       0
       2
       0
       2
       0
       1
       0
       0
       0
       0
       0
       0
       0
       1
       0
       0
       0
       1
       0
       0
       0
       0
       0
       0
       2
       1
       0
       2
       0
       0
       0
       0
       0
       1
       0
       0
       0
       0
       0
       0
       1
       0
       0
       0
       0
       1
       0
       0
       0
       0
       0
       0
       0
       0
       0
       1
       0
       1
       0
       0
       1
       3
       1
       3
       0
       1
       0
       0
       0
       2
       0
       0
       0
       0
       1
       3
       0
       0
       1
       0
       0
       1
       0
       1
       2
       1
       0
       0
       1
       0
       1
       1
       0
       0
       0
       0
       0
       0
       0
       1
       1
       0
       0
       1
       0
       0
       0
       0
       1
       0
       0
       0
       2
       0
       0
       0
       1
       0
       0
       0
       0
       1
       0
       0
       0
       0
       0
       0
       2
       0
       0
       0
       0
       0
       0
       0
       0
       1
       1
       0
       1
       0
       1
       0
       0
       1
       1
       0
       0
       1
       1
       0
       1
       0
       0
       1
       1
       1
       0
       1
       1
       0
       0
       0
       1
       0
       0
       0
       1
       0
       0
       1
       1
       0
       0
       0
       1
       0
       0
       0
       0
       0
       0
       1
       0
       0
       2
       1
       0
       0
       1
       1
       0
       1
       0
       1
       1
       0
       0
       0
       0
       0
       0
       0
       0
       0
       0
       0
       0
       2
       0
       1
       2
       1
       0
       0
       1
       0
       1
       0
       0
       0
       0
       1
       0
       0
       0
       0
       0
       0
       0
       1
       0
       0
       0
       0
       1
       1
       0
       0
       0
       0
       2
       0
       0
       0
       0
       0
       0
       0
       0
       0
       0
       1
       0
       0
       0
       0
       2
       0
       1
       0
       0
       0
       0
       0
       1
       0
       0
       0
       0
       1
       1
       0
       0
       0
       1
       0
       0
       0
       0
       0
       1
       0
       1
       0
       0
       0
       0
       0
       0
       0
       0
       0
       0
       0
       0
       0
       0
       0
       0
       0
       0
       0
       1
       0
       0
       0
       0
       0
       0
       0
       0
       0
       0
       0
       0
       0
       0
       1
       1
       1
       0
       2
       1
       0
       0
       0
       0
       0
       0
       0
       0
       1
       0
       0
       2
       1
       0
       0
       0
       0
       1
       0
       2
       0
       0
       0
       0
       1
       1
       1
       0
       0
       0
       0
       0
       0
       0
       0
       0
       0
       0
       1
       0
       1
       0
       1
       0
       0
       0
       0
       0
       0
       0
       1
       1
       0
       1
       0
       0
       0
       0
       1
       0
       0
       0
       1
       2
       2
       0
       0
       0
       0
       0
       0
       2
       0
       1
       0
       0
       0
       0
       0
       0
       0
       1
       1
       1
       0
       0
       0
       0
       1
       0
       2
       0
       0
       1
       0
       0
       2
       0
       1
       0
       1
       0
       0
       0
       1
       0
       0
       0
       0
       0
       0
       0
       0
       1
       0
       0
       0
       0
       0
       0
       0
       0
       1
       0
       1
       0
       1
       1
       0
       0
       0
       0
       1
       0
       1
       0
       0
       2
       1
       0
       0
       0
       0
       1
       0
       0
       0
       0
       0
       1
       1
       0
       0
       0
       0
       1
       0
       0
       0
       2
       0
       0
       0
       0
       0
       0
       0
       0
       1
       1
       0
       2
       0
       0
       0
       1
       0
       0
       0
       0
       1
       0
       0
       0
       0
       1
       0
       0
       0
       1
       0
       0
       0
       0
       0
       0
       0
       0
       2
       0
       1
       0
       1
       0
       0
       1
       1
       0
       0
       0
       0
       0
       0
       0
       0
       1
       0
       1
       0
       0
       0
       1
       1
       0
       0
       1
       0
       2
       0
       0
       0
       1
       1
       0
       0
       0
       0
       0
       0
       3
       0
       0
       1
       0
       0
       0
       0
       0
       1
       0
       0
       0
       1
       0
       0
       1
       2
       0
       0
       0
       0
       0
       0
       0
       0
       0
       0
       0
       0
       1
       0
       0
       0
       1
       0
       2
       0
       0
       1
       0
       1
       0
       1
       0
       2
       0
       1
       0
       0
       2
       0
       2
       1
       1
       0
       2
       1
       0
       1
       1
       0
       0
       0
       1
       0
       0
       0
       0
       0
       0
       0
       0
       0
       0
       0
       0
       0
       0
       0
       0
       0
       0
       1
       0
       1
       1
       0
       0
       0
       0
       0
       0
       0
       0
       0
       0
       3
       1
       0
       0
       0
       0
       1
       0
       0
       0
       0
       0
       2
       0
       0
       0
       0
       0
       1
       0
       1
       0
       0
       0
       0
       2
       0
       1
       1
       0
       0
       1
       0
       0
       1
       0
       0
       0
       0
       0
       1
       0
       0
       0
       2
       0
       0
       0
       0
       1
       0
       0
       0
       1
       0
       0
       1
       0
       0
       0
       0
       0
       0
       1
       0
       0
       1
       0
       0
       0
       0
       0
       0
       0
       0
       0
       0
       0
       0
       0
       0
       0
       0
       0
       0
       0
       0
       0
       1
       1
       0
       1
       1
       0
       0
       0
       1
       2
       0
       0
       0
       0
       0
       0
       0
       0
       0
       0
       0
       0
       0
       1
       0
       2
       0
       1
       0
       0
       1
       0
       1
       0
       1
       0
       1
       1
       0
       0
       0
       0
       0
       1
       1
       0
       0
       0
       0
       0
       0
       1
       1
       0
       0
       1
       0
       0
       2
       1
       0
       0
       0
       0
       0
       0
       0
       0
       0
       1
       0
       0
       0
       0
       1
       0
       1
       0
       0
       0
       0
       0
       0
       0
       0
       0
       0
       0
       1
       1
       0
       0
       0
       0
       0
       1
       0
       1
       0
       0
       0
       3
       0
       0
       0
       0
       0
       0
       1
       0
       0
       0
       0
       0
       2
       0
       0
       1
       0
       1
       1
       1
       4
       0
       0
       0
       0
       0
       1
       0
       0
       0
       1
       0
       1
       0
       0
       0
       1
       0
       1
       0
       0
       0
       0
       0
       0
       0
       0
       0
       0
       1
       1
       0
       1
       0
       0
       0
       0
       0
       0
       0
       0
       0
       0
       0
       0
       0
       0
       0
       0
       0
       0
       0
       0
       0
       0
       0
       0
       0
       1
       0
       1
       0
       0
       0
       0
       0
       0
       0
       0
       0
       0
       1
       0
       0
       0
       0
       0
       1
       0
       0
       0
       0
       0
       2
       0
       1
       0
       0
       0
       0
       0
       0
       0
       0
       1
       2
       0
       0
       0
       1
       0
       1
       0
       0
       0
       1
       0
       1
       0
       0
       0
       0
       1
       0
       0
       0
       0
       1
       0
       0
       0
       0
       0
       2
       1
       0
       0
       0
       0
       0
       0
       0
       0
       0
       0
       1
       1
       0
       1
       1
       0
       0
       0
       0
       1
       0
       0
       0
       0
       0
       0
       0
       0
       0
       0
       0
       0
       2
       0
       1
       0
       0
       0
       0
       1
       0
       0
       0
       0
       0
       0
       0
       0
       0
       0
       0
       0
       0
       0
       0
       0
       0
       0
       1
       0
       0
       0
       1
       0
       0
       1
       1
       0
       0
       0
       1
       0
       0
       0
       0
       0
       0
       0
       0
       0
       1
       1
       0
       0
       0
       0
       1
       0
       0
       0
       0
       0
       0
       0
       0
       0
       0
       0
       0
       1
       0
       0
       0
       0
       1
       0
       0
       0
       0
       1
       1
       0
       0
       0
       1
       0
       0
       0
       1
       0
       0
       0
       0
       1
       0
       0
       1
       1
       1
       1
       0
       0
       1
       2
       0
       0
       0
       0
       0
       0
       0
       0
       0
       0
       0
       1
       2
       1
       0
       1
       0
       0
       0
       0
       0
       0
       0
       0
       0
       0
       0
       0
       0
       0
       0
       0
       0
       0
       0
       0
       0
       0
       0
       0
       0
       0
       1
       0
       0
       0
       0
       0
       0
       0
       0
       0
       0
       0
       0
       0
       0
       0
       1
       0
       0
       0
       0
       0
       1
       0
       1
       0
       0
       2
       1
       0
       0
       1
       0
       0
       0
       1
       0
       0
       1
       0
       0
       1
       1
       0
       0
       0
       0
       0
       0
       0
       0
       0
       0
       0
       0
       0
       1
       0
       0
       0
       0
       0
       0
       0
       0
       1
       0
       0
       0
       1
       0
       1
       0
       0
       0
       0
       1
       1
       0
       0
       0
       0
       0
       0
       1
       0
       0
       1
       0
       1
       0
       0
       0
       1
       0
       0
       0
       1
       0
       0
       0
       0
       0
       0
       0
       1
       0
       0
       0
       0
       0
       0
       0
       1
       1
       0
       0
       0
       0
       0
       1
       0
       0
       0
       0
       0
       0
       1
       0
       0
       0
       0
       1
       0
       0
       0
       0
       0
       0
       0
       0
       0
       0
       0
       0
       0
       0
       0
       0
       0
       1
       0
       0
       0
       1
       1
       0
       0
       0
       0
       0
       0
       0
       0
       0
       0
       0
       1
       1
       0
       0
       1
       0
       0
       0
       0
       0
       0
       1
       0
       1
       1
       0
       0
       0
       0
       0
       1
       0
       0
       1
       0
       0
       0
       0
       0
       0
       0
       0
       0
       0
       0
       0
       0
       0
       0
       0
       0
       1
       0
       0
       0
       0
       0
       0
       0
       0
       0
       0
       0
       0
       2
       0
       1
       0
       0
       1
       0
       0
       0
       0
       0
       0
       1
       1
       0
       0
       0
       0
       0
       0
       1
       0
       0
       0
       0
       0
       1
       0
       0
       0
       0
       0
       0
       0
       1
       0
       0
       1
       0
       0
       0
       0
       1
       0
       0
       0
       0
       0
       0
       0
       2
       0
       0
       0
       1
       1
       0
       1
       0
       0
       0
       0
       0
       0
       0
       0
       0
       0
       0
       0
       0
       0
       0
       0
       0
       0
       0
       0
       2
       0
       0
       0
       0
       0
       0
       0
       0
       0
       0
       0
       0
       1
       0
       0
       0
       0
       0
       0
       0
       0
       0
       1
       0
       0
       0
       0
       0
       0
       0
       1
       0
       0
       1
       1
       1
       1
       0
       1
       2
       1
       0
       0
       0
       0
       0
       1
       1
       1
       0
       1
       0
       0
       2
       0
       0
       0
       0
       0
       1
       0
       1
       0
       0
       0
       0
       0
       0
       0
       0
       1
       0
       0
       0
       0
       0
       0
       0
       0
       0
       0
       0
       0
       0
       1
       0
       1
       0
       2
       0
       0
       0
       0
       1
       0
       0
       1
       0
       0
       0
       1
       1
       0
       0
       0
       0
       1
       0
       0
       0
       0
       0
       1
       0
       0
       0
       1
       0
       0
       1
       0
       0
       1
       1
       0
       0
       0
       0
       0
       0
       0
       0
       0
       0
       0
       0
       0
       1
       0
       0
       2
       0
       0
       2
       2
       0
       0
       0
       0
       0
       1
       0
       0
       0
       1
       1
       0
       1
       0
       1
       0
       0
       0
       1
       0
       0
       0
       0
       0
       0
       0
       0
       0
       0
       0
       0
       0
       0
       0
       0
       0
       0
       0
       0
       0
       0
       0
       0
       0
       0
       0
       0
       0
       0
       1
       0
       2
       0
       0
       0
       0
       0
       0
       0
       0
       0
       0
       0
       0
       0
       0
       0
       0
       0
       1
       2
       1
       0
       1
       1
       0
       0
       0
       0
       0
       0
       0
       1
       0
       0
       1
       0
       0
       0
       2
       1
       1
       0
       0
       0
       0
       0
       0
       1
       0
       0
       0
       0
       0
       0
       1
       0
       0
       0
       0
       0
       0
       0
       0
       0
       0
       0
       0
       1
       1
       0
       0
       0
       0
       0
       0
       2
       0
       0
       0
       0
       0
       2
       0
       0
       0
       1
       0
       1
       0
       0
       0
       0
       1
       0
       1
       0
       0
       0
       0
       0
       0
       0
       0
       1
       0
       0
       2
       0
       0
       0
       0
       0
       0
       0
       0
       0
       0
       1
       0
       0
       0
       1
       0
       0
       0
       1
       2
       0
       0
       0
       0
       1
       0
       2
       0
       1
       0
       0
       0
       0
       0
       1
       0
       2
       0
       0
       0
       0
       0
       1
       0
       0
       0
       0
       1
       0
       0
       0
       1
       0
       0
       0
       0
       0
       1
       0
       0
       0
       0
       0
       0
       0
       0
       0
       0
       0
       0
       0
       0
       0
       0
       0
       0
       0
       0
       0
       0
       1
       0
       1
       1
       0
       0
       0
       0
       0
       0
       0
       0
       0
       0
       0
       0
       0
       0
       0
       0
       0
       0
       0
       0
       1
       0
       0
       1
       0
       0
       0
       0
       1
       1
       0
       0
       0
       1
       1
       0
       0
       0
       0
       1
       1
       0
       1
       0
       1
       0
       0
       0
       0
       0
       0
       1
       0
       0
       0
       0
       1
       0
       0
       0
       1
       1
       0
       0
       0
       0
       0
       0
       0
       0
       0
       0
       0
       0
       0
       0
       0
       2
       2
       1
       1
       0
       0
       0
       0
       0
       1
       0
       0
       1
       0
       0
       0
       0
       0
       1
       0
       0
       1
       0
       0
       0
       1
       0
       0
       0
       0
       1
       0
       0
       0
       0
       1
       0
       0
       1
       0
       1
       0
       1
       0
       0
       0
       0
       0
       0
       2
       1
       0
       0
       0
       0
       0
       0
       0
       0
       0
       0
       0
       0
       0
       0
       0
       0
       1
       0
       0
       0
       0
       2
       0
       1
       0
       0
       0
       0
       0
       0
       0
       1
       0
       0
       0
       0
       0
       1
       0
       1
       0
       0
       0
       0
       0
       1
       0
       0
       0
       0
       0
       0
       0
       0
       0
       0
       0
       0
       0
       0
       0
       0
       0
       0
       0
       0
       0
       0
       0
       0
       0
       0
       0
       0
       0
       0
       0
       0
       0
       0
       0
       0
       0
       0
       0
       0
       0
       0
       0
       0
       0
       0
       0
       0
       0
       0
       0
       0
       0
       0
       0
       0
       0
       0
       0
       0
       0
       0
       0
       0
       0
       0
       0
       0
       0
       0
       0
       0
       0
       0
       0
       0
       0
       0
       0
       0
       0
       0
       0
       0
       0
       0
       0
       0
       0
       0
       0
       0
       0
       0
       0
       0
       0
       0
       0
       0
       0
       0
       0
       0
       0
       0
       0
       0
       0
       0
       0
       0
       0
       0
       0
       0
       0
       0
       0
       0
       0
       0
       0
       0
       0
       0
       0
       0
       0
       0
       0
       0
       0
       0
       0
       0
       0
       0
       0
       0
       0
       0
       0
       0
       0
       0
       0
       0
       0
       0
       0
       0
       0
       0
       0
       0
       0
       0
       0
       0
       0
       0
       0
       0
       0
       0
       0
       0
       0
       0
       0
       0
       0
       0
       0
       0
       0
       0
       0
       0
       0
       0
       0
       0
       0
       0
       0
       0
       0
$ROI:
1
1274 1298
$PRESETS:
None
0
0
$ENER_FIT:
-0.507299 0.397161
$MCA_CAL:
3
-5.072988E-001 3.971613E-001 1.692723E-008 keV
$SHAPE_CAL:
3
3.387514E+000 1.826936E-003 2.337569E-007
