$SPEC_ID:
Pulser
$SPEC_REM:
DET# 2
DETDESC# DETECTOR 2
AP# GammaVision Version 7.01.03
$DATE_MEA:
03/29/2017 20:26:43
$MEAS_TIM:
6188 6216
$DATA:
0 8191
       0
       0
       0
       0
       0
       0
       0
       0
       0
       0
       0
       0
       0
       0
       0
       0
       0
       0
       0
       0
       0
       0
       0
     109
    5654
    6133
    3234
    3016
    3019
    3259
    5106
    9209
   13412
   14519
   11361
    7314
    5181
    5791
   10174
   19852
   32041
   36829
   28070
   14871
    7125
    4254
    4834
    6719
    8102
    7525
    5763
    4317
    3359
    2805
    2681
    2500
    2326
    2370
    2435
    2600
    2821
    3059
    3109
    3606
    4546
    4726
    3944
    2963
    2465
    2243
    2284
    2133
    2121
    2075
    1981
    1975
    1960
    1937
    1962
    2025
    2001
    2005
    1871
    1852
    1940
    1778
    1862
    1893
    1815
    1783
    1767
    1781
    1784
    1775
    1732
    1756
    1701
    1748
    1778
    1752
    1756
    1933
    1803
    1867
    1893
    1889
    1933
    1943
    1983
    2041
    2073
    2048
    2047
    2175
    2189
    2252
    2245
    2382
    2425
    2470
    2460
    2525
    2715
    2770
    2900
    2907
    2852
    3065
    3067
    3012
    3043
    3225
    3869
    5563
    7743
    8428
    6742
    4715
    3837
    3473
    3640
    3691
    3603
    3919
    4220
    4303
    4475
    5039
    5475
    5602
    5326
    5124
    5231
    5189
    5391
    5335
    5441
    5507
    5634
    5760
    5863
    6080
    5973
    6087
    6213
    6418
    6378
    6396
    6541
    6728
    6768
    6852
    6937
    7166
    7494
    7568
    7810
    8091
    8393
    8735
    9390
   10978
   15739
   23338
   27698
   24464
   18143
   18013
   27394
   38012
   38363
   26577
   14959
    9819
    8096
    8018
    8011
    7839
    8025
    8012
    7874
    8096
    8406
    8964
    9976
   11355
   11795
   11398
   10572
   10313
   12194
   19102
   30476
   37853
   35350
   26447
   16767
   10926
    8981
    9287
   10396
   10692
    9727
    8466
    8278
   10619
   15525
   19280
   18346
   13912
    9456
    7398
    7792
   10498
   15289
   22231
   28302
   34908
   43275
   50211
   44355
   29901
   17461
   10685
    8510
   10381
   20133
   42737
   67908
   75522
   58100
   32032
   14377
    7006
    4800
    4614
    4669
    5240
    5523
    5627
    4789
    4351
    4262
    5075
    6541
    8375
    9515
    9322
    7825
    6140
    5077
    5070
    5955
    7716
   10402
   13482
   14867
   16042
   18581
   22865
   27434
   28538
   24553
   16987
   10554
    7356
    6807
    8475
   11172
   13478
   13310
   11543
    8918
    6922
    5705
    5149
    4989
    4804
    4597
    4729
    4754
    4527
    4676
    5091
    5877
    6420
    6404
    5638
    4568
    3939
    3635
    3604
    3376
    3386
    3361
    3351
    3243
    3033
    3168
    2999
    3010
    2905
    2786
    2869
    2827
    2844
    2815
    2803
    2611
    2634
    2698
    2641
    2675
    2603
    2611
    2603
    2619
    2710
    2713
    2728
    2625
    2743
    2848
    2878
    2822
    2761
    2739
    2677
    2760
    2729
    2726
    2728
    2719
    2925
    3234
    3385
    3235
    3168
    3137
    3940
    7575
   15296
   25025
   30535
   26840
   17331
    8864
    4361
    3171
    2783
    2791
    2803
    2688
    2609
    2656
    2647
    2613
    2578
    2603
    2642
    2803
    2603
    2623
    2540
    2456
    2317
    2357
    2371
    2246
    2276
    2268
    2132
    2122
    2068
    2099
    2044
    1967
    1987
    1897
    1888
    1882
    1786
    1856
    1659
    1710
    1665
    1664
    1676
    1968
    3295
    6657
   11515
   15578
   15369
   11140
    6223
    2939
    1549
    1284
    1190
    1181
    1060
    1072
    1057
    1035
    1027
    1042
     918
     920
     964
     991
     907
     937
     910
     887
     880
     851
     894
     965
     901
     977
     945
    1002
     972
     943
     846
     833
     819
     745
     752
     764
     772
     732
     760
     710
     689
     738
     804
    1032
    1334
    1765
    2002
    1862
    1934
    4844
   17018
   49957
  104569
  159411
  177892
  144400
   83974
   34469
    9781
    1982
     422
     168
     187
     124
     130
     126
     137
     151
     154
     127
     120
     144
     157
     285
     611
    1130
    1757
    2012
    1854
    1215
     615
     277
     143
     130
     159
     190
     218
     232
     270
     197
     182
     364
     862
    1818
    2903
    3494
    3267
    2136
    1291
    1457
    3561
    7765
   12730
   15799
   14530
    9742
    4621
    1622
     406
     119
      50
      46
      53
      46
      46
      63
      48
      48
      40
      52
      36
      28
      37
      40
      55
      57
      82
     106
     139
     121
     123
      86
      74
     114
     161
     168
     151
     124
      83
      85
     108
     153
     285
     379
     393
     303
     193
     104
      48
      38
      35
      36
      40
      43
      33
      35
      32
      31
      47
      43
      44
      51
      44
      44
      58
      41
      40
      32
      36
      33
      37
      44
      73
     114
     121
     114
      95
      66
      60
      80
      95
      87
      74
      61
      51
      27
      37
      35
      43
      64
      79
     178
     230
     219
     191
     152
      83
      40
      30
      33
      25
      30
      18
      31
      43
      87
     129
     158
     177
     177
     111
      62
      45
      33
      26
      28
      28
      22
      23
      25
      35
      23
      31
      29
      27
      31
      27
      26
      31
      36
      62
      56
      43
      34
      43
      36
      34
      32
      27
      26
      36
      32
      28
      39
      21
      19
      25
      18
      23
      29
      23
      21
      27
      31
      19
      36
      38
      32
      27
      44
      31
      42
      40
      35
      51
      62
      66
      61
      41
      57
      54
      41
      30
      32
      27
      13
      22
      56
      64
      68
      57
      53
      44
      27
      30
      33
      30
      27
      39
      28
      22
      32
      36
      30
      34
      28
      36
      33
      33
      40
      36
      25
      33
      22
      29
      27
      27
      33
      22
      26
      12
       9
      27
      22
      26
      30
      36
      37
      47
      51
      64
      71
      57
      53
      34
      23
      17
      22
      43
      39
      43
      35
      29
      29
      20
      23
      23
      15
      24
      17
      33
      26
      36
      30
      29
      34
      29
      23
      31
      24
      16
      20
      16
       9
      11
      20
      10
      17
      13
      20
      13
      16
      16
      15
      21
       6
      14
      20
      25
      31
      16
      20
      16
      20
      18
      23
      14
      12
      17
      17
      10
      11
       9
      16
      17
      14
      16
      12
      13
       9
      15
       6
      13
       9
      13
      19
      15
      17
      14
      17
      36
      21
      26
      14
      21
      18
      17
      17
      14
      15
      16
      16
       8
      16
      17
      19
      19
      24
      19
      17
      21
      18
       8
      10
      16
      10
      20
      12
      20
      22
      18
      13
      16
      12
      11
      12
      14
      16
      16
      11
      26
      20
      15
       8
      12
      11
      11
      10
       8
      12
       9
      11
      25
      22
      36
      66
      80
      95
      96
      61
      41
      21
      15
      12
       9
      13
      21
      32
      29
      34
      55
      75
      72
      47
      33
      30
      17
      17
      17
      12
      14
      14
      12
       6
      16
      10
      12
      12
      14
       7
      11
      10
      10
      10
      14
       9
      15
       8
       8
      12
       9
       2
      11
      14
      18
      14
      12
       9
      10
       9
      15
       4
       9
      11
      17
      10
      11
      18
       6
      13
      14
      16
      11
       8
      10
      11
      12
       5
       2
      12
       9
       3
       6
      11
       7
      12
      10
       9
      10
       8
      10
      17
      11
      12
       8
      13
      12
      10
      11
       7
      15
      13
       9
       5
      11
      10
       9
      15
      12
      12
      12
      23
      24
      21
      19
      18
      18
      11
      12
      11
       8
      16
       9
      16
      13
       3
       5
       9
      12
       7
      10
       8
       6
      10
       6
       5
       9
       5
      10
       8
       6
       5
      10
      16
      13
      15
      27
      20
      20
      20
      13
      15
      26
      16
      15
      13
      16
      10
       5
      13
       8
       4
      12
       6
      10
       8
      13
      12
       6
       9
      12
      13
      10
       9
       4
      12
      10
       8
      10
       8
       8
      10
       6
       4
      10
       9
       5
       8
      12
       7
       6
       9
       7
       8
      10
       4
      11
      12
      11
      11
       6
       7
      13
       7
      10
      10
       8
       9
      14
      11
       9
      11
      12
      10
       7
       9
       9
       5
      11
       5
      12
       5
       7
      10
       7
       6
       5
      12
       9
      10
       8
       3
      14
       7
      11
       6
       9
       5
       5
       6
       4
       5
       7
      11
       3
      13
      11
       8
       8
       5
       7
       7
       8
       6
       4
       7
       5
      13
      13
      12
       9
      11
      10
       6
       9
       8
       9
       9
       8
       9
       5
       9
       4
       6
       4
       3
       5
       7
      11
      11
      11
       9
      16
       9
       4
       8
       8
       9
      13
       5
       6
      10
       6
      10
       7
       6
       7
       6
       7
       9
       6
       3
       6
      11
      10
       7
       8
       8
       8
       8
       4
       6
       7
       4
       7
      10
       8
       4
      10
       6
       5
      12
      12
       9
       8
       4
       9
      12
       4
      10
       6
      10
       4
       2
       7
       5
      10
       8
       5
       3
       8
       7
       9
      11
       2
       7
      11
       1
       7
       2
       4
      11
       5
       2
       9
       5
       6
       6
       9
       8
       8
       2
       8
      10
       5
       6
      13
       9
       8
       7
      11
       7
      10
       4
       6
      10
      10
      11
       8
       3
       5
       8
       2
       2
       4
       3
       8
       8
      11
       4
      11
       7
       5
      12
       7
      10
       1
       2
       7
       4
       4
       8
       4
       4
       6
       6
      11
       5
       7
      10
       5
       3
       5
       5
       7
       6
      10
       8
      12
      20
      11
      18
      21
      16
      17
      22
      20
      10
      12
       9
       8
       6
      10
       7
       7
       5
       9
       4
       4
       2
       4
       8
       5
       4
       5
       8
       2
       1
       6
       2
       6
       5
       3
       5
       4
       9
       4
      13
       6
       8
       3
       7
       4
       2
       2
       5
       4
       7
       5
       8
       8
       3
       1
       5
       8
       3
       3
       6
       4
       5
       3
       2
       3
       4
       8
       4
       6
       3
       6
       6
      10
       3
       6
       7
       3
       6
       2
       4
       2
       5
       8
       2
       3
       4
       7
       2
       6
       2
       6
       7
       4
       5
       3
       8
       2
       3
       5
       4
       3
       2
       1
       7
       7
       9
       1
       8
       7
       4
       8
       5
       3
       4
       5
       5
       7
       5
       6
       6
       2
       4
       6
       5
       5
       9
       3
       6
       4
       6
       5
       3
       5
       3
       8
       6
       5
       7
       7
       3
       5
       6
       4
       5
       4
       8
       2
       9
       7
       5
       1
       2
       8
       6
       7
       6
       4
       6
       6
       5
       8
       7
       3
       4
       3
       8
       6
       4
       1
       4
       3
       1
       2
       4
       4
       7
       6
       4
       5
       3
       6
       8
       3
       9
       6
       1
      10
       4
       5
       7
       3
       7
       6
       2
       5
       4
       4
       3
       4
       4
       3
       4
       4
       6
       2
       4
       4
       7
      11
       2
       4
       4
       3
       4
      10
       5
       7
       5
       5
       8
       9
       3
       4
       8
       6
       5
       6
       5
       3
       4
       7
       6
       5
       6
       5
       2
      10
       4
       1
       9
       4
       4
       7
       4
       6
       2
       4
      11
      13
      17
      18
      18
      27
      17
      24
      22
      10
      10
       8
       3
       3
       7
       3
       4
       4
       5
       3
       3
       7
       5
       3
       6
       9
       4
       1
       1
       4
       5
       5
       4
       6
       2
       6
       3
       4
       4
       3
       7
       4
       2
       4
       5
       4
       4
       2
       3
       3
       6
       1
      10
       2
       5
       3
       6
       6
       5
       4
       4
       5
       6
       9
       3
       5
       3
       6
       5
       3
       3
       6
       9
       2
       2
       4
       5
       4
       2
       3
       2
       5
       0
       3
       7
       4
       4
       4
       6
       5
       6
       1
       7
       3
       3
       5
       2
       4
       3
       2
       6
       2
       2
       8
       1
       5
       6
       2
       3
       6
       3
       5
       0
       4
       5
       3
       8
       4
       3
       2
       2
       6
       4
       2
       3
       6
       8
       2
       7
       4
      14
      19
      26
      34
      40
      51
      56
      69
      68
      64
      42
      32
      13
      11
       7
       4
       3
       2
       2
       6
       3
       1
       2
       6
       1
       4
       2
       2
       5
       2
       1
       1
       6
       4
       1
       8
       4
       5
       6
       2
       3
       6
       2
       2
       2
       6
       3
       5
       3
       6
       4
       1
       1
       4
       5
       3
       4
       5
       2
       1
       2
       4
       4
       1
       4
       1
       4
       4
       2
       3
       4
       4
       3
       2
       3
       6
       4
       2
       6
       4
       2
       3
       2
       5
       4
       3
       2
       3
       3
       3
       2
       2
       4
       4
       6
       5
       1
       6
       4
       1
       3
       4
       3
       3
       6
       1
       5
       6
       6
       3
       5
       3
       1
       1
       3
       6
       4
       6
       1
       3
       3
       5
       6
       4
       3
       2
       0
       5
       7
       0
       6
       2
       4
       1
       4
       2
       5
       3
       4
       2
       4
       8
       5
       4
       3
       2
       3
       0
       2
       4
       3
       6
       0
       5
       2
       6
       5
       3
       1
       2
       5
       2
       3
       4
       2
       4
       3
       2
       5
       2
       2
       4
       2
       0
       2
       3
       0
       4
       2
       3
       4
       5
       3
       2
       3
       1
       4
       4
       3
       6
       6
       3
       7
       4
       5
       1
       6
       1
       1
       2
       1
       5
       3
       0
       1
       5
       2
       5
       6
       4
       1
       5
       4
       3
       5
       3
       2
       1
       4
       3
       1
       4
      10
       2
       5
       4
       5
       3
       5
       2
       4
       5
       7
       2
       3
       1
       5
       3
       5
       1
       2
       1
       2
       2
       5
       2
       2
       5
       5
       4
       6
       4
       5
       3
       2
       4
       2
       1
       1
       2
       4
       3
       7
       4
       3
       3
       6
       5
       5
       3
       6
       6
      10
       4
       6
       6
       7
       3
       5
       5
       4
       3
       4
       4
       1
       3
       2
       3
       3
       2
       1
       4
       4
       4
       5
       0
       3
       7
       3
       4
       3
       8
       2
       2
       6
       2
       4
       5
       1
       5
       5
       1
       3
       2
       3
      10
       8
       8
       6
       2
       5
       4
       3
       5
       6
       3
       4
       2
       1
       5
       4
       4
       4
       1
       2
       2
       4
       3
       4
       3
       1
       6
       5
       3
       4
       4
       1
       4
       6
       1
       5
       1
       2
       4
       4
       4
       2
       4
       2
       3
       3
       3
       7
       3
       5
       4
       4
       2
       8
       2
       3
       7
       4
       2
       5
       3
       0
       0
       5
       2
       2
       4
       2
       2
       1
       0
       1
       4
       3
       6
       6
       3
       3
       3
       3
       3
       3
       1
       1
       1
       2
       0
       2
       4
       3
       4
       1
       1
       4
       5
       2
       2
       5
       3
       4
       1
       4
       3
       4
       5
       3
       3
       3
       3
       2
       1
       1
       4
       1
       3
       4
       3
       4
       4
       8
       5
       3
       2
       4
       5
       3
       1
       5
       4
       4
       2
       5
       2
       1
       3
       2
       2
       3
       6
       3
       4
       3
       1
       4
       6
       2
       3
       4
       2
       3
       2
       3
       3
       2
       2
       5
       3
       1
       5
       3
       2
       5
       1
       2
       1
       3
       4
       5
       4
       2
       5
       2
       2
       8
       3
       3
       3
       2
       3
       2
       7
       1
       1
       3
       1
       2
       1
       3
       5
       3
       6
       2
       3
       4
       2
       1
       4
       2
       3
       3
       2
       0
       0
       2
       4
       6
       4
       1
       5
       2
       4
       6
       2
       4
       1
       6
       3
       2
       2
       1
       2
       2
       0
       4
       2
       2
       2
       1
       1
       6
       0
       2
       2
       4
       1
       1
       2
       4
       3
       4
       2
       2
       1
       1
       5
       1
       2
       4
       3
       2
       5
       4
       4
       4
       4
       0
       0
       5
       1
       0
       0
       1
       4
       2
       1
       2
       3
       0
       4
       3
       5
       4
       4
       3
       3
       2
       4
       3
       3
       3
       2
       3
       4
       2
       5
       3
       5
       2
       3
       4
       4
       5
       2
       3
       4
       3
       5
       4
       3
       1
       1
       3
       2
       2
       2
       3
       1
       2
       4
       2
       3
       2
       0
       6
       2
       3
       1
       3
       4
       3
       4
       3
       3
       2
       0
       2
       2
       3
       2
       2
       1
       2
       4
       4
       2
       1
       3
       2
       3
       1
       3
       3
       3
       3
       0
       3
       4
       2
       3
       3
       2
       0
       3
       3
       0
       3
       3
       3
       6
       2
       0
       2
       2
       2
       0
       1
       5
       4
       1
       3
       5
       0
       3
       2
       2
       3
       4
       5
       4
       1
       4
       1
       2
       4
       3
       3
       2
       2
       1
       5
       5
       1
       2
       1
       3
       3
       1
       1
       2
       5
       2
       1
       1
       2
       2
       3
       0
       1
       2
       4
       4
       5
       2
       3
       3
       2
       4
       1
       3
       1
       0
       2
       2
       3
       1
       1
       4
       1
       3
       1
       1
       1
       0
       4
       4
       0
       1
       1
       5
       1
       1
       4
       2
       3
       2
       5
       2
       2
       2
       4
       0
       2
       2
       3
       0
       3
       1
       2
       2
       2
       5
       2
       3
       4
       2
       3
       6
       2
       0
       2
       3
       4
       1
       1
       2
       3
       2
       1
       3
       2
       2
       0
       2
       3
       2
       4
       5
       2
       5
       2
       1
       1
       4
       2
       1
       7
       4
       1
       2
       1
       1
       3
       3
       3
       2
       2
       3
       4
       4
       2
       5
       4
       2
       3
       0
       2
       3
       4
       2
       3
       3
       1
       0
       1
       2
       1
       0
       2
       2
       5
       1
       3
       4
       0
       1
       4
       4
       3
       3
       2
       1
       5
       7
       4
       5
       7
      10
       6
       8
       7
       4
       4
       2
       4
       3
       2
       2
       1
       4
       1
       2
       1
       2
       1
       3
       2
       3
       1
       1
       1
       2
       2
       2
       3
       3
       2
       4
       0
       2
       2
       1
       1
       3
       1
       3
       0
       0
       1
       1
       2
       2
       2
       6
       0
       2
       5
       1
       5
       1
       4
       3
       2
       3
       2
       3
       0
       3
       0
       0
       2
       1
       0
       1
       1
       1
       1
       2
       0
       1
       0
       1
       3
       0
       1
       0
       4
       2
       3
       2
       4
       4
       3
       1
       0
       2
       1
       1
       0
       4
       1
       3
       2
       2
       0
       2
       3
       5
       0
       3
       1
       3
       0
       5
       1
       3
       2
       1
       0
       0
       2
       2
       2
       1
       1
       2
       3
       1
       0
       0
       0
       0
       1
       4
       2
       0
       2
       2
       2
       1
       2
       2
       1
       1
       0
       1
       2
       1
       0
       1
       0
       0
       4
       4
       4
       4
       3
       1
       0
       1
       1
       0
       3
       4
       0
       1
       4
       4
       0
       2
       3
       2
       5
       1
       2
       2
       2
       2
       3
       3
       1
       2
       2
       4
       3
       1
       3
       7
       1
       3
       1
       0
       2
       0
       2
       1
       0
       0
       0
       3
       1
       1
       4
       2
       2
       3
       2
       2
       0
       3
       4
       0
       0
       1
       0
       1
       2
       2
       2
       2
       0
       3
       1
       1
       1
       1
       3
       3
       3
       1
       0
       2
       5
       5
       0
       3
       1
       1
       0
       1
       1
       1
       1
       1
       1
       0
       2
       2
       2
       0
       2
       0
       1
       4
       0
       2
       3
       2
       0
       2
       3
       0
       0
       2
       2
       0
       4
       3
       4
       2
       2
       2
       2
       2
       0
       2
       1
       3
       2
       1
       1
       4
       3
       3
       1
       0
       0
       2
       1
       2
       0
       1
       0
       2
       4
       3
       1
       0
       0
       1
       1
       1
       4
       7
       0
       4
       5
       5
       4
       5
       7
       5
       2
       5
       1
       3
       0
       3
       1
       0
       2
       0
       0
       0
       2
       1
       2
       1
       1
       2
       2
       1
       2
       3
       3
       1
       5
       1
       0
       3
       1
       1
       0
       0
       1
       1
       0
       1
       2
       1
       1
       0
       1
       1
       2
       2
       1
       3
       2
       0
       1
       2
       3
       4
       3
       1
       2
       2
       1
       1
       1
       3
       0
       1
       2
       1
       2
       1
       3
       2
       3
       4
       2
       0
       4
       2
       3
       0
       1
       2
       0
       4
       3
       6
       2
       1
       2
       1
       2
       5
       0
       2
       2
       1
       0
       2
       0
       1
       0
       0
       2
       2
       1
       0
       1
       2
       1
       2
       2
       2
       0
       1
       1
       0
       3
       3
       3
       1
       0
       2
       2
       2
       2
       1
       3
       1
       0
       2
       1
       1
       1
       0
       0
       1
       1
       1
       1
       0
       1
       0
       2
       1
       2
       2
       1
       2
       2
       3
       2
       1
       3
       1
       0
       0
       1
       3
       2
       1
       1
       1
       1
       3
       1
       1
       0
       3
       2
       0
       1
       4
       1
       1
       2
       2
       3
       0
       3
       5
       2
       3
       1
       2
       1
       1
       0
       1
       1
       0
       1
       1
       3
       4
       2
       0
       0
       0
       1
       1
       0
       3
       0
       3
       0
       0
       3
       1
       2
       3
       1
       0
       2
       6
       0
       3
       1
       2
       1
       2
       1
       1
       0
       0
       2
       5
       3
       2
       1
       2
       1
       4
       0
       1
       0
       2
       4
       2
       3
       2
       1
       0
       1
       0
       1
       1
       1
       2
       3
       0
       1
       2
       1
       1
       1
       1
       2
       0
       3
       3
       2
       0
       3
       0
       0
       2
       2
       0
       2
       1
       2
       0
       0
       0
       1
       1
       2
       0
       1
       2
       1
       0
       3
       1
       1
       3
       0
       1
       2
       1
       3
       0
       1
       1
       1
       0
       2
       6
       2
       2
       3
       1
       1
       2
       0
       2
       0
       0
       3
       2
       4
       1
       1
       2
       4
       1
       2
       1
       1
       1
       2
       2
       3
       1
       1
       2
       1
       1
       0
       2
       0
       1
       2
       1
       2
       3
       2
       1
       2
       0
       3
       2
       1
       2
       2
       2
       2
       1
       1
       1
       1
       1
       0
       0
       0
       5
       2
       2
       0
       4
       1
       0
       3
       1
       1
       0
       2
       0
       3
       1
       0
       1
       4
       1
       0
       3
       1
       2
       1
       2
       1
       0
       0
       0
       1
       3
       0
       0
       1
       0
       3
       0
       0
       0
       2
       2
       6
       0
       0
       2
       0
       3
       6
       2
       0
       0
       3
       0
       4
       1
       0
       1
       1
       1
       0
       1
       2
       1
       4
       2
       1
       0
       0
       1
       4
       3
       0
       1
       1
       1
       1
       0
       1
       0
       0
       1
       1
       0
       3
       1
       2
       0
       0
       1
       0
       2
       0
       1
       0
       2
       0
       2
       2
       2
       4
       1
       3
       2
       1
       2
       0
       0
       1
       1
       3
       2
       0
       1
       0
       1
       1
       2
       0
       0
       2
       0
       1
       0
       2
       5
       0
       0
       1
       2
       0
       1
       0
       2
       0
       0
       1
       2
       1
       0
       0
       0
       0
       1
       2
       1
       2
       2
       1
       5
       0
       2
       2
       2
       0
       4
       0
       1
       0
       1
       2
       0
       1
       0
       1
       3
       2
       2
       1
       3
       2
       2
       2
       0
       1
       0
       1
       1
       2
       2
       2
       2
       2
       0
       1
       0
       0
       3
       1
       1
       0
       2
       1
       1
       1
       1
       1
       2
       2
       0
       1
       4
       3
       0
       1
       0
       0
       0
       0
       1
       3
       1
       2
       1
       0
       3
       1
       1
       2
       0
       3
       1
       0
       2
       0
       1
       2
       1
       0
       2
       2
       1
       0
       1
       1
       1
       2
       1
       1
       0
       3
       1
       1
       2
       0
       2
       1
       0
       1
       2
       2
       1
       0
       2
       1
       0
       1
       0
       0
       0
       1
       3
       1
       2
       1
       0
       0
       1
       0
       1
       2
       3
       2
       1
       1
       0
       2
       1
       0
       1
       0
       2
       0
       0
       0
       2
       0
       2
       2
       1
       1
       1
       1
       3
       2
       0
       2
       1
       4
       0
       2
       2
       2
       1
       1
       0
       0
       3
       2
       0
       0
       1
       2
       2
       1
       1
       3
       0
       0
       0
       2
       1
       1
       1
       0
       2
       0
       0
       0
       1
       3
       2
       1
       1
       0
       1
       4
       3
       0
       1
       2
       0
       1
       0
       0
       1
       1
       0
       4
       0
       0
       1
       1
       3
       2
       2
       0
       1
       0
       1
       1
       2
       2
       0
       1
       1
       2
       2
       3
       2
       2
       1
       1
       2
       1
       4
       1
       2
       1
       0
       1
       0
       2
       0
       2
       1
       2
       1
       1
       1
       1
       0
       1
       0
       2
       0
       3
       0
       3
       1
       2
       2
       2
       0
       1
       0
       2
       1
       2
       1
       0
       0
       1
       3
       1
       1
       1
       0
       1
       0
       2
       1
       0
       0
       0
       0
       1
       0
       0
       1
       3
       0
       0
       0
       0
       0
       2
       0
       1
       1
       0
       0
       0
       0
       0
       3
       0
       2
       0
       0
       1
       0
       1
       0
       2
       1
       0
       0
       0
       0
       1
       1
       0
       1
       2
       0
       0
       2
       2
       1
       2
       0
       2
       0
       1
       1
       0
       1
       0
       1
       1
       1
       0
       0
       0
       0
       1
       1
       2
       3
       0
       0
       4
       0
       1
       1
       0
       2
       0
       3
       1
       3
       3
       4
       2
       3
       2
       1
       1
       1
       5
       0
       1
       1
       1
       0
       0
       1
       5
       0
       2
       1
       0
       0
       0
       0
       1
       0
       1
       1
       0
       0
       2
       2
       1
       1
       1
       0
       1
       0
       1
       2
       0
       1
       1
       1
       0
       3
       1
       0
       0
       2
       1
       2
       2
       2
       0
       1
       0
       0
       1
       1
       0
       1
       0
       0
       1
       2
       1
       1
       0
       0
       0
       0
       0
       0
       2
       1
       0
       0
       3
       0
       1
       0
       0
       0
       1
       2
       1
       4
       1
       1
       1
       2
       0
       0
       1
       1
       0
       1
       0
       0
       2
       2
       0
       0
       1
       0
       2
       2
       0
       2
       0
       3
       0
       2
       0
       0
       1
       2
       1
       0
       0
       1
       0
       0
       1
       1
       1
       0
       3
       2
       0
       0
       1
       2
       0
       1
       1
       2
       1
       1
       1
       2
       2
       0
       0
       0
       1
       0
       2
       0
       2
       0
       0
       1
       0
       0
       1
       0
       0
       1
       1
       1
       1
       0
       2
       1
       0
       1
       1
       0
       2
       0
       0
       2
       2
       2
       1
       0
       4
       0
       1
       1
       0
       0
       0
       1
       0
       0
       0
       0
       0
       0
       1
       0
       0
       0
       0
       0
       0
       1
       1
       1
       1
       1
       2
       1
       0
       1
       0
       0
       0
       0
       0
       2
       1
       2
       2
       1
       0
       0
       0
       0
       1
       1
       0
       2
       1
       0
       0
       4
       2
       1
       1
       0
       2
       0
       1
       0
       0
       1
       1
       2
       1
       0
       0
       2
       0
       2
       0
       0
       0
       1
       2
       2
       2
       1
       1
       2
       1
       0
       0
       0
       2
       0
       0
       1
       1
       2
       0
       0
       1
       0
       1
       1
       0
       0
       2
       1
       1
       0
       0
       0
       1
       0
       3
       0
       3
       0
       0
       3
       0
       0
       0
       0
       1
       1
       1
       0
       1
       1
       0
       1
       1
       1
       0
       1
       1
       0
       1
       0
       3
       0
       0
       0
       2
       0
       0
       0
       0
       0
       0
       0
       0
       0
       0
       0
       0
       1
       2
       1
       1
       0
       0
       1
       1
       0
       1
       2
       1
       1
       0
       2
       0
       1
       2
       0
       0
       0
       1
       2
       0
       0
       0
       0
       0
       0
       1
       0
       0
       1
       0
       0
       0
       1
       0
       0
       0
       0
       0
       1
       0
       0
       0
       0
       0
       0
       0
       0
       1
       0
       0
       0
       0
       0
       0
       2
       1
       1
       0
       0
       0
       1
       0
       0
       0
       1
       1
       0
       0
       2
       0
       0
       0
       0
       0
       1
       1
       0
       1
       0
       0
       1
       1
       3
       0
       0
       2
       0
       1
       0
       0
       0
       1
       2
       0
       1
       1
       1
       0
       0
       1
       1
       1
       0
       0
       2
       0
       1
       1
       0
       0
       0
       1
       0
       0
       1
       0
       0
       0
       0
       0
       0
       0
       2
       0
       0
       1
       0
       0
       0
       2
       0
       1
       1
       0
       1
       0
       2
       0
       0
       0
       1
       0
       0
       0
       0
       0
       2
       2
       1
       0
       0
       0
       0
       1
       0
       1
       0
       0
       0
       0
       0
       0
       1
       0
       2
       1
       0
       0
       0
       2
       0
       0
       0
       1
       1
       1
       0
       1
       1
       4
       0
       0
       1
       0
       0
       0
       1
       0
       1
       1
       0
       2
       1
       0
       0
       1
       0
       1
       0
       2
       1
       0
       1
       0
       3
       0
       1
       0
       0
       0
       0
       1
       0
       0
       0
       1
       1
       1
       0
       1
       2
       0
       1
       0
       1
       1
       2
       1
       0
       0
       0
       0
       1
       1
       0
       1
       2
       2
       0
       0
       0
       1
       1
       0
       2
       1
       0
       1
       0
       1
       0
       0
       1
       1
       1
       1
       0
       0
       0
       0
       2
       0
       0
       0
       1
       0
       0
       0
       0
       0
       0
       0
       0
       1
       1
       0
       0
       0
       0
       2
       1
       0
       0
       0
       0
       1
       0
       0
       1
       1
       1
       0
       1
       0
       0
       0
       0
       1
       1
       0
       0
       1
       0
       0
       0
       1
       0
       0
       2
       0
       1
       1
       0
       0
       1
       1
       0
       0
       1
       1
       0
       1
       1
       0
       0
       1
       0
       0
       0
       0
       0
       0
       2
       1
       2
       2
       0
       0
       0
       1
       0
       0
       0
       0
       0
       1
       0
       3
       0
       1
       1
       0
       1
       2
       0
       1
       2
       0
       1
       2
       0
       1
       1
       3
       0
       0
       0
       1
       0
       0
       1
       0
       0
       1
       0
       0
       1
       1
       0
       0
       2
       1
       0
       0
       0
       0
       0
       1
       1
       1
       0
       1
       0
       0
       1
       0
       0
       2
       1
       0
       0
       1
       0
       0
       0
       2
       1
       1
       0
       0
       0
       1
       1
       0
       0
       2
       0
       1
       0
       1
       2
       1
       0
       1
       3
       1
       1
       3
       0
       2
       2
       0
       2
       4
       0
       1
       1
       4
       2
       2
       2
       1
       0
       2
       2
       2
       0
       0
       0
       0
       0
       0
       0
       1
       1
       1
       2
       2
       0
       1
       1
       0
       2
       0
       2
       0
       0
       0
       1
       0
       1
       0
       0
       1
       0
       0
       0
       1
       0
       0
       0
       1
       1
       0
       0
       0
       0
       0
       0
       0
       0
       1
       1
       1
       2
       1
       0
       0
       0
       1
       0
       1
       0
       0
       1
       0
       0
       1
       1
       1
       0
       1
       0
       0
       0
       0
       0
       0
       1
       2
       0
       1
       0
       0
       2
       0
       0
       0
       1
       0
       1
       2
       1
       0
       0
       0
       0
       1
       0
       0
       0
       0
       0
       0
       2
       0
       0
       0
       0
       0
       1
       1
       1
       1
       0
       0
       0
       0
       2
       0
       0
       0
       0
       0
       1
       1
       0
       0
       0
       0
       0
       0
       0
       1
       0
       0
       1
       0
       0
       0
       0
       1
       0
       1
       0
       0
       1
       1
       0
       0
       2
       0
       0
       1
       1
       0
       1
       1
       0
       2
       0
       1
       1
       0
       1
       0
       1
       0
       1
       1
       1
       1
       0
       1
       0
       0
       0
       1
       1
       0
       1
       1
       0
       1
       0
       1
       1
       0
       1
       1
       0
       1
       1
       0
       0
       1
       0
       1
       1
       0
       0
       0
       0
       0
       0
       0
       0
       0
       0
       0
       0
       0
       0
       0
       0
       1
       1
       1
       1
       1
       1
       0
       0
       0
       0
       0
       0
       0
       0
       0
       0
       0
       0
       0
       1
       1
       2
       0
       0
       0
       0
       0
       0
       0
       1
       0
       0
       1
       0
       0
       0
       0
       0
       1
       0
       0
       1
       0
       0
       1
       0
       0
       0
       0
       0
       0
       0
       1
       1
       0
       0
       2
       0
       0
       0
       0
       0
       0
       3
       0
       0
       0
       0
       0
       0
       0
       2
       0
       0
       0
       0
       0
       0
       1
       0
       0
       0
       1
       1
       0
       0
       0
       1
       1
       1
       0
       0
       0
       0
       0
       1
       0
       0
       0
       1
       1
       0
       0
       0
       0
       0
       0
       1
       0
       1
       1
       2
       3
       0
       0
       1
       0
       0
       1
       0
       0
       0
       0
       0
       1
       0
       0
       1
       0
       0
       0
       0
       0
       0
       0
       1
       0
       1
       0
       0
       0
       0
       2
       0
       1
       0
       0
       0
       0
       1
       1
       0
       1
       1
       0
       0
       0
       0
       1
       1
       0
       0
       1
       1
       0
       0
       0
       2
       1
       0
       0
       0
       0
       0
       0
       0
       0
       0
       0
       0
       1
       0
       0
       0
       0
       0
       0
       1
       0
       0
       2
       0
       0
       0
       0
       0
       2
       0
       0
       0
       0
       1
       0
       1
       0
       0
       1
       0
       0
       0
       0
       0
       0
       0
       0
       0
       0
       0
       0
       0
       1
       2
       0
       0
       0
       1
       2
       1
       1
       0
       0
       0
       0
       0
       0
       0
       0
       0
       0
       0
       1
       0
       1
       0
       0
       0
       0
       0
       0
       0
       0
       1
       1
       0
       0
       0
       0
       0
       0
       1
       0
       1
       0
       0
       1
       1
       0
       0
       0
       0
       0
       0
       1
       0
       1
       0
       0
       1
       0
       1
       0
       1
       0
       0
       1
       0
       1
       0
       1
       0
       0
       1
       0
       1
       0
       1
       0
       0
       0
       2
       0
       0
       1
       0
       1
       1
       0
       0
       0
       0
       0
       1
       2
       1
       1
       1
       0
       0
       0
       0
       0
       0
       0
       0
       0
       0
       1
       1
       0
       2
       0
       1
       0
       0
       1
       1
       0
       1
       0
       0
       0
       0
       0
       0
       0
       0
       0
       1
       0
       0
       0
       0
       0
       1
       0
       0
       0
       0
       0
       0
       0
       0
       0
       0
       0
       0
       0
       0
       0
       1
       0
       0
       0
       0
       0
       0
       0
       1
       0
       0
       2
       2
       0
       0
       0
       0
       0
       0
       0
       0
       2
       0
       0
       0
       0
       0
       0
       0
       0
       0
       0
       0
       0
       0
       1
       1
       0
       1
       0
       0
       0
       0
       1
       0
       1
       0
       0
       1
       0
       0
       0
       0
       1
       1
       0
       0
       0
       0
       1
       0
       0
       2
       0
       0
       2
       2
       1
       0
       0
       0
       0
       1
       0
       0
       0
       1
       0
       0
       1
       1
       0
       1
       0
       0
       1
       0
       0
       0
       0
       0
       0
       1
       0
       0
       0
       1
       0
       0
       2
       0
       1
       0
       1
       1
       0
       1
       0
       0
       0
       2
       0
       0
       0
       0
       0
       0
       0
       0
       0
       0
       0
       1
       0
       0
       0
       0
       1
       3
       0
       0
       0
       0
       0
       0
       0
       0
       0
       0
       1
       1
       0
       0
       0
       0
       0
       1
       0
       0
       0
       1
       0
       0
       0
       0
       0
       1
       0
       0
       0
       0
       0
       0
       1
       0
       0
       0
       0
       1
       0
       0
       1
       0
       1
       1
       1
       1
       0
       1
       0
       0
       1
       1
       0
       0
       0
       1
       0
       0
       0
       0
       0
       1
       0
       1
       0
       0
       1
       0
       0
       1
       0
       2
       0
       0
       1
       0
       0
       0
       0
       1
       2
       1
       1
       0
       0
       0
       0
       0
       0
       0
       0
       2
       0
       0
       0
       1
       0
       0
       0
       0
       0
       1
       0
       0
       0
       0
       0
       0
       0
       0
       1
       0
       0
       0
       0
       2
       0
       0
       0
       0
       1
       0
       0
       0
       0
       0
       0
       1
       1
       0
       0
       0
       1
       0
       0
       1
       0
       0
       1
       1
       0
       0
       0
       0
       0
       0
       0
       0
       1
       1
       0
       0
       0
       1
       1
       0
       0
       0
       0
       1
       0
       0
       3
       1
       2
       0
       0
       0
       0
       0
       0
       0
       0
       0
       0
       1
       0
       0
       0
       0
       0
       2
       0
       0
       0
       0
       0
       0
       0
       0
       0
       0
       0
       1
       0
       1
       1
       0
       0
       0
       0
       0
       0
       0
       0
       0
       0
       0
       0
       0
       0
       1
       0
       1
       0
       0
       0
       0
       0
       0
       0
       0
       0
       0
       0
       0
       0
       1
       0
       0
       0
       0
       0
       0
       1
       1
       0
       0
       0
       1
       0
       0
       0
       0
       0
       0
       1
       0
       0
       1
       0
       0
       0
       0
       0
       0
       0
       0
       0
       0
       0
       0
       0
       1
       0
       0
       0
       0
       1
       0
       0
       0
       0
       1
       1
       1
       0
       3
       0
       0
       0
       0
       0
       1
       0
       0
       0
       0
       1
       0
       0
       0
       0
       0
       1
       1
       0
       0
       0
       1
       1
       2
       1
       0
       0
       0
       1
       0
       0
       0
       0
       0
       0
       1
       0
       0
       0
       0
       0
       0
       0
       0
       0
       0
       0
       0
       0
       0
       0
       0
       0
       0
       0
       0
       1
       0
       1
       0
       1
       0
       0
       0
       0
       0
       1
       0
       1
       0
       1
       0
       0
       0
       0
       1
       1
       0
       0
       0
       1
       0
       0
       0
       2
       0
       0
       1
       0
       0
       0
       0
       1
       0
       0
       0
       1
       0
       0
       0
       0
       1
       0
       1
       0
       2
       0
       0
       0
       2
       1
       0
       0
       0
       0
       1
       0
       1
       2
       0
       1
       0
       0
       0
       0
       0
       2
       0
       2
       0
       0
       0
       1
       1
       2
       0
       0
       0
       1
       0
       0
       0
       0
       1
       0
       1
       1
       0
       0
       0
       0
       0
       0
       0
       0
       0
       1
       0
       0
       0
       1
       0
       0
       0
       0
       1
       0
       0
       0
       0
       0
       0
       0
       0
       0
       0
       1
       0
       0
       0
       1
       0
       0
       0
       1
       0
       0
       1
       0
       1
       1
       2
       0
       1
       0
       0
       0
       0
       0
       1
       0
       1
       0
       0
       0
       0
       0
       0
       0
       0
       1
       1
       0
       1
       1
       1
       1
       0
       0
       0
       0
       0
       0
       0
       0
       0
       0
       1
       0
       0
       1
       0
       0
       0
       0
       0
       0
       0
       0
       1
       0
       0
       0
       1
       1
       0
       0
       0
       1
       1
       0
       1
       0
       0
       0
       0
       0
       0
       1
       0
       1
       0
       1
       0
       0
       0
       0
       0
       0
       0
       0
       0
       0
       0
       0
       0
       0
       0
       0
       0
       0
       0
       0
       0
       0
       0
       0
       0
       0
       2
       0
       0
       0
       0
       0
       1
       1
       0
       1
       0
       0
       0
       0
       0
       0
       0
       0
       0
       0
       1
       1
       0
       1
       0
       0
       1
       1
       0
       0
       0
       0
       0
       0
       0
       1
       1
       0
       0
       0
       0
       0
       3
       0
       1
       0
       0
       0
       1
       1
       0
       0
       1
       0
       0
       0
       0
       1
       0
       0
       1
       0
       0
       0
       0
       0
       1
       0
       0
       0
       1
       0
       0
       0
       0
       0
       0
       1
       0
       0
       1
       0
       0
       1
       0
       0
       1
       1
       0
       0
       0
       1
       0
       0
       0
       0
       2
       1
       0
       0
       0
       1
       0
       0
       0
       0
       0
       1
       1
       0
       0
       0
       1
       0
       0
       0
       0
       0
       0
       0
       1
       0
       0
       0
       1
       0
       0
       0
       0
       0
       0
       0
       0
       0
       0
       0
       0
       0
       0
       0
       1
       0
       0
       1
       0
       1
       0
       0
       0
       0
       0
       0
       0
       0
       0
       0
       0
       0
       0
       0
       0
       1
       0
       0
       0
       0
       1
       0
       0
       1
       0
       0
       0
       0
       1
       0
       0
       0
       0
       0
       0
       0
       0
       1
       0
       0
       0
       1
       0
       1
       0
       0
       0
       0
       1
       0
       0
       0
       0
       0
       1
       0
       2
       0
       0
       0
       0
       0
       0
       0
       0
       0
       0
       0
       0
       0
       0
       0
       0
       0
       0
       0
       0
       1
       1
       0
       0
       0
       0
       0
       0
       0
       0
       0
       2
       1
       0
       0
       0
       1
       0
       0
       0
       0
       0
       0
       0
       0
       0
       0
       1
       0
       1
       0
       0
       0
       0
       0
       0
       0
       0
       0
       0
       0
       0
       0
       1
       1
       0
       0
       0
       0
       0
       0
       0
       0
       1
       0
       0
       0
       0
       0
       1
       0
       0
       0
       0
       0
       0
       0
       0
       0
       0
       0
       0
       0
       0
       1
       0
       0
       0
       0
       0
       0
       0
       0
       0
       0
       0
       0
       1
       1
       1
       0
       0
       0
       0
       0
       0
       0
       0
       1
       0
       0
       1
       0
       0
       0
       0
       0
       0
       0
       0
       0
       0
       0
       0
       0
       0
       0
       0
       0
       0
       0
       0
       0
       1
       0
       0
       0
       0
       0
       0
       1
       0
       0
       0
       0
       0
       0
       0
       1
       0
       0
       0
       0
       0
       1
       0
       0
       0
       0
       0
       0
       0
       0
       0
       0
       0
       0
       0
       0
       0
       1
       0
       0
       0
       0
       0
       0
       0
       0
       0
       1
       0
       0
       0
       0
       0
       0
       0
       0
       0
       0
       0
       1
       1
       0
       1
       0
       1
       0
       0
       0
       0
       0
       1
       0
       0
       0
       1
       1
       0
       1
       0
       0
       0
       1
       0
       0
       0
       0
       0
       0
       0
       1
       0
       0
       0
       0
       0
       0
       0
       0
       0
       0
       1
       0
       0
       0
       0
       0
       0
       0
       0
       0
       1
       0
       0
       1
       0
       0
       0
       0
       1
       0
       0
       0
       0
       1
       0
       0
       0
       0
       0
       0
       0
       0
       0
       0
       0
       0
       0
       0
       0
       0
       0
       0
       1
       0
       0
       0
       1
       1
       0
       0
       1
       0
       0
       0
       0
       0
       0
       0
       0
       0
       0
       0
       0
       0
       0
       0
       0
       0
       0
       0
       0
       1
       0
       0
       0
       0
       0
       0
       0
       1
       0
       0
       0
       0
       0
       0
       0
       0
       0
       0
       0
       0
       0
       0
       0
       0
       0
       0
       0
       0
       0
       0
       0
       0
       0
       0
       1
       0
       0
       0
       0
       0
       1
       1
       0
       0
       0
       1
       0
       0
       0
       0
       0
       2
       0
       0
       0
       0
       1
       0
       1
       0
       0
       0
       0
       0
       0
       0
       0
       0
       0
       1
       0
       0
       1
       0
       0
       0
       0
       0
       0
       0
       0
       0
       0
       0
       0
       0
       0
       0
       0
       0
       0
       0
       0
       2
       0
       0
       0
       0
       0
       1
       0
       0
       0
       0
       0
       0
       0
       0
       0
       0
       0
       0
       0
       1
       0
       0
       0
       0
       0
       0
       0
       0
       0
       0
       0
       1
       0
       0
       0
       0
       0
       0
       0
       1
       0
       0
       0
       0
       0
       0
       0
       0
       0
       0
       0
       0
       0
       0
       0
       1
       0
       0
       0
       0
       0
       0
       0
       0
       1
       1
       0
       0
       0
       0
       2
       0
       0
       0
       0
       0
       0
       1
       0
       0
       0
       0
       1
       0
       0
       0
       1
       0
       1
       0
       0
       0
       0
       0
       1
       0
       0
       0
       0
       2
       0
       0
       0
       0
       0
       0
       0
       0
       0
       0
       2
       0
       0
       0
       0
       0
       1
       1
       0
       0
       0
       0
       0
       0
       0
       0
       0
       0
       0
       0
       0
       0
       0
       1
       1
       0
       0
       0
       0
       0
       1
       0
       0
       0
       1
       0
       0
       0
       0
       0
       1
       1
       0
       1
       0
       0
       0
       0
       1
       0
       0
       1
       0
       0
       0
       0
       0
       0
       1
       0
       0
       0
       0
       0
       0
       0
       0
       0
       1
       0
       0
       0
       3
       0
       1
       0
       0
       0
       0
       0
       0
       0
       0
       0
       1
       0
       0
       0
       0
       0
       0
       0
       0
       0
       0
       1
       0
       0
       1
       0
       0
       0
       0
       1
       0
       1
       0
       0
       1
       0
       0
       0
       0
       0
       1
       0
       1
       0
       0
       0
       0
       1
       0
       0
       0
       3
       0
       1
       1
       2
       2
       0
       1
       1
       1
       0
       0
       1
       0
       0
       1
       2
       0
       1
       0
       0
       0
       0
       0
       0
       0
       0
       0
       0
       0
       0
       0
       0
       1
       1
       0
       0
       0
       0
       0
       0
       0
       0
       2
       0
       0
       1
       0
       0
       0
       0
       0
       0
       1
       1
       0
       0
       1
       0
       0
       0
       0
       0
       0
       0
       0
       0
       0
       0
       0
       0
       0
       0
       0
       0
       1
       0
       2
       0
       0
       1
       0
       0
       0
       0
       0
       0
       0
       0
       0
       0
       0
       0
       0
       0
       0
       0
       0
       0
       0
       0
       0
       0
       1
       0
       0
       0
       0
       0
       0
       0
       0
       1
       1
       0
       0
       0
       0
       0
       0
       0
       0
       0
       0
       0
       0
       0
       0
       0
       1
       0
       0
       0
       0
       0
       0
       1
       1
       2
       0
       0
       0
       0
       0
       0
       0
       0
       0
       0
       0
       0
       0
       0
       0
       0
       0
       0
       0
       0
       0
       0
       1
       0
       1
       0
       0
       0
       1
       0
       0
       0
       0
       0
       0
       0
       0
       0
       1
       0
       0
       1
       0
       1
       0
       0
       0
       0
       0
       0
       0
       1
       0
       0
       0
       0
       1
       0
       0
       0
       1
       0
       0
       0
       0
       0
       1
       1
       0
       0
       0
       0
       1
       0
       0
       0
       0
       0
       0
       0
       0
       0
       0
       0
       0
       0
       1
       0
       0
       0
       0
       1
       0
       0
       0
       0
       0
       0
       0
       0
       0
       0
       0
       0
       0
       0
       0
       0
       0
       0
       1
       0
       1
       0
       0
       0
       1
       0
       0
       0
       0
       0
       0
       0
       0
       0
       0
       0
       0
       0
       0
       0
       0
       0
       0
       0
       0
       0
       0
       0
       2
       0
       0
       1
       0
       0
       0
       0
       0
       0
       0
       1
       0
       0
       0
       0
       0
       0
       0
       0
       1
       0
       0
       0
       1
       0
       0
       0
       0
       0
       0
       0
       0
       0
       0
       0
       1
       0
       1
       1
       0
       0
       0
       0
       1
       0
       0
       2
       0
       1
       0
       1
       0
       1
       0
       0
       0
       0
       0
       0
       0
       0
       0
       0
       0
       1
       1
       0
       0
       0
       0
       0
       0
       0
       0
       0
       0
       0
       2
       0
       0
       1
       0
       0
       0
       0
       0
       0
       0
       0
       1
       0
       1
       0
       0
       0
       0
       0
       0
       0
       0
       0
       0
       0
       0
       0
       0
       0
       0
       0
       0
       1
       0
       0
       0
       0
       0
       0
       0
       0
       0
       0
       0
       0
       0
       1
       0
       0
       0
       0
       0
       0
       2
       0
       0
       0
       0
       1
       0
       0
       0
       1
       0
       0
       0
       0
       0
       0
       0
       0
       0
       0
       0
       0
       0
       0
       0
       0
       0
       0
       0
       0
       0
       0
       0
       0
       1
       0
       0
       1
       0
       0
       1
       0
       0
       0
       0
       1
       0
       0
       0
       1
       0
       0
       0
       0
       0
       0
       0
       0
       0
       0
       1
       0
       0
       0
       1
       0
       0
       0
       0
       0
       0
       0
       0
       0
       0
       0
       0
       0
       0
       0
       0
       0
       0
       1
       0
       0
       0
       0
       1
       0
       1
       0
       0
       0
       0
       0
       1
       1
       0
       0
       0
       1
       0
       0
       0
       0
       0
       1
       0
       1
       0
       0
       0
       0
       0
       0
       0
       0
       0
       2
       0
       0
       0
       0
       1
       1
       0
       0
       0
       0
       0
       0
       1
       1
       0
       1
       0
       0
       0
       0
       0
       0
       1
       0
       0
       0
       1
       1
       0
       0
       0
       0
       1
       0
       0
       0
       0
       0
       0
       0
       0
       1
       0
       0
       0
       0
       0
       1
       0
       0
       1
       0
       0
       0
       1
       0
       1
       0
       0
       1
       0
       1
       0
       0
       0
       0
       0
       0
       0
       0
       0
       0
       0
       0
       0
       0
       0
       0
       0
       0
       0
       0
       0
       0
       0
       0
       0
       0
       0
       0
       0
       0
       0
       0
       0
       0
       1
       0
       0
       1
       0
       0
       1
       0
       0
       0
       1
       0
       0
       0
       0
       0
       0
       0
       0
       0
       0
       0
       0
       0
       0
       0
       0
       0
       0
       1
       0
       0
       0
       0
       0
       0
       0
       0
       0
       0
       0
       0
       0
       0
       1
       0
       0
       0
       0
       0
       0
       0
       0
       0
       0
       0
       0
       0
       0
       0
       0
       0
       0
       0
       0
       0
       0
       0
       0
       0
       0
       0
       0
       1
       0
       0
       0
       1
       0
       0
       0
       0
       0
       0
       0
       0
       0
       0
       1
       0
       0
       0
       0
       0
       0
       0
       1
       0
       0
       0
       0
       0
       0
       0
       0
       0
       1
       1
       1
       0
       0
       0
       1
       0
       0
       0
       0
       0
       0
       0
       0
       1
       0
       0
       0
       0
       0
       1
       0
       0
       0
       0
       0
       0
       0
       0
       0
       0
       0
       0
       0
       0
       0
       0
       0
       0
       0
       0
       0
       0
       0
       0
       0
       0
       0
       0
       0
       0
       0
       0
       0
       1
       0
       0
       1
       1
       1
       0
       1
       0
       0
       0
       0
       1
       0
       0
       0
       1
       0
       0
       0
       0
       0
       0
       0
       0
       0
       0
       0
       1
       0
       1
       0
       0
       0
       1
       0
       1
       0
       0
       2
       0
       0
       0
       0
       0
       0
       0
       0
       0
       1
       0
       0
       0
       0
       0
       0
       1
       0
       0
       0
       0
       0
       0
       0
       0
       0
       0
       0
       1
       0
       0
       0
       1
       0
       0
       0
       0
       0
       0
       0
       1
       0
       0
       0
       0
       0
       0
       0
       0
       0
       0
       0
       0
       0
       0
       0
       0
       0
       1
       0
       0
       1
       0
       1
       0
       0
       0
       0
       0
       0
       0
       0
       0
       0
       0
       0
       0
       0
       0
       0
       0
       0
       0
       0
       0
       0
       0
       0
       0
       0
       0
       0
       0
       0
       0
       0
       0
       0
       0
       1
       0
       0
       0
       0
       2
       0
       0
       0
       0
       0
       0
       0
       0
       0
       0
       0
       1
       0
       0
       0
       0
       0
       0
       0
       0
       0
       0
       0
       0
       0
       0
       1
       0
       0
       0
       0
       0
       0
       0
       0
       0
       0
       0
       0
       0
       1
       0
       0
       0
       1
       0
       0
       0
       0
       0
       0
       0
       0
       0
       0
       0
       0
       0
       0
       0
       0
       0
       0
       0
       0
       0
       1
       0
       1
       0
       0
       0
       0
       1
       0
       0
       0
       0
       0
       1
       0
       0
       0
       1
       0
       0
       1
       0
       0
       0
       0
       0
       1
       0
       0
       0
       0
       0
       2
       0
       0
       0
       0
       1
       0
       0
       0
       0
       1
       0
       0
       0
       0
       0
       0
       0
       0
       0
       0
       0
       0
       1
       0
       0
       2
       0
       0
       0
       0
       1
       0
       0
       0
       0
       0
       1
       0
       0
       0
       0
       0
       1
       0
       0
       0
       0
       0
       0
       0
       0
       0
       0
       0
       0
       0
       0
       0
       0
       0
       1
       0
       0
       0
       0
       0
       1
       0
       0
       0
       0
       0
       0
       0
       0
       0
       0
       0
       0
       0
       0
       0
       0
       0
       0
       0
       1
       0
       0
       0
       0
       1
       0
       0
       0
       0
       0
       0
       0
       0
       0
       0
       0
       0
       0
       0
       0
       0
       0
       0
       0
       0
       0
       0
       0
       0
       0
       1
       0
       0
       0
       0
       0
       0
       1
       0
       0
       0
       0
       1
       0
       0
       0
       0
       1
       0
       1
       0
       0
       0
       0
       3
       0
       0
       1
       0
       0
       0
       0
       0
       0
       0
       0
       0
       0
       0
       0
       1
       0
       1
       1
       0
       0
       0
       0
       0
       0
       0
       1
       0
       0
       0
       0
       0
       0
       0
       0
       0
       0
       0
       0
       1
       0
       0
       1
       0
       0
       0
       0
       0
       0
       0
       0
       0
       0
       0
       0
       0
       0
       0
       0
       0
       0
       1
       0
       0
       1
       0
       0
       0
       0
       0
       0
       0
       0
       0
       0
       0
       1
       0
       0
       0
       0
       0
       1
       0
       1
       0
       0
       0
       0
       0
       0
       0
       0
       1
       0
       0
       0
       0
       0
       0
       0
       1
       0
       0
       0
       0
       0
       0
       0
       0
       0
       0
       0
       1
       0
       0
       0
       0
       0
       0
       0
       0
       0
       0
       0
       0
       0
       0
       0
       0
       1
       0
       0
       0
       0
       0
       0
       1
       0
       0
       0
       0
       0
       0
       1
       0
       0
       1
       0
       1
       0
       0
       0
       0
       0
       0
       0
       0
       0
       0
       0
       0
       0
       0
       1
       0
       0
       0
       0
       0
       0
       0
       0
       0
       0
       0
       0
       0
       0
       0
       0
       0
       0
       0
       0
       0
       0
       0
       0
       0
       0
       0
       1
       1
       0
       0
       0
       0
       1
       0
       0
       0
       0
       0
       0
       0
       0
       0
       0
       0
       0
       1
       0
       0
       0
       0
       0
       0
       0
       1
       0
       0
       0
       0
       0
       0
       0
       0
       0
       0
       1
       0
       0
       1
       0
       1
       0
       0
       0
       0
       0
       0
       0
       0
       0
       0
       0
       0
       0
       0
       0
       0
       0
       0
       0
       0
       0
       0
       0
       0
       0
       0
       0
       0
       0
       0
       0
       0
       0
       0
       0
       0
       0
       0
       0
       0
       0
       0
       0
       0
       0
       0
       0
       0
       0
       0
       0
       0
       0
       0
       0
       0
       0
       0
       0
       0
       0
       0
       0
       0
       0
       0
       0
       0
       0
       0
       0
       0
       0
       0
       0
       0
       0
       0
       0
       0
       0
       0
       0
       0
       0
       0
       0
       0
       0
       0
       0
       0
       0
       0
       0
       0
       0
       0
       0
       0
       0
       0
       0
       0
       0
       0
       0
       0
       0
       0
       0
       0
       0
       0
       0
       0
       0
       0
       0
       0
       0
       0
       0
       0
       0
       0
       0
       0
       0
       0
       0
       0
       0
       0
       0
       0
       0
       0
       0
       0
       0
       0
       0
       0
       0
       0
       0
       0
       0
       0
       0
       0
       0
       0
       0
       0
       0
       0
       0
       0
       0
       0
       0
       0
       0
       0
       0
       0
       0
       0
       0
       0
       0
       0
       0
       0
       0
       0
       0
       0
       0
       0
       0
       0
       0
       0
       0
       0
       0
       0
       0
       0
       0
       0
       0
       0
       0
       0
       0
       0
       0
       0
       0
       0
$ROI:
16
142 158
301 317
609 627
855 875
976 998
1653 1685
1944 1972
2085 2117
2243 2277
2407 2439
2718 2754
2783 2819
2932 2970
3333 3375
3519 3569
4559 4650
$PRESETS:
None
0
0
$ENER_FIT:
-0.400083 0.397151
$MCA_CAL:
3
-4.000828E-001 3.971508E-001 1.392269E-008 keV
$SHAPE_CAL:
3
2.995317E+000 2.362591E-003 1.175446E-007
