$SPEC_ID:
Pulser
$SPEC_REM:
DET# 2
DETDESC# DETECTOR 2
AP# GammaVision Version 7.01.03
$DATE_MEA:
03/29/2017 09:37:04
$MEAS_TIM:
7027 7200
$DATA:
0 8191
       0
       0
       0
       0
       0
       0
       0
       0
       0
       0
       0
       0
       0
       0
       0
       0
       0
       0
       0
       0
       0
       0
       0
    1021
   38368
   37049
   22069
   20250
   20110
   23316
   36923
   68058
  104270
  114301
   89768
   56310
   38434
   41571
   74276
  151712
  252463
  293956
  226913
  122772
   54918
   31003
   32816
   48178
   60745
   57524
   44407
   31539
   23440
   19194
   16742
   16119
   15922
   15800
   16160
   16655
   17115
   17745
   19035
   23421
   31259
   34927
   29031
   20688
   15971
   14475
   13797
   13489
   12948
   13008
   12724
   12844
   12500
   12520
   12443
   12394
   12454
   12179
   12135
   11934
   11495
   11410
   11484
   10993
   10863
   10856
   10890
   10572
   10251
   10418
   10338
   10262
   10421
   10241
   10345
   10314
   10233
   10290
   10259
   10399
   10538
   10781
   11081
   11530
   11665
   11623
   11614
   11548
   11839
   11817
   11965
   12047
   12134
   12219
   12377
   12385
   12455
   12528
   12471
   12679
   12827
   13087
   13080
   13329
   13458
   13183
   13703
   14766
   19924
   33527
   51069
   55755
   41984
   25726
   16978
   14857
   14608
   14732
   15176
   15448
   16275
   16879
   18411
   21576
   23700
   23447
   21178
   20026
   19509
   19622
   19895
   20287
   20945
   21352
   21822
   22892
   23686
   24388
   24067
   24858
   24948
   25356
   26155
   25981
   26888
   27398
   28055
   28879
   29468
   30590
   31820
   32932
   33962
   35360
   36785
   38261
   39713
   44869
   56636
   73533
   82625
   73306
   58757
   59848
   80763
  101570
   97187
   71359
   47535
   37854
   35010
   34347
   33878
   33716
   32548
   31795
   31456
   31225
   31680
   36065
   44085
   53024
   55115
   50294
   42804
   39692
   54080
  105174
  178313
  220034
  186089
  114718
   57415
   32333
   25477
   26481
   28785
   29865
   28333
   27705
   33293
   54370
   93688
  127491
  124780
   88105
   51637
   35883
   39146
   59222
  100530
  155696
  208300
  261853
  336852
  390085
  349723
  230645
  123875
   67626
   47780
   62709
  144632
  326208
  533443
  605895
  469805
  256323
  103386
   39815
   21951
   18157
   19798
   24145
   28890
   28394
   23882
   18708
   19146
   25687
   37561
   50803
   61323
   61309
   49471
   35544
   26440
   25476
   31880
   46411
   68140
   90432
  105407
  114580
  133690
  170019
  205726
  215947
  182708
  120625
   66766
   38541
   33570
   45816
   67545
   85331
   86275
   70462
   49060
   32603
   22024
   17192
   15296
   14518
   14063
   13581
   13274
   13489
   14980
   18957
   25760
   30852
   30559
   24646
   17807
   13672
   12062
   11413
   11432
   11607
   11356
   12031
   11657
   11212
   10622
   10536
   10192
   10020
    9838
    9831
    9556
    9416
    9426
    9393
    9095
    9034
    8965
    8800
    8670
    8647
    8593
    8514
    8628
    8664
    8830
    8879
    8720
    9071
    9308
    9416
    8953
    8400
    7852
    7618
    7475
    7351
    7424
    7458
    7611
    8488
    9996
   11177
   11354
   10227
   10401
   17304
   44907
  105622
  182607
  227884
  202775
  128017
   58497
   21855
    9464
    7218
    6771
    6387
    6380
    6197
    6256
    6098
    6096
    6188
    6448
    6641
    7230
    7774
    7477
    6995
    6456
    6177
    6084
    6036
    6098
    6071
    6000
    6004
    5871
    5886
    5845
    5838
    5821
    5883
    5851
    5833
    5806
    5781
    5713
    5721
    5741
    5592
    5828
    6214
    9419
   20094
   46674
   84744
  116987
  117778
   86456
   47564
   19939
    8421
    5829
    5147
    5017
    4982
    5004
    4966
    4876
    4903
    4966
    4776
    4815
    4762
    4728
    4680
    4596
    4650
    4652
    4750
    4812
    5094
    5234
    5189
    5373
    5368
    5477
    5338
    5147
    4945
    4648
    4664
    4612
    4541
    4600
    4818
    4719
    4764
    4798
    4662
    4827
    5387
    6835
    9735
   13036
   14541
   14177
   16520
   39977
  141234
  397377
  823603
 1251406
 1404008
 1159207
  694620
  298308
   89083
   19590
    4477
    2326
    1929
    1845
    1655
    1606
    1528
    1600
    1574
    1622
    1570
    1545
    1656
    2552
    5007
    9203
   14280
   16957
   14984
   10509
    5492
    2673
    1597
    1485
    1606
    1972
    2338
    2564
    2333
    2044
    2111
    3346
    7256
   14472
   22715
   27426
   24886
   17552
   11050
   12889
   28796
   61235
  100240
  123904
  115724
   80058
   40669
   15030
    4266
    1294
     790
     742
     674
     642
     639
     569
     613
     609
     621
     580
     559
     612
     534
     556
     604
     699
     834
    1145
    1189
    1160
    1069
     918
     909
    1154
    1422
    1440
    1337
    1162
     864
     709
    1032
    1535
    2357
    3062
    3308
    2825
    1868
    1069
     652
     508
     471
     474
     450
     445
     432
     473
     506
     466
     468
     520
     528
     559
     577
     602
     601
     485
     450
     416
     437
     459
     509
     640
     784
    1030
    1203
    1139
     905
     793
     724
     864
     926
     951
     903
     773
     615
     513
     488
     457
     544
     643
     942
    1328
    1913
    2005
    1737
    1362
     919
     653
     435
     408
     406
     376
     388
     463
     534
     835
    1133
    1431
    1620
    1428
    1045
     770
     525
     456
     452
     430
     424
     447
     402
     423
     426
     436
     400
     403
     432
     426
     441
     437
     482
     471
     544
     603
     525
     553
     519
     498
     523
     495
     442
     460
     434
     469
     471
     455
     410
     404
     383
     365
     378
     321
     363
     387
     403
     381
     437
     414
     470
     491
     474
     497
     476
     487
     515
     599
     672
     710
     644
     650
     576
     647
     592
     534
     490
     444
     440
     452
     556
     681
     839
     969
    1020
     888
     771
     574
     590
     591
     765
     944
     994
     957
     893
     758
     627
     529
     513
     444
     422
     489
     535
     543
     602
     563
     510
     403
     364
     305
     308
     272
     295
     243
     247
     244
     276
     298
     337
     378
     474
     546
     643
     705
     780
     713
     637
     505
     398
     354
     348
     386
     446
     486
     465
     484
     431
     370
     305
     285
     263
     239
     244
     324
     387
     433
     386
     405
     344
     320
     275
     294
     287
     270
     251
     203
     206
     164
     166
     157
     141
     164
     151
     164
     132
     177
     139
     159
     175
     167
     196
     177
     189
     195
     215
     215
     208
     223
     194
     194
     226
     176
     199
     157
     164
     152
     165
     155
     160
     184
     144
     133
     136
     142
     126
     133
     144
     151
     116
     156
     149
     134
     131
     156
     164
     188
     174
     197
     165
     154
     154
     137
     160
     168
     160
     192
     154
     174
     200
     194
     209
     228
     197
     155
     142
     112
     143
     120
     100
     128
     142
     121
     120
     115
     132
     124
     141
     118
     128
     133
     137
     150
     154
     154
     164
     129
     110
     119
     121
     128
     106
     121
     124
     117
     139
     135
     167
     257
     385
     517
     671
     736
     709
     578
     393
     246
     178
     157
     138
     130
     166
     211
     270
     343
     424
     462
     501
     467
     347
     244
     192
     147
     116
     116
     125
     132
     149
     145
     119
     128
     125
     126
      97
     105
     114
     117
      87
     105
     114
     117
     108
     111
     127
     109
     122
     112
     118
     122
     133
     120
     115
     126
     131
     191
     205
     194
     246
     216
     238
     207
     200
     212
     213
     238
     253
     217
     199
     150
     112
      90
      64
      72
      61
      60
      63
      52
      59
      55
      52
      61
      61
      65
      63
      44
      59
      76
      63
      60
      36
      61
      67
      59
      56
      74
      68
      63
      48
      55
      42
      72
      84
     104
     163
     225
     311
     374
     439
     401
     331
     251
     168
     102
      97
      79
      80
      75
      51
      53
      48
      44
      39
      52
      40
      40
      40
      43
      36
      40
      45
      34
      50
      49
      46
      46
      41
      45
      51
      66
      70
      91
     122
     132
     159
     137
      86
      98
      69
      73
      77
      95
      77
      80
      87
      55
      38
      49
      38
      47
      48
      37
      58
      47
      58
      59
      60
      60
      47
      41
      50
      35
      41
      37
      38
      39
      30
      50
      58
      41
      49
      33
      38
      34
      44
      42
      46
      44
      45
      45
      46
      45
      51
      44
      38
      38
      39
      38
      38
      30
      40
      38
      30
      29
      55
      47
      48
      66
      70
      73
      73
      55
      36
      53
      55
      41
      44
      39
      47
      45
      53
      51
      54
      55
      33
      42
      34
      35
      32
      50
      42
      43
      32
      46
      34
      41
      42
      33
      43
      34
      35
      38
      38
      46
      43
      42
      40
      34
      37
      44
      38
      39
      54
      53
      57
      54
      61
      57
      48
      57
      52
      36
      45
      43
      49
      42
      39
      30
      52
      38
      53
      49
      44
      44
      33
      41
      45
      45
      56
      53
      42
      42
      39
      37
      40
      29
      34
      41
      35
      44
      34
      34
      38
      42
      29
      42
      46
      46
      46
      35
      40
      34
      37
      36
      36
      41
      40
      36
      33
      42
      36
      46
      32
      32
      37
      40
      38
      41
      29
      39
      40
      31
      40
      31
      35
      45
      37
      38
      39
      39
      41
      36
      21
      30
      35
      38
      38
      34
      29
      25
      31
      43
       8
      26
      33
      36
      30
      28
      24
      32
      27
      18
      28
      26
      41
      26
      29
      38
      37
      27
      38
      28
      40
      33
      30
      28
      27
      32
      24
      32
      29
      25
      35
      25
      40
      38
      39
      27
      25
      30
      16
      28
      30
      23
      31
      19
      24
      28
      29
      34
      29
      29
      41
      29
      31
      21
      31
      21
      24
      24
      28
      33
      32
      24
      34
      31
      37
      28
      23
      21
      35
      32
      30
      28
      35
      39
      45
      39
      49
      50
      48
      43
      36
      32
      30
      32
      31
      25
      29
      29
      30
      18
      20
      25
      36
      38
      34
      31
      33
      26
      23
      23
      27
      15
      23
      18
      17
      20
      22
      24
      25
      27
      27
      18
      24
      26
      23
      32
      29
      24
      25
      30
      25
      32
      34
      33
      32
      29
      27
      20
      23
      30
      16
      21
      23
      24
      23
      32
      25
      27
      32
      31
      25
      20
      24
      29
      20
      25
      31
      19
      21
      17
      17
      24
      35
      21
      27
      23
      27
      29
      12
      24
      33
      27
      23
      23
      18
      30
      21
      23
      36
      19
      27
      28
      17
      25
      27
      25
      26
      24
      18
      13
      28
      23
      20
      24
      25
      21
      21
      32
      24
      29
      26
      21
      21
      17
      21
      31
      23
      30
      20
      29
      26
      18
      27
      20
      21
      29
      15
      25
      21
      21
      24
      33
      20
      26
      23
      25
      15
      29
      16
      15
      27
      25
      18
      23
      20
      20
      19
      20
      23
      24
      16
      25
      29
      12
      24
      20
      16
      24
      18
      19
      25
      27
      20
      13
      20
      23
      20
      27
      16
      27
      27
      18
      17
      23
      31
      25
      25
      26
      19
      22
      16
      22
      23
      24
      20
      10
      25
      28
      22
      24
      25
      12
      14
      26
      17
      26
      13
      15
      16
      16
      26
      30
      14
      30
      20
      13
      18
      26
      29
      23
      12
      18
      19
      21
      26
      23
      16
      21
      23
      24
      33
      21
      15
      19
      19
      20
      17
      23
      31
      21
      17
      17
      14
      21
      20
      23
      27
      35
      48
      55
      64
      86
     120
     125
     147
     157
     143
     129
      92
      56
      45
      22
      22
      23
      20
      12
      16
      21
      19
      21
      14
      21
      17
      19
      14
      19
      24
      21
      13
      26
      16
      23
      14
      15
      20
      11
      14
      16
      19
      19
      14
      16
      20
      15
      14
      21
      10
      19
      16
      24
      15
      17
      16
      19
      24
      31
      22
      20
      11
      12
      27
      21
      21
      19
      20
      23
      16
      13
      29
      22
      17
      23
      20
      17
      11
      13
      17
      21
      23
      18
      16
      17
      25
      13
      24
      16
       7
      16
      16
      18
      16
      18
      23
      17
      16
      21
      16
      19
      21
      28
      17
       9
      21
      15
      22
      12
      20
      15
      18
      25
      19
      13
      21
      17
      15
      23
      20
      11
      16
      18
      11
      17
      20
      22
      22
      21
      27
      35
      57
      76
      94
     144
     195
     271
     365
     408
     467
     467
     415
     321
     247
     158
     107
      67
      36
      34
      29
      25
      20
      17
      16
      16
      20
      17
      12
      16
      21
      11
      17
      13
      15
      21
      21
      18
      18
      25
      19
      11
      19
      19
      11
      19
      18
      18
      14
      13
      34
      15
      15
      16
      17
      11
      15
      24
      16
      12
      17
      21
      21
       7
      21
       7
      16
      16
      13
      18
      13
      14
      17
      14
      11
      20
      13
      16
      19
      25
      16
      13
      18
      11
      15
      13
      15
      23
      18
      14
      18
      21
      13
      17
      13
      17
      21
      22
      15
      17
      17
      14
      16
      18
      11
      14
      16
      15
      12
      12
      20
      16
      11
      15
      22
      19
      22
      20
      23
      20
      18
      19
      17
       9
       9
      12
      23
      15
      18
      19
      20
      18
      25
      15
      15
      11
      24
       9
      17
      20
      16
      15
       8
       8
      13
      22
      10
       7
      16
      17
      17
      14
      17
      12
      21
      17
      14
      15
      10
      17
       9
      12
      13
      17
      16
      16
      13
      18
      12
      16
      18
      20
      12
      11
      16
      15
      16
      14
      12
      23
      15
      14
      22
      18
      19
      22
      11
      12
      16
      12
      14
      12
      16
      19
      12
      19
      13
      21
      14
      19
      10
      16
      18
      16
      16
      11
       9
       7
      21
      17
      14
      18
      18
      23
      17
      17
      18
      22
      15
      18
      14
      18
      26
      12
      14
      11
      14
      13
      11
      11
      10
      16
       8
      18
      17
      12
      12
      14
      15
      15
      15
      16
      13
      16
      14
       8
      21
      18
      12
      12
      20
      13
      20
      13
      20
      15
      12
      11
      18
      22
      12
      15
      17
      19
      14
      20
      17
      14
      23
      13
      22
      19
      33
      31
      47
      38
      45
      35
      35
      30
      37
      27
      18
      14
      18
      14
      17
      15
      14
      16
      14
      10
      23
       8
      18
      15
      12
      16
      13
      18
      15
      22
      11
      11
      14
      13
      13
      12
       7
      14
      15
      16
      19
      14
      23
      14
      14
      13
      13
      17
      18
      24
      20
      17
      14
      22
      11
      14
      11
      20
      16
      19
      10
      12
      13
      13
       9
      22
      15
      18
       8
      11
      16
      13
      17
       9
      13
      23
      20
      13
      12
      10
      13
      10
      13
      14
      14
       8
      13
      12
      16
       9
      16
      14
      19
      14
      12
      16
      16
      16
      19
      22
      11
      18
      13
       8
      19
      10
      18
      11
      17
      11
      19
      17
       8
      21
      15
      18
      10
      16
      12
      15
      13
      11
       7
      15
       9
      21
      15
      16
       9
       9
      11
       8
      10
      16
      13
      15
      10
       8
      16
      15
      13
      15
      14
      16
      11
       4
      18
      13
      16
      10
      12
       8
      12
       9
       8
      15
      12
       9
      17
      15
      13
      23
      18
      25
      21
      14
      18
      26
      24
      28
      34
      24
      18
       8
      13
      23
      17
      11
       6
      11
      11
      13
      13
      10
      14
      14
      11
      16
      14
       9
      15
      15
      10
      14
      10
      12
      15
      16
      14
       8
      12
      12
       8
       9
       7
       8
       6
      16
       7
       6
      15
      16
      13
      14
       8
      12
      11
      14
       7
      20
      15
      13
      12
      14
      10
       8
      19
      11
      10
      12
      12
      16
       7
      14
       9
       8
      16
      10
       8
      17
      15
      10
      12
      12
       9
      12
      10
      12
       9
      13
      12
      13
      12
      12
      15
       9
      11
      12
      15
       4
       8
       7
      17
      11
      10
      13
      14
       9
       9
      13
      22
      17
      10
      18
      11
      10
      11
       8
       9
      12
       9
      14
      12
      18
      16
      19
      13
      14
      12
      15
       7
      18
      14
      11
       9
       8
      15
      14
       9
      15
      10
      12
      10
      16
      12
      13
      15
      15
      10
      14
      12
      11
      12
       7
      13
       7
       6
      10
      10
      10
      12
      12
       8
       7
      12
       6
       7
       7
      13
       6
      11
      10
       8
      18
      18
      13
       9
      16
      13
       8
      10
      11
      13
      13
       6
      11
      13
       8
      11
       7
      12
      11
      10
       8
      10
      14
      10
      10
       9
      14
      11
       9
       8
      12
      10
       9
      17
       8
      10
      14
      15
      11
      17
       8
      12
       7
      14
       4
      11
      14
      11
      11
       8
      10
      15
      15
      10
       8
       9
       7
      11
       9
      13
       7
      13
      12
      11
       9
      12
      13
      11
      15
      16
       9
      11
      10
      11
       9
      13
       9
      11
      10
      21
      12
      10
       8
      12
      17
      10
       7
       7
      16
      11
      17
      10
      15
      12
      15
      15
      15
      13
       7
       9
       4
       5
       8
      12
      11
      10
      12
      10
      10
      10
      13
      15
      12
      11
      10
      10
       7
      12
       8
      10
       6
       7
      15
      16
       8
       9
       6
       9
       8
       4
       8
      13
      14
       7
       8
      11
       8
      10
      12
      10
       9
      13
       9
       9
      12
       8
      12
       8
      10
       9
      11
      13
      13
      12
       7
       6
       5
       9
      17
       7
       6
       9
       9
       9
      11
      10
       7
      12
      10
      13
       9
       9
       7
       6
       8
       5
      10
       8
      10
      14
       4
      10
       6
      11
       6
       7
      11
       9
      12
       6
       9
      11
       6
      12
       8
      18
       8
       5
       8
      10
       8
       6
       7
       9
       7
      10
       5
       7
      12
      12
      13
       4
       6
       4
      10
      11
      12
      12
       8
       9
       5
      12
       6
       6
      10
      12
      11
      11
      14
      11
       8
      11
       9
      10
       8
       8
       9
       7
       8
       8
       9
      14
       3
       7
       9
       8
       4
      13
      12
      10
       6
      12
      16
      19
      20
      26
      22
      39
      51
      40
      44
      37
      29
      32
      36
      27
      29
      18
       9
      11
       8
       7
      12
       6
      11
      12
       6
       5
       7
      13
      11
       5
      12
      13
       6
       4
       5
       9
       8
       9
      13
       5
      10
       9
      11
       7
       4
       8
       9
      11
       7
       5
       9
       9
      13
       5
       8
      12
       9
       8
      11
       6
       8
      13
       4
       6
      11
       8
       9
      15
      10
       5
       9
       7
       5
       7
       9
      14
      10
       9
       4
       3
       4
       8
       9
      12
       7
       5
       9
       7
      13
       8
       4
       7
       4
      10
       4
       5
       7
       6
       8
       6
      10
       9
      13
       9
       7
       7
       7
       6
       5
      10
       3
       4
      10
       9
       6
       7
       3
       2
       6
       5
      12
       9
      10
      10
       7
      10
       5
      10
       6
       7
      13
       5
       4
      14
       3
       3
       3
      10
       8
       2
      10
       8
       9
       7
      10
      11
       5
       8
      11
       8
       4
      10
       9
       6
       7
      12
       4
       7
       7
      14
       4
       7
       9
       2
      14
       4
       4
       5
       8
       5
       5
       6
       7
       6
       4
       8
      12
       3
      13
       8
       4
       6
      11
      13
       9
       8
      10
       9
       8
       7
       9
      11
       8
       8
       6
       7
       7
       7
       5
       5
       4
       9
       4
       7
       7
       7
       6
       5
       6
       8
       9
       4
       2
       5
       7
       7
      11
       4
       2
       8
       8
       5
       9
       8
       5
       7
       6
       9
       9
       5
       6
       9
       2
       9
      10
      11
       9
       7
       5
       6
       5
       8
       6
       4
       9
       6
       4
       4
      11
       4
      10
       9
       6
      11
       4
       6
       5
       4
       3
       4
       4
       8
       3
       5
       3
       1
       6
       8
      10
      10
      11
       5
       4
       8
       6
       8
      11
      13
       6
       6
       9
      12
      15
       6
       6
      10
      10
       6
       8
       9
       5
       6
       6
       6
       6
       7
       3
      14
       7
      12
      13
      10
      10
      16
      17
      28
      18
      23
      26
      26
      18
      16
      18
      16
      12
      14
       7
      10
       8
      18
       5
       7
       6
       6
       5
       8
       2
       1
       5
       7
       6
       7
       5
       7
       5
       8
       6
       6
      13
       5
       4
       8
       2
       8
       7
       7
       7
       3
       6
       8
       5
       2
       4
       7
       4
       6
      11
       9
       7
       4
      10
       6
       9
       1
       3
       4
       9
       5
       9
       4
       4
       7
       3
       5
       6
       6
       2
       3
       5
       7
       2
       6
      10
       8
       4
       3
       5
       4
       4
       7
       6
       6
       3
       4
       6
       5
       8
      10
       8
       8
       7
       6
       5
       2
       7
       6
       6
       5
       7
       8
       7
       6
       9
       2
      10
       9
       3
       0
      10
       3
       2
       5
       4
       5
       6
       4
       6
       4
       6
       4
       5
       4
       7
       2
       6
       4
       3
       5
       5
       6
       4
       4
       6
       6
       7
       6
       5
       3
       6
       5
       2
       3
      12
       7
       9
       5
       6
      10
       5
       3
       2
       7
       2
       5
       4
       3
       7
       6
       2
       6
       6
      13
       4
       2
       5
       3
       6
       3
       2
       5
       4
       7
       2
       1
       3
       9
       2
       6
       4
       4
       4
       6
       5
       6
       6
       4
       4
       5
       6
       2
       8
       4
       4
       2
       3
       3
       6
       3
       3
       3
       5
       6
       7
       5
       5
       5
      10
       2
       2
       4
       5
       6
       4
       8
       8
       5
       4
       5
       2
       6
       5
       6
       6
       8
       8
       5
       3
       4
       3
       3
       4
       7
       7
       5
       5
       3
       3
       1
       6
       3
       1
       4
       3
       5
       4
       4
       4
       3
       5
       2
       5
       3
       5
       5
       2
       4
       5
       5
       6
       9
       5
       3
      10
       7
       7
       5
       6
       1
       3
       7
       3
       4
       2
       7
       9
       9
       3
       2
       4
       6
       4
      11
       3
       2
       4
       8
       1
       5
       5
       3
       6
       6
      11
       7
      13
       7
       7
      13
       6
      11
       6
       2
       9
       4
       5
       6
       0
       2
       4
       6
       6
       4
       4
       4
       3
       1
       4
       3
       4
       9
       3
       5
       4
       3
       3
       4
       3
       3
       4
       3
       5
       3
       6
       5
       5
       6
       2
       2
       4
       2
       5
       5
       4
       0
       4
       2
       5
       2
       2
       4
       3
       5
       4
       4
       3
       4
       4
       2
       4
       3
       3
       2
       3
       1
       4
       5
       8
       4
       1
       5
       2
       4
       3
       2
       3
       5
       2
       3
       5
       7
       5
       5
       3
       3
       7
       3
       3
       4
       8
       1
       5
       5
       5
       4
       6
       5
       7
       1
       4
       5
       4
       3
       6
       6
       3
       8
       2
       4
       6
       3
       7
       3
       1
       6
       2
       7
       6
       3
       1
       5
       5
       5
       2
       5
       9
       7
       5
       5
       3
       4
       3
       2
       5
       3
       1
       2
       3
       6
       3
       4
       7
       3
       5
       5
       2
       2
       3
       2
       4
       0
       6
       2
       0
       7
       3
       4
       3
       1
       3
       2
       6
       2
       6
       2
       2
       4
       6
       3
       3
       1
       0
       4
       4
       7
       5
       3
       0
       4
       1
       3
       4
       6
       2
       1
       3
       0
       2
       1
       3
       2
       8
       9
       2
       7
       4
       4
       2
       3
       3
       1
       1
       7
       5
       3
       5
       4
       4
       1
       3
       2
       4
       3
       1
       3
       3
       5
       4
       6
       2
       3
       4
       1
       4
       4
       3
       3
       5
       3
       3
       3
       5
       8
       0
       4
       4
       2
       4
       1
       3
       8
       0
       5
       3
       5
       2
       1
       3
       1
       1
       4
       5
       2
       6
       1
       3
       4
       4
       1
       3
       0
       2
       5
       2
       3
       3
       5
       1
       3
       1
       5
       3
       1
       4
       2
       4
       2
       4
       6
       3
       3
       6
       6
       1
       0
       1
       1
       4
       2
       2
       3
       5
       3
       5
       4
       5
       3
       3
       5
       3
       6
       1
       3
       3
       1
       2
       0
       4
       5
       8
       5
       4
       2
       1
       2
       1
       3
       3
       3
       3
       2
       4
       6
       3
       4
       0
       4
       3
       2
       3
       3
       1
       3
       5
       3
       4
       3
       4
       2
       5
       7
       3
       6
       5
       6
       5
       5
       5
       7
       5
       3
       7
       6
       5
       4
       3
       4
       1
       3
       1
       1
       2
       1
       4
       1
       2
       3
       2
       6
       3
       3
       3
       0
       7
       1
       7
       1
       2
       3
       4
       5
       3
       0
       1
       1
       3
       2
       2
       0
       0
       6
       1
       5
       0
       3
       3
       4
       4
       2
       6
       1
       4
       2
       2
       1
       2
       4
       7
       5
       5
       1
       4
       1
       1
       5
       3
       1
       5
       7
       4
       2
       5
       4
       2
       3
       6
       6
       9
       2
       4
       4
       1
       4
       3
       2
       2
       1
       3
       1
       4
       1
       3
       2
       4
       4
       6
       3
       2
       2
       5
       2
       1
       5
       3
       2
       3
       1
       2
       2
       2
       2
       2
       4
       2
       3
       6
       2
       3
       0
       3
       3
       6
       3
       2
       2
       2
       4
       5
       2
       2
       5
       0
       2
       2
       1
       3
       6
       0
       1
       2
       1
       3
       1
       5
       1
       2
       4
       6
       1
       1
       6
       2
       2
       6
       4
       3
       1
       0
       3
       3
       0
       2
       5
       3
       2
       1
       2
       5
       2
       2
       3
       3
       6
       0
       5
       2
       1
       2
       5
       1
       1
       5
       3
       2
       4
       6
       3
       2
       2
       2
       6
       2
       2
       0
       2
       5
       3
       3
       2
       4
       3
       2
       5
       5
       5
       1
       1
       4
       4
       1
       4
       4
       0
       5
       3
       3
       3
       0
       1
       4
       3
       3
       3
       3
       0
       3
       4
       4
       4
       2
       3
       3
       3
       4
       2
       1
       0
       0
       4
       1
       5
       7
       0
       3
       1
       4
       2
       3
       4
       6
       4
       0
       2
       3
       5
       3
       4
       0
       2
       2
       2
       2
       5
       1
       5
       0
       1
       4
       1
       5
       1
       2
       1
       6
       2
       1
       6
       3
       1
       2
       2
       2
       2
       1
       1
       5
       1
       2
       1
       1
       3
       1
       2
       2
       0
       2
       3
       1
       2
       1
       2
       4
       2
       2
       4
       3
       2
       1
       3
       0
       1
       3
       0
       3
       0
       1
       1
       3
       1
       2
       4
       2
       2
       1
       2
       2
       4
       5
       2
       3
       2
       4
       6
       2
       1
       1
       4
       2
       0
       1
       2
       3
       1
       1
       2
       1
       0
       2
       0
       1
       0
       1
       6
       2
       0
       0
       0
       2
       0
       2
       2
       0
       1
       1
       2
       0
       2
       1
       2
       2
       1
       1
       4
       3
       3
       4
       3
       1
       1
       4
       2
       3
       0
       0
       4
       3
       2
       1
       2
       1
       0
       1
       0
       1
       1
       1
       2
       3
       1
       2
       1
       2
       1
       1
       1
       3
       1
       0
       4
       1
       3
       5
       2
       2
       5
       0
       2
       1
       2
       3
       0
       1
       1
       0
       1
       1
       2
       1
       1
       2
       2
       2
       3
       2
       3
       0
       4
       3
       3
       1
       1
       1
       2
       0
       4
       0
       0
       5
       2
       1
       2
       2
       3
       2
       0
       0
       0
       3
       2
       1
       0
       3
       1
       0
       2
       2
       1
       0
       0
       1
       0
       1
       3
       3
       2
       0
       2
       1
       2
       0
       1
       2
       1
       2
       1
       1
       1
       1
       1
       3
       0
       3
       2
       0
       0
       0
       2
       1
       3
       0
       0
       1
       0
       1
       1
       2
       9
       0
       0
       2
       3
       2
       2
       0
       0
       1
       8
       1
       0
       1
       1
       3
       2
       0
       0
       2
       2
       2
       1
       5
       2
       1
       1
       0
       3
       3
       0
       1
       0
       1
       0
       1
       0
       4
       1
       0
       2
       2
       1
       2
       3
       1
       2
       4
       0
       3
       3
       0
       0
       3
       1
       2
       1
       0
       1
       1
       2
       1
       2
       1
       3
       2
       3
       2
       1
       0
       2
       1
       0
       3
       1
       1
       1
       2
       1
       0
       1
       0
       0
       2
       2
       1
       1
       1
       3
       2
       2
       0
       2
       0
       1
       1
       1
       0
       0
       0
       0
       1
       0
       3
       1
       3
       4
       0
       1
       0
       0
       0
       0
       1
       1
       0
       0
       2
       0
       1
       0
       1
       3
       2
       2
       0
       0
       1
       4
       3
       1
       2
       1
       0
       1
       2
       0
       3
       1
       0
       2
       1
       1
       1
       0
       0
       1
       2
       1
       1
       1
       5
       2
       2
       1
       0
       1
       1
       2
       1
       0
       1
       0
       1
       0
       1
       0
       1
       0
       0
       2
       2
       0
       4
       3
       0
       2
       1
       2
       0
       0
       1
       0
       0
       0
       0
       0
       0
       1
       0
       0
       1
       0
       0
       0
       0
       1
       3
       2
       0
       3
       2
       1
       1
       2
       0
       0
       0
       3
       2
       1
       1
       2
       2
       1
       0
       1
       3
       2
       1
       1
       1
       1
       1
       0
       1
       0
       0
       0
       0
       1
       1
       3
       0
       0
       2
       0
       0
       0
       1
       0
       1
       2
       1
       3
       0
       0
       0
       0
       0
       1
       1
       0
       1
       0
       0
       1
       1
       1
       1
       0
       0
       1
       0
       0
       1
       0
       1
       0
       1
       2
       0
       1
       0
       0
       2
       0
       0
       0
       1
       0
       0
       0
       0
       2
       1
       0
       0
       1
       3
       3
       1
       2
       1
       1
       2
       1
       1
       0
       0
       0
       0
       0
       3
       0
       0
       0
       0
       1
       0
       0
       1
       0
       0
       1
       1
       0
       1
       1
       0
       2
       5
       0
       0
       1
       0
       2
       2
       1
       0
       0
       1
       0
       0
       1
       1
       1
       1
       0
       0
       1
       2
       1
       0
       2
       1
       1
       1
       0
       1
       1
       0
       1
       1
       1
       0
       4
       1
       2
       0
       0
       3
       0
       0
       2
       4
       1
       1
       1
       2
       5
       4
       3
       1
       2
       1
       0
       4
       3
       4
       1
       4
       5
       1
       3
       1
       0
       1
       0
       1
       0
       3
       2
       0
       1
       1
       0
       2
       0
       0
       0
       1
       1
       1
       0
       0
       0
       0
       2
       2
       1
       2
       1
       1
       2
       1
       0
       1
       0
       2
       0
       2
       1
       0
       0
       0
       0
       1
       0
       1
       0
       2
       1
       1
       1
       1
       0
       1
       0
       0
       0
       0
       2
       2
       3
       1
       4
       1
       4
       0
       6
       1
       3
       6
       3
       2
       1
       7
       4
       8
       7
       6
       7
       7
       4
       3
       6
       9
      11
      13
       8
       8
       7
       4
       2
       2
       5
       3
       4
       1
       4
       3
       1
       0
       0
       2
       0
       0
       0
       1
       1
       0
       1
       3
       1
       2
       1
       1
       0
       0
       0
       0
       0
       1
       1
       1
       0
       0
       0
       1
       0
       0
       4
       0
       1
       0
       1
       0
       1
       1
       0
       0
       0
       0
       2
       0
       0
       0
       0
       0
       0
       1
       0
       0
       0
       0
       0
       1
       1
       0
       0
       3
       2
       2
       0
       0
       1
       0
       2
       0
       0
       0
       3
       1
       2
       0
       1
       1
       0
       1
       1
       0
       0
       0
       0
       0
       2
       1
       1
       0
       0
       1
       0
       1
       1
       0
       0
       1
       1
       1
       1
       0
       0
       0
       0
       1
       0
       1
       0
       1
       1
       1
       0
       1
       0
       1
       0
       1
       1
       0
       1
       0
       0
       0
       2
       1
       0
       2
       0
       1
       1
       1
       0
       1
       0
       0
       1
       0
       1
       2
       1
       0
       0
       0
       2
       0
       1
       0
       1
       0
       2
       2
       0
       0
       1
       1
       1
       2
       0
       0
       3
       0
       0
       0
       1
       1
       1
       0
       0
       2
       1
       0
       3
       1
       2
       0
       1
       0
       1
       0
       1
       0
       1
       0
       1
       0
       1
       0
       3
       2
       2
       1
       3
       3
       2
       4
       0
       0
       2
       0
       3
       0
       1
       1
       0
       0
       1
       0
       1
       0
       0
       0
       0
       0
       0
       0
       0
       2
       0
       1
       0
       0
       2
       1
       0
       2
       0
       0
       0
       1
       1
       1
       0
       2
       1
       2
       3
       1
       0
       0
       1
       2
       1
       0
       1
       0
       0
       0
       0
       0
       2
       0
       0
       0
       1
       2
       0
       0
       0
       0
       2
       2
       0
       2
       1
       1
       1
       1
       0
       0
       1
       1
       0
       0
       0
       1
       1
       0
       1
       0
       0
       1
       1
       0
       0
       0
       0
       1
       2
       0
       0
       0
       2
       0
       1
       2
       0
       1
       0
       0
       0
       1
       2
       2
       0
       1
       1
       1
       1
       0
       0
       1
       0
       1
       0
       0
       1
       0
       2
       2
       0
       1
       0
       1
       0
       1
       1
       1
       1
       1
       2
       0
       1
       0
       1
       1
       0
       0
       0
       0
       1
       0
       4
       2
       1
       0
       0
       0
       0
       0
       2
       2
       1
       1
       1
       1
       0
       2
       0
       1
       1
       2
       2
       1
       1
       0
       0
       0
       0
       1
       0
       0
       1
       1
       1
       1
       0
       0
       0
       0
       0
       1
       1
       1
       0
       0
       0
       1
       2
       1
       0
       0
       0
       1
       1
       0
       2
       0
       2
       0
       0
       0
       0
       1
       1
       0
       1
       1
       0
       2
       2
       0
       1
       1
       1
       0
       0
       0
       1
       2
       0
       1
       2
       2
       3
       0
       0
       2
       0
       0
       1
       0
       0
       0
       0
       1
       0
       0
       2
       1
       0
       0
       0
       0
       1
       2
       0
       0
       1
       0
       0
       0
       1
       0
       0
       1
       2
       0
       1
       0
       2
       0
       1
       0
       0
       0
       0
       0
       2
       0
       0
       0
       0
       0
       1
       2
       1
       0
       1
       1
       0
       0
       2
       1
       0
       1
       1
       0
       1
       2
       1
       1
       2
       1
       1
       0
       1
       0
       2
       0
       1
       1
       1
       0
       0
       0
       3
       1
       0
       1
       0
       0
       2
       0
       0
       1
       1
       0
       1
       0
       0
       0
       1
       0
       0
       2
       0
       0
       0
       0
       0
       0
       1
       0
       0
       0
       1
       0
       1
       0
       0
       0
       0
       0
       0
       0
       1
       0
       2
       2
       1
       0
       0
       0
       0
       0
       2
       0
       1
       0
       0
       0
       1
       0
       0
       0
       0
       0
       0
       2
       0
       0
       1
       0
       0
       1
       1
       1
       1
       3
       0
       0
       1
       0
       0
       0
       0
       1
       1
       1
       1
       3
       2
       1
       0
       1
       0
       0
       0
       1
       0
       0
       0
       0
       0
       0
       0
       0
       0
       1
       0
       1
       0
       0
       0
       0
       0
       0
       0
       3
       1
       1
       0
       1
       0
       1
       1
       0
       0
       0
       2
       0
       0
       2
       0
       0
       0
       0
       0
       0
       0
       0
       0
       0
       2
       0
       1
       1
       0
       1
       0
       0
       1
       1
       0
       0
       0
       0
       0
       3
       0
       1
       1
       0
       0
       1
       0
       0
       0
       0
       0
       0
       1
       0
       0
       0
       0
       0
       0
       0
       1
       0
       1
       1
       1
       1
       0
       0
       0
       0
       0
       0
       0
       0
       1
       0
       1
       0
       0
       0
       1
       0
       1
       0
       1
       0
       0
       0
       0
       0
       1
       2
       1
       0
       1
       1
       0
       0
       0
       0
       0
       1
       0
       0
       0
       0
       0
       0
       0
       0
       0
       1
       0
       1
       2
       2
       0
       0
       0
       0
       1
       0
       0
       0
       0
       0
       1
       0
       0
       0
       1
       3
       0
       0
       3
       0
       0
       0
       0
       0
       1
       0
       0
       0
       0
       0
       0
       0
       0
       1
       1
       1
       0
       1
       0
       0
       1
       1
       0
       0
       1
       1
       0
       1
       0
       0
       0
       0
       1
       0
       1
       0
       2
       0
       2
       0
       0
       1
       0
       2
       0
       0
       0
       0
       1
       0
       0
       0
       2
       1
       0
       0
       0
       0
       1
       1
       1
       0
       1
       1
       0
       0
       0
       1
       0
       0
       0
       0
       0
       0
       2
       1
       0
       0
       0
       0
       1
       1
       0
       1
       0
       0
       0
       1
       1
       0
       1
       0
       1
       0
       0
       3
       2
       0
       1
       1
       0
       0
       0
       2
       1
       2
       1
       0
       0
       0
       1
       1
       0
       0
       1
       0
       1
       2
       1
       0
       0
       0
       0
       1
       1
       0
       1
       1
       0
       0
       1
       1
       0
       0
       1
       0
       0
       0
       0
       0
       0
       0
       1
       0
       0
       0
       0
       1
       1
       2
       0
       0
       0
       0
       1
       1
       0
       0
       0
       0
       0
       0
       1
       0
       0
       0
       1
       0
       0
       0
       0
       0
       0
       1
       0
       0
       0
       0
       0
       0
       0
       0
       0
       0
       1
       0
       1
       0
       0
       1
       0
       0
       0
       0
       0
       1
       0
       0
       0
       0
       0
       1
       0
       0
       0
       0
       0
       0
       0
       0
       0
       0
       0
       0
       0
       1
       0
       1
       0
       0
       0
       0
       0
       0
       0
       0
       0
       0
       0
       1
       0
       0
       0
       0
       0
       1
       0
       0
       1
       1
       0
       1
       0
       0
       0
       1
       0
       0
       0
       0
       1
       0
       0
       1
       1
       0
       0
       0
       0
       0
       0
       0
       0
       0
       0
       0
       0
       0
       1
       0
       0
       0
       0
       0
       1
       1
       0
       0
       0
       1
       0
       0
       0
       1
       0
       0
       0
       0
       0
       0
       0
       0
       0
       0
       1
       0
       0
       1
       0
       0
       0
       0
       0
       1
       0
       1
       1
       1
       0
       0
       0
       1
       0
       1
       1
       0
       0
       0
       1
       0
       0
       1
       2
       1
       0
       1
       0
       3
       2
       1
       1
       0
       3
       3
       2
       2
       3
       2
       4
       0
       2
       0
       6
       2
       0
       2
       0
       0
       0
       3
       0
       0
       1
       0
       0
       0
       1
       1
       0
       0
       0
       0
       1
       0
       0
       0
       0
       0
       1
       1
       2
       0
       2
       0
       1
       1
       1
       0
       0
       1
       0
       0
       0
       0
       0
       0
       0
       1
       0
       1
       0
       0
       0
       0
       0
       0
       1
       0
       0
       0
       0
       0
       0
       0
       0
       0
       0
       1
       0
       0
       0
       0
       1
       0
       0
       0
       2
       0
       1
       0
       0
       0
       0
       0
       0
       0
       0
       1
       0
       0
       0
       1
       0
       1
       1
       0
       1
       0
       0
       0
       0
       1
       0
       0
       0
       1
       1
       2
       1
       2
       0
       0
       0
       0
       0
       0
       0
       0
       0
       2
       1
       0
       0
       2
       0
       1
       0
       0
       1
       0
       0
       0
       0
       0
       0
       0
       1
       1
       0
       0
       0
       0
       0
       0
       1
       0
       0
       0
       1
       1
       1
       0
       0
       1
       0
       0
       0
       1
       0
       1
       0
       0
       0
       0
       0
       0
       0
       0
       0
       1
       0
       0
       1
       0
       1
       0
       0
       0
       0
       1
       0
       0
       0
       0
       0
       0
       0
       0
       0
       0
       1
       0
       1
       1
       0
       0
       0
       0
       1
       0
       1
       0
       0
       0
       0
       0
       0
       1
       0
       1
       0
       0
       0
       1
       0
       0
       0
       0
       0
       3
       0
       1
       1
       0
       0
       0
       0
       1
       1
       1
       1
       0
       0
       0
       0
       0
       0
       0
       0
       1
       0
       0
       0
       0
       0
       0
       1
       1
       0
       1
       0
       0
       0
       0
       0
       0
       2
       1
       0
       1
       0
       0
       1
       1
       0
       0
       0
       0
       0
       0
       0
       0
       1
       0
       1
       0
       0
       0
       0
       1
       0
       0
       1
       1
       0
       0
       0
       0
       1
       1
       0
       0
       0
       0
       0
       0
       0
       0
       2
       0
       0
       0
       1
       1
       0
       0
       1
       0
       0
       0
       0
       0
       1
       0
       0
       0
       1
       2
       0
       1
       0
       0
       0
       0
       1
       0
       1
       1
       1
       0
       2
       1
       0
       0
       0
       0
       1
       0
       0
       1
       0
       0
       0
       0
       0
       1
       0
       0
       1
       1
       0
       0
       0
       1
       2
       1
       0
       0
       0
       0
       0
       0
       0
       0
       0
       1
       0
       0
       0
       0
       0
       1
       0
       1
       0
       0
       0
       0
       0
       0
       0
       0
       0
       0
       0
       1
       1
       0
       0
       0
       0
       0
       0
       0
       0
       0
       0
       0
       0
       0
       1
       0
       1
       1
       0
       0
       0
       0
       0
       0
       0
       0
       0
       1
       1
       0
       0
       1
       1
       0
       0
       0
       0
       1
       1
       0
       0
       1
       0
       0
       0
       0
       0
       1
       1
       0
       0
       1
       2
       0
       1
       0
       1
       0
       0
       0
       1
       0
       0
       0
       0
       0
       2
       0
       0
       0
       0
       0
       0
       0
       0
       0
       0
       0
       0
       0
       0
       0
       0
       0
       0
       0
       2
       0
       0
       0
       0
       0
       0
       0
       1
       0
       0
       1
       1
       0
       0
       0
       0
       0
       0
       0
       0
       0
       0
       0
       0
       0
       0
       0
       0
       0
       0
       1
       0
       0
       0
       0
       0
       0
       1
       1
       0
       0
       1
       0
       0
       0
       0
       0
       0
       0
       0
       0
       0
       0
       1
       0
       0
       0
       1
       2
       0
       1
       0
       1
       0
       0
       1
       1
       0
       0
       0
       0
       1
       1
       0
       0
       0
       1
       1
       0
       0
       0
       0
       0
       0
       0
       1
       0
       0
       0
       0
       0
       0
       0
       0
       0
       0
       0
       0
       1
       0
       0
       0
       1
       0
       0
       0
       0
       0
       0
       0
       0
       1
       1
       0
       1
       0
       1
       0
       0
       0
       2
       0
       0
       1
       0
       0
       1
       1
       1
       1
       0
       0
       0
       0
       0
       0
       1
       1
       0
       1
       1
       2
       0
       1
       3
       0
       1
       0
       2
       0
       0
       1
       0
       0
       0
       0
       1
       0
       0
       0
       0
       0
       0
       0
       0
       0
       0
       1
       0
       0
       0
       0
       1
       0
       0
       1
       0
       0
       0
       0
       0
       0
       0
       0
       1
       0
       1
       0
       0
       1
       0
       1
       1
       0
       0
       0
       0
       0
       0
       0
       1
       0
       0
       0
       1
       0
       0
       0
       1
       0
       0
       1
       0
       0
       0
       1
       0
       1
       0
       0
       0
       0
       0
       0
       1
       0
       0
       0
       0
       0
       0
       1
       0
       1
       0
       0
       0
       0
       1
       0
       0
       0
       0
       0
       1
       0
       0
       0
       0
       0
       0
       1
       1
       1
       0
       0
       0
       0
       0
       0
       1
       0
       0
       0
       0
       2
       0
       0
       1
       0
       0
       0
       0
       1
       0
       0
       0
       0
       0
       0
       1
       1
       0
       0
       0
       2
       1
       0
       0
       0
       0
       1
       0
       0
       0
       0
       0
       0
       0
       0
       1
       0
       0
       0
       0
       0
       0
       0
       0
       0
       0
       1
       1
       0
       1
       0
       0
       0
       0
       0
       1
       0
       0
       0
       0
       0
       0
       0
       0
       0
       0
       0
       0
       0
       0
       0
       1
       0
       1
       0
       0
       0
       0
       0
       0
       0
       0
       0
       0
       1
       1
       0
       0
       0
       0
       1
       0
       0
       0
       0
       1
       0
       1
       0
       0
       0
       1
       0
       0
       1
       0
       0
       1
       0
       0
       0
       0
       1
       0
       0
       0
       0
       0
       2
       0
       0
       0
       0
       0
       1
       1
       0
       0
       0
       0
       0
       0
       2
       0
       0
       0
       0
       0
       0
       0
       0
       0
       0
       0
       0
       0
       1
       0
       0
       0
       0
       0
       0
       0
       0
       0
       0
       0
       0
       0
       0
       1
       0
       0
       1
       0
       0
       0
       0
       0
       0
       0
       0
       0
       2
       1
       0
       0
       0
       0
       1
       0
       0
       0
       0
       0
       0
       0
       0
       0
       0
       0
       0
       2
       0
       0
       1
       0
       0
       0
       1
       0
       0
       0
       0
       0
       0
       1
       1
       0
       0
       0
       0
       0
       0
       0
       0
       0
       1
       1
       0
       1
       0
       0
       0
       0
       0
       0
       1
       0
       0
       0
       0
       1
       0
       1
       0
       0
       0
       0
       1
       0
       0
       1
       0
       1
       0
       1
       0
       0
       0
       0
       0
       1
       0
       1
       0
       0
       0
       0
       1
       0
       0
       0
       0
       0
       1
       0
       0
       0
       0
       0
       0
       1
       1
       0
       0
       0
       0
       0
       0
       1
       0
       0
       3
       1
       2
       0
       1
       0
       1
       1
       2
       0
       1
       1
       0
       2
       0
       0
       0
       0
       1
       0
       0
       0
       1
       0
       0
       0
       0
       4
       0
       0
       0
       0
       0
       0
       0
       0
       0
       0
       0
       0
       0
       0
       0
       0
       0
       0
       0
       1
       0
       0
       0
       0
       0
       0
       0
       0
       0
       0
       0
       0
       0
       0
       2
       0
       0
       1
       0
       0
       0
       0
       0
       1
       0
       0
       0
       0
       0
       0
       0
       1
       1
       0
       0
       0
       0
       0
       0
       0
       0
       0
       0
       0
       0
       0
       0
       0
       0
       0
       0
       1
       0
       0
       0
       0
       0
       0
       0
       0
       0
       0
       0
       0
       0
       0
       0
       0
       0
       0
       0
       0
       0
       1
       1
       0
       0
       0
       0
       0
       0
       0
       1
       1
       1
       0
       1
       1
       0
       0
       0
       0
       0
       0
       0
       0
       0
       1
       0
       0
       0
       0
       0
       0
       0
       0
       0
       0
       0
       0
       1
       1
       1
       0
       0
       0
       0
       0
       0
       0
       0
       0
       0
       0
       0
       0
       0
       0
       0
       0
       0
       0
       1
       0
       0
       0
       0
       0
       0
       2
       0
       1
       0
       0
       0
       0
       1
       0
       0
       0
       0
       1
       0
       0
       0
       0
       0
       0
       1
       1
       0
       0
       0
       0
       0
       2
       0
       0
       1
       0
       0
       0
       0
       0
       0
       0
       0
       0
       0
       0
       1
       0
       0
       1
       0
       0
       1
       0
       1
       0
       0
       0
       0
       0
       0
       0
       0
       0
       0
       0
       0
       0
       0
       0
       0
       0
       0
       0
       0
       0
       0
       0
       0
       1
       0
       0
       0
       0
       0
       0
       0
       1
       0
       0
       0
       0
       0
       0
       0
       0
       0
       0
       0
       0
       1
       1
       0
       0
       0
       1
       1
       0
       0
       0
       0
       0
       1
       0
       0
       0
       0
       0
       0
       0
       0
       0
       1
       0
       0
       1
       0
       1
       0
       0
       1
       0
       0
       0
       0
       0
       0
       0
       0
       0
       0
       0
       0
       0
       0
       0
       0
       0
       0
       0
       0
       0
       0
       0
       0
       0
       0
       0
       0
       0
       1
       0
       0
       0
       0
       0
       0
       0
       0
       2
       0
       0
       0
       1
       0
       0
       0
       0
       0
       0
       0
       1
       2
       0
       0
       0
       1
       0
       0
       1
       1
       0
       0
       0
       0
       0
       0
       1
       0
       0
       0
       0
       0
       0
       0
       0
       0
       0
       0
       0
       0
       0
       0
       1
       0
       0
       1
       1
       1
       0
       0
       0
       0
       1
       1
       0
       0
       0
       0
       0
       1
       0
       0
       0
       0
       0
       0
       1
       0
       0
       0
       0
       0
       0
       0
       0
       0
       1
       0
       0
       0
       1
       0
       0
       0
       0
       0
       1
       0
       0
       0
       0
       0
       0
       0
       0
       0
       0
       0
       0
       0
       0
       0
       1
       0
       0
       0
       0
       1
       0
       0
       0
       1
       0
       0
       0
       0
       0
       0
       0
       0
       0
       0
       0
       1
       0
       1
       0
       1
       0
       0
       0
       0
       0
       0
       0
       0
       0
       1
       0
       0
       0
       0
       0
       1
       0
       0
       0
       0
       0
       0
       0
       0
       0
       0
       0
       1
       0
       0
       0
       0
       0
       0
       0
       0
       0
       0
       0
       1
       0
       0
       0
       1
       0
       0
       0
       0
       0
       0
       0
       0
       0
       0
       0
       0
       0
       0
       0
       0
       0
       0
       0
       0
       0
       0
       0
       0
       0
       0
       0
       0
       0
       0
       0
       0
       0
       0
       0
       0
       1
       0
       0
       0
       0
       0
       0
       0
       0
       0
       0
       0
       0
       0
       1
       0
       0
       0
       1
       0
       0
       0
       0
       0
       0
       0
       0
       0
       0
       0
       2
       0
       0
       0
       0
       0
       0
       0
       0
       0
       0
       0
       0
       0
       0
       0
       0
       0
       0
       0
       0
       0
       1
       0
       0
       1
       0
       0
       0
       0
       1
       0
       0
       0
       0
       0
       0
       1
       0
       0
       0
       0
       0
       0
       1
       1
       0
       1
       0
       0
       0
       0
       0
       0
       1
       0
       1
       0
       0
       1
       1
       0
       0
       0
       0
       0
       0
       0
       0
       0
       0
       1
       0
       0
       0
       0
       0
       1
       0
       0
       0
       2
       0
       0
       0
       0
       0
       0
       0
       0
       0
       0
       0
       1
       1
       0
       0
       0
       1
       0
       0
       0
       0
       0
       0
       1
       2
       0
       0
       0
       0
       0
       0
       1
       0
       1
       0
       1
       2
       0
       0
       0
       0
       0
       1
       0
       0
       0
       0
       0
       0
       0
       0
       0
       0
       0
       0
       0
       0
       0
       0
       0
       0
       0
       0
       0
       0
       0
       0
       0
       0
       0
       1
       0
       1
       0
       0
       0
       0
       0
       0
       0
       0
       0
       0
       0
       1
       0
       0
       0
       0
       0
       0
       0
       0
       0
       0
       0
       0
       0
       0
       2
       0
       0
       0
       0
       1
       0
       1
       0
       0
       0
       0
       0
       0
       0
       0
       0
       1
       0
       1
       0
       0
       0
       0
       0
       1
       0
       0
       0
       0
       0
       1
       1
       0
       0
       0
       1
       0
       0
       0
       0
       1
       0
       1
       0
       0
       0
       0
       0
       0
       0
       0
       0
       0
       0
       1
       0
       0
       0
       0
       0
       1
       0
       0
       0
       0
       0
       0
       0
       1
       0
       0
       0
       0
       0
       0
       0
       0
       0
       1
       0
       0
       0
       0
       0
       1
       0
       0
       0
       0
       0
       0
       0
       0
       0
       0
       0
       0
       0
       0
       0
       0
       0
       0
       0
       0
       0
       0
       0
       1
       0
       1
       0
       0
       0
       0
       0
       0
       0
       1
       0
       0
       0
       1
       0
       0
       0
       0
       0
       0
       0
       0
       1
       0
       0
       0
       0
       0
       0
       2
       0
       0
       0
       0
       0
       1
       0
       0
       0
       0
       0
       0
       0
       0
       0
       1
       0
       0
       0
       0
       0
       1
       0
       1
       0
       0
       0
       0
       0
       0
       0
       0
       0
       0
       0
       0
       0
       0
       0
       0
       0
       0
       0
       1
       0
       1
       0
       0
       0
       1
       0
       0
       0
       3
       0
       0
       0
       0
       0
       0
       0
       1
       1
       0
       0
       0
       0
       0
       0
       1
       0
       0
       1
       0
       0
       0
       0
       0
       1
       0
       1
       0
       0
       0
       0
       0
       0
       0
       0
       0
       0
       0
       0
       0
       0
       0
       0
       0
       0
       0
       0
       0
       0
       1
       0
       0
       0
       0
       0
       0
       0
       0
       1
       0
       0
       0
       0
       0
       0
       0
       0
       0
       0
       0
       0
       1
       0
       0
       1
       0
       0
       0
       0
       0
       0
       0
       0
       1
       0
       0
       1
       0
       1
       0
       0
       1
       0
       0
       0
       0
       1
       0
       0
       0
       0
       2
       0
       0
       0
       0
       0
       0
       1
       0
       0
       0
       0
       0
       0
       1
       0
       0
       0
       1
       0
       0
       0
       0
       0
       0
       1
       0
       0
       0
       0
       0
       0
       0
       0
       0
       0
       0
       0
       1
       0
       0
       0
       0
       0
       0
       0
       0
       0
       0
       0
       0
       0
       0
       0
       1
       2
       0
       0
       0
       0
       0
       0
       0
       0
       0
       0
       0
       0
       0
       0
       0
       0
       0
       0
       0
       0
       0
       1
       0
       0
       0
       0
       0
       0
       0
       0
       1
       0
       0
       0
       0
       0
       2
       0
       0
       0
       0
       0
       0
       0
       0
       0
       0
       1
       0
       0
       0
       0
       0
       0
       0
       0
       0
       0
       0
       0
       0
       0
       0
       0
       0
       1
       0
       0
       0
       0
       0
       0
       0
       0
       0
       0
       0
       0
       0
       0
       0
       0
       0
       0
       0
       0
       0
       0
       0
       0
       0
       0
       0
       0
       0
       0
       0
       0
       0
       0
       0
       0
       1
       0
       0
       0
       0
       0
       0
       0
       0
       0
       0
       0
       0
       0
       0
       3
       0
       0
       0
       0
       0
       0
       0
       0
       0
       0
       0
       0
       0
       1
       0
       0
       2
       0
       0
       0
       0
       0
       0
       1
       0
       0
       0
       0
       0
       0
       1
       1
       0
       1
       0
       0
       0
       0
       0
       0
       0
       0
       0
       0
       0
       0
       0
       0
       0
       0
       0
       0
       0
       0
       0
       0
       0
       0
       1
       0
       0
       0
       0
       0
       0
       0
       0
       0
       0
       0
       0
       1
       0
       0
       0
       0
       0
       0
       0
       0
       0
       0
       0
       0
       0
       0
       0
       0
       0
       0
       0
       0
       0
       0
       0
       1
       0
       1
       0
       0
       0
       1
       0
       0
       0
       0
       0
       0
       0
       0
       0
       0
       0
       0
       0
       0
       0
       0
       0
       0
       0
       0
       0
       0
       0
       0
       0
       0
       0
       0
       0
       0
       0
       0
       0
       0
       0
       0
       0
       0
       0
       0
       1
       0
       0
       0
       0
       0
       0
       0
       2
       1
       0
       0
       0
       0
       0
       0
       0
       0
       0
       0
       0
       0
       0
       0
       0
       0
       0
       0
       0
       0
       0
       0
       0
       0
       0
       0
       0
       0
       0
       0
       0
       0
       0
       1
       0
       0
       0
       0
       0
       0
       0
       0
       0
       0
       0
       0
       0
       0
       0
       0
       0
       0
       0
       0
       0
       0
       0
       0
       0
       0
       0
       0
       0
       0
       0
       0
       0
       0
       0
       0
       0
       0
       0
       0
       0
       0
       0
       0
       0
       0
       0
       0
       0
       0
       0
       0
       0
       0
       0
       0
       0
       0
       0
       0
       0
       0
       0
       0
       0
       0
       0
       0
       0
       0
       0
       0
       0
       0
       0
       0
       0
       0
       0
       0
       0
       0
       0
       0
       0
       0
       0
       0
       0
       0
       0
       0
       0
       0
       0
       0
       0
       0
       0
       0
       0
       0
       0
       0
       0
       0
       0
       0
       0
       0
       0
       0
       0
       0
       0
       0
       0
       0
       0
       0
       0
       0
       0
       0
       0
       0
       0
       0
       0
       0
       0
       0
       0
       0
       0
       0
       0
       0
       0
       0
       0
       0
       0
       0
       0
       0
       0
       0
       0
       0
       0
       0
       0
       0
       0
       0
       0
       0
       0
       0
       0
       0
       0
       0
       0
       0
       0
       0
       0
       0
       0
       0
       0
       0
       0
       0
       0
       0
       0
       0
       0
       0
       0
       0
       0
       0
       0
       0
$ROI:
1
1274 1298
$PRESETS:
None
0
0
$ENER_FIT:
-0.507299 0.397161
$MCA_CAL:
3
-5.072988E-001 3.971613E-001 1.692723E-008 keV
$SHAPE_CAL:
3
3.387514E+000 1.826936E-003 2.337569E-007
