$SPEC_ID:
Cs137
$SPEC_REM:
DET# 2
DETDESC# DETECTOR 2
AP# GammaVision Version 7.01.03
$DATE_MEA:
02/26/2017 16:54:01
$MEAS_TIM:
40920 40926
$DATA:
0 8191
       0
       0
       0
       0
       0
       0
       0
       0
       0
       0
       0
       0
       0
       0
       0
       0
       0
       0
       0
       0
       0
       0
       0
       0
       0
       0
       0
       0
       0
       0
       0
       0
       0
       0
       0
       0
       0
       0
       0
       0
       0
       0
       0
       0
       0
       0
       0
       0
       0
       0
       0
       0
       0
       0
       0
       0
       0
       0
       0
       0
       0
       0
       0
       0
       0
       0
       0
       0
       0
       0
       0
       0
       0
       0
       0
       0
       0
       0
       0
       0
       0
       0
       0
       0
       0
       0
       0
       0
       0
       0
       0
       0
       0
       0
       0
      35
     109
     197
     233
     232
     235
     249
     223
     243
     210
     223
     195
     206
     181
     146
     139
     115
     114
     112
     105
     131
     124
      97
     125
     129
     196
     240
     174
     125
     114
     102
      96
      95
     114
     111
     116
     119
     123
     115
     125
     129
     134
     127
     146
     177
     123
     136
     128
     127
     121
     120
     105
     142
     108
     127
     114
     124
     155
     142
     156
     163
     154
     133
     141
     115
     145
     150
     152
     235
     398
     502
     265
     152
     165
     145
     166
     161
     177
     149
     137
     154
     151
     136
     120
     166
     137
     138
     145
     155
     156
     164
     144
     196
     283
     466
     474
     261
     209
     300
     503
     760
     617
     268
     132
     140
     161
     174
     117
     112
     116
      96
     113
     149
     117
     138
     118
     126
     134
     117
     131
     101
     128
     147
     168
     264
     350
     367
     245
     172
     124
     112
     159
     209
     174
     129
     112
      95
     101
      92
     110
     124
     107
     105
     108
     224
     377
     488
     427
     223
     137
      88
     110
      97
     106
      95
     120
     105
     110
      84
     110
     129
     108
     111
     111
     101
      93
      95
      97
      86
      94
      99
     101
      77
      98
     109
      97
     109
     108
      92
     100
     103
      96
     103
     104
      95
     113
      98
     112
      91
     110
      97
     107
     105
     111
      86
     121
      99
     107
     124
     132
      98
      89
      97
     116
      93
     102
      90
      94
     102
     101
      85
     100
     106
      98
      95
     101
     112
      89
     103
      85
     100
      93
      88
      99
      88
     110
      94
     124
      97
     100
     106
     114
     106
      84
     103
     114
      97
      88
      99
     120
     110
     111
     107
      99
     114
      89
      99
      94
      98
     117
      98
     128
      95
      96
      94
     100
      87
      87
      83
      86
     107
      94
     105
     103
      78
      92
      74
      93
     105
     128
     105
      98
      98
     112
      93
     107
     106
      86
     117
     128
     129
     111
      96
     106
      88
     101
      88
     103
     103
      92
     118
      89
      89
      90
      87
      97
      71
      92
      98
      92
      87
      96
      95
      77
      99
      93
      66
      98
      89
     108
     100
     102
      89
      96
      69
      79
      86
     111
      96
      95
      93
      99
      91
     104
     102
      73
      86
      95
     101
     115
     115
     107
     110
      95
      82
     102
      81
      93
      76
      96
      90
      89
      96
      90
      81
      83
      84
     100
      96
      70
      89
      77
      96
      88
      98
      77
      87
      92
      84
     102
      97
      99
      77
     100
     115
      90
      96
      76
      89
      91
      85
      78
      81
      85
      80
      93
      89
      92
      82
      82
     107
      82
      97
      99
      85
      85
      96
     144
     233
     274
     194
     125
      87
      85
      88
      83
      93
      76
      89
     104
     105
      92
      94
      92
      76
      82
      99
      83
      87
     104
      87
      90
     108
      81
      97
      85
      88
      79
     102
     102
      90
     111
     100
      99
     102
      81
      94
      73
      91
      77
      94
     100
      83
      88
      72
      81
      78
      80
      76
      81
      99
      84
      93
      85
      64
      94
      89
      74
      78
      77
      83
      83
      85
      98
      77
      80
      85
      74
      68
      98
      79
      92
      72
      80
     103
     101
      72
      77
      72
     103
      76
      85
     102
      86
      74
      90
      84
      87
      73
      96
      77
      79
      90
      77
      85
      77
      74
      90
      81
      98
      70
      90
      78
      83
      84
     100
      84
      98
      91
      82
      87
      77
      76
      71
      96
      87
      86
      78
      74
      75
      75
      66
      90
      70
      85
      75
      90
      80
      81
      64
      71
      85
      69
      75
      90
      89
     133
     136
     107
     101
      96
      70
      95
      86
      81
     103
      82
      85
      69
      86
      83
      76
      78
      79
      78
      81
      91
      76
      82
     109
      88
      87
      80
      69
      80
      77
      82
      90
      82
      74
      90
      70
      94
      80
      77
      90
      81
      73
      64
      97
      76
      85
      82
      73
      88
      80
      82
      84
      77
      84
      91
      77
      79
      79
      87
      90
      81
      80
      69
      75
      83
      77
      82
      73
      76
      76
      75
      72
      88
      79
      59
      72
      87
      78
      77
      81
      75
      65
      83
      92
      79
      76
      68
      73
      69
      68
      61
      68
      79
      73
      81
      87
      77
      87
      72
      66
      64
      96
      68
      81
      72
      71
      73
      65
      58
      73
      71
      80
      68
      71
      72
      71
      75
      89
      70
      84
      64
      68
      66
      70
      72
      67
      80
      74
      81
      58
      61
      81
      67
      62
      57
      61
      78
      65
      64
      60
      71
      65
      61
      71
      58
      68
      77
      74
      79
      73
      82
      77
      61
      66
      78
      62
      57
      55
      61
      75
      71
      51
      62
      71
      53
      75
      65
      70
      65
      64
      63
      68
      66
      55
      64
      69
      52
      73
      60
      70
      48
      42
      47
      63
      46
      42
      62
      51
      63
      48
      63
      60
      61
      63
      67
      50
      48
      66
      55
      61
      56
      58
      43
      61
      70
      61
      60
      62
      58
      61
      59
      56
      55
      59
      56
      65
      60
      57
      63
      65
      43
      50
      51
      52
      65
      39
      70
      55
      59
      55
      55
      62
      57
      57
      60
      58
      59
      66
      60
      52
      63
      44
      57
      57
      59
      52
      50
      48
      59
      64
      57
      57
      44
      63
      58
      36
      62
      60
      59
      56
      56
      58
      56
      52
      52
      48
      56
      52
      50
      65
      52
      46
      41
      50
      44
      55
      51
      50
      47
      55
      52
      63
      54
      47
      59
      55
      41
      37
      44
      53
      42
      41
      44
      56
      50
      63
      64
      63
      54
      38
      49
      47
      52
      39
      41
      55
      39
      41
      56
      38
      49
      50
      44
      48
      46
      47
      42
      47
      45
      48
      47
      48
      45
      35
      43
      46
      40
      43
      49
      44
      46
      43
      36
      41
      42
      51
      38
      47
      37
      48
      43
      47
      50
      34
      43
      35
      45
      42
      53
      45
      44
      47
      32
      44
      36
      48
      40
      42
      43
      35
      52
      45
      48
      41
      45
      32
      42
      38
      35
      44
      51
      39
      40
      37
      35
      38
      37
      37
      31
      43
      40
      32
      48
      49
      53
      29
      48
      44
      44
      34
      33
      39
      31
      43
      41
      41
      37
      30
      42
      33
      41
      47
      32
      41
      48
      41
      32
      48
      38
      39
      43
      35
      40
      34
      33
      42
      45
      49
      44
      44
      39
      33
      27
      27
      31
      48
      40
      30
      36
      41
      28
      44
      32
      34
      44
      36
      38
      41
      41
      41
      36
      30
      44
      36
      48
      36
      42
      35
      33
      21
      38
      28
      34
      37
      32
      42
      39
      53
      31
      30
      31
      37
      32
      27
      31
      45
      31
      43
      34
      34
      35
      35
      40
      45
      45
      32
      35
      29
      32
      33
      28
      44
      30
      34
      35
      37
      40
      28
      42
      44
      49
      33
      26
      26
      29
      38
      39
      35
      29
      41
      37
      34
      27
      40
      44
      37
      41
      34
      26
      36
      35
      28
      32
      36
      33
      32
      39
      33
      43
      34
      39
      28
      30
      42
      25
      25
      30
      32
      27
      36
      36
      33
      39
      39
      34
      46
      29
      37
      42
      34
      36
      35
      28
      36
      33
      40
      39
      24
      36
      35
      33
      33
      33
      42
      42
      45
      41
      29
      34
      35
      33
      32
      21
      35
      32
      43
      35
      36
      36
      33
      39
      35
      36
      31
      35
      34
      37
      34
      27
      29
      38
      32
      37
      28
      37
      43
      36
      46
      29
      27
      22
      36
      35
      36
      34
      41
      29
      32
      24
      38
      31
      24
      38
      34
      42
      34
      35
      25
      36
      34
      35
      25
      36
      21
      26
      42
      38
      26
      35
      35
      28
      32
      42
      35
      35
      32
      34
      35
      29
      32
      37
      30
      30
      30
      25
      25
      23
      25
      28
      46
      25
      25
      36
      25
      33
      32
      33
      43
      28
      24
      29
      36
      44
      35
      40
      30
      20
      21
      37
      27
      26
      28
      34
      26
      32
      41
      30
      34
      21
      33
      31
      25
      28
      25
      25
      36
      32
      28
      31
      37
      39
      41
      48
      33
      28
      33
      31
      28
      22
      29
      35
      27
      30
      27
      32
      32
      24
      28
      40
      34
      44
      36
      39
      57
      59
      76
     131
     179
     212
     287
     308
     275
     255
     234
     158
      92
      76
      44
      51
      31
      20
      24
      36
      24
      16
      29
      31
      29
      29
      31
      42
      37
      34
      24
      30
      22
      29
      21
      21
      26
      16
      27
      34
      30
      29
      32
      32
      30
      22
      38
      26
      31
      35
      24
      26
      29
      33
      27
      26
      19
      29
      25
      25
      32
      28
      30
      24
      35
      23
      21
      24
      32
      44
      26
      26
      23
      35
      16
      27
      35
      33
      27
      20
      38
      28
      34
      23
      21
      25
      33
      29
      22
      19
      35
      24
      27
      13
      32
      32
      27
      35
      24
      27
      26
      26
      27
      25
      29
      30
      28
      25
      14
      28
      25
      19
      27
      25
      20
      21
      33
      21
      28
      35
      17
      35
      27
      15
      24
      21
      17
      21
      28
      20
      31
      24
      33
      29
      34
      30
      28
      36
      32
      24
      26
      34
      24
      31
      29
      20
      28
      31
      37
      24
      25
      26
      21
      29
      41
      29
      24
      35
      26
      25
      40
      27
      22
      30
      22
      28
      36
      28
      35
      26
      35
      30
      21
      29
      28
      28
      18
      30
      28
      34
      21
      30
      24
      21
      29
      25
      26
      23
      26
      42
      26
      28
      29
      34
      44
      28
      41
      31
      29
      31
      22
      22
      25
      24
      18
      30
      22
      27
      21
      22
      22
      27
      15
      26
      19
      34
      37
      26
      30
      27
      24
      23
      20
      29
      24
      29
      35
      27
      38
      41
      31
      32
      22
      33
      24
      32
      35
      18
      30
      31
      32
      34
      28
      34
      36
      22
      20
      30
      34
      24
      31
      26
      36
      31
      29
      36
      29
      27
      38
      32
      34
      34
      36
      45
      49
      34
      43
      29
      33
      27
      24
      23
      22
      21
      32
      34
      31
      21
      23
      23
      29
      38
      21
      21
      23
      14
      22
      29
      30
      32
      22
      29
      25
      27
      22
      20
      16
      27
      21
      23
      20
      22
      23
      22
      23
      24
      17
      35
      26
      19
      19
      26
      24
      20
      33
      22
      24
      10
      29
      30
      21
      28
      21
      24
      22
      18
      34
      33
      25
      23
      24
      21
      19
      20
      23
      25
      24
      24
      19
      16
      25
      32
      20
      23
      25
      24
      32
      23
      21
      15
      23
      19
      15
      23
      20
      24
      23
      17
      26
      17
      18
      25
      24
      25
      22
      21
      17
      21
      23
      31
      20
      26
      24
      18
      18
      25
      26
      26
      17
      17
      25
      25
      21
      27
      25
      28
      22
      22
      19
      26
      17
      22
      21
      18
      23
      23
      20
      30
      34
      32
      24
      30
      25
      16
      24
      26
      15
      22
      18
      25
      29
      22
      17
      22
      22
      20
      31
      19
      26
      18
      22
      31
      30
      22
      23
      16
      20
      17
      34
      18
      16
      29
      12
      22
      15
      22
      18
      25
      25
      22
      20
      20
      14
      22
      31
      22
      28
      18
      26
      19
      22
      20
      25
      17
      26
      23
      16
      21
      24
      26
      22
      23
      24
      19
      16
      12
      25
      26
      18
      12
      26
      26
      19
      25
      21
      27
      20
      18
      22
      31
      23
      24
      32
      30
      22
      21
      16
      28
      18
      38
      33
      30
      27
      25
      35
      17
      28
      25
      32
      26
      24
      25
      23
      23
      29
      24
      24
      24
      21
      17
      27
      22
      15
      29
      28
      23
      26
      22
      20
      21
      26
      24
      25
      23
      19
      20
      24
      18
      19
      24
      23
      22
      20
      19
      27
      23
      24
      25
      21
      25
      19
      16
      19
      20
      16
      22
      20
      27
      28
      27
      17
      14
      14
      26
      15
      20
      20
      20
      23
      19
      14
      20
      19
      21
      17
      14
      18
      18
      20
      27
      14
      24
      17
      18
      21
      25
      27
      21
      16
      21
      24
      20
      13
      16
      26
      24
      16
      26
      13
      25
      21
      23
      17
      26
      26
      21
      25
      25
      19
      22
      22
      18
      19
      18
      15
      15
      24
      22
      17
      25
      18
      28
      21
      18
      21
      17
      15
      23
      16
      16
      26
      10
      25
      16
      19
      16
      20
      20
      21
      19
      25
      22
      31
      19
      21
      14
      19
      17
      19
      15
      18
      21
      22
      28
      18
      15
      23
      21
      21
      23
      14
      16
      22
      16
      23
      14
      23
      25
      11
      28
      19
      18
      21
      17
      24
      19
      21
      15
      24
      21
      20
      16
      22
      23
      30
      22
      20
      25
      26
      15
      19
      19
      21
      14
      18
      12
      14
      29
      19
      16
      20
      23
      24
      16
      26
      22
      23
      17
      22
      23
      24
      23
      20
      18
      31
      22
      16
      16
      11
      24
      21
      18
      19
      21
      22
      29
      24
      21
      14
      26
      27
      21
      15
      22
      19
      18
      20
      14
      19
      15
      23
      18
      22
      18
      18
      10
      16
      19
      13
      13
      24
      17
      14
      23
      15
      25
      23
      25
      23
      19
      14
      17
      20
      25
      19
      19
      17
      14
      23
      21
      16
      20
      18
      16
      21
      16
      16
      20
      25
      22
      19
      29
      16
      14
      24
      16
      24
      26
      24
      18
      28
      13
      18
      16
      23
      19
      15
      23
      12
      16
      12
      20
      28
      14
      25
      18
      21
      16
      27
      11
      19
      12
      17
      15
      17
      13
      21
      15
      22
      10
      16
      20
      23
      14
      13
      15
      23
      26
      25
      18
      18
      21
      20
      18
      18
      17
      22
      21
      19
      17
      18
      16
      21
      22
      15
      19
      20
      23
      20
      27
      24
      25
      19
      23
      19
      22
      18
      26
      11
      12
      18
      22
      15
      15
      20
      21
      21
      21
      24
      20
      24
      13
      20
      19
      20
      30
      25
      13
      16
      21
      22
      16
      18
      24
      25
      19
      34
      24
      19
      22
      26
      27
      26
      31
      25
      21
      18
      16
      17
      22
      16
      22
      23
      18
      23
      16
      12
      21
      11
      28
      21
      16
      20
      19
      18
      26
      19
      29
      15
      18
      25
      15
      22
      28
      25
      19
      18
      23
      15
      18
      20
      17
      21
      20
      24
      20
      16
      14
      14
      16
      21
      24
      17
      14
      18
      23
      22
      31
      21
      22
      17
      22
      21
      25
      17
      16
      20
      18
      16
      18
      22
      23
      15
      20
      27
      24
      17
      18
      23
      17
      18
      18
      25
      20
      10
      16
      21
      28
      11
      16
      13
      19
      20
      23
      24
      21
      16
      22
      21
      22
      15
      21
      15
      16
      21
      22
      14
      30
      24
      14
      20
      19
      13
      12
      19
      15
      16
      20
      20
      17
      16
      19
      14
      13
      21
      19
      22
      26
      11
      22
      21
      18
      22
      25
      23
      14
      26
      14
      21
      19
       9
      23
      17
      23
      29
      16
      20
      18
      13
      21
      18
      16
      12
      27
       9
      22
      19
      16
      15
      15
      16
      13
      15
      18
      15
      16
      19
      26
      15
      27
      26
      19
      22
      21
      14
      25
      31
      13
      15
      19
      19
      15
      13
      14
      16
      12
      20
      20
      20
      11
      22
      26
      14
      24
      19
      25
      21
      18
      23
      21
      14
      13
      15
      14
      15
       9
      18
      12
      19
      21
      21
      20
      11
      16
      14
      27
      17
      25
      12
      15
      17
      13
      21
      13
      20
      18
      20
      23
      25
      16
      20
      22
      21
      25
      13
      11
      10
      20
      25
      19
      16
      24
      22
      20
      10
      19
      29
      15
      17
      22
      12
      12
      19
      21
      18
       9
      19
      15
      24
      20
      28
      16
      19
      17
      21
      13
      24
      12
      20
      20
      22
      15
      13
      18
      22
      20
      22
      15
      15
      15
      10
      12
      19
      24
      22
      27
      16
      21
      18
      18
      10
      16
      17
      17
      15
      21
      15
      15
      20
      14
      19
      19
      14
      14
      19
      22
      15
      19
      17
      18
      23
      10
      31
      19
      13
      15
      14
      17
      16
      23
      24
      19
      20
      10
      24
      15
      12
      13
      16
      19
      21
      18
      15
      23
      15
      24
      24
      18
      23
      12
      22
      22
      12
      15
      20
      11
      17
      14
      15
      21
      20
      13
      16
      18
      18
      12
      23
      23
      24
      17
      15
      15
      14
      17
      14
      13
      21
      23
      15
      14
      20
      19
      13
      13
      13
      17
      18
      14
      18
      15
      25
      19
      14
      20
      16
      12
      27
      17
      17
      19
      17
      23
      16
      11
      21
      17
      23
      18
      26
      12
      25
      22
      22
      21
      25
      31
      25
      36
      22
      20
      19
      17
      19
      18
      23
      16
      17
      20
      18
      19
      24
      14
      10
      18
      15
      16
      19
      15
      23
      12
       7
      18
      23
      27
      23
      18
      17
      18
      16
      14
      14
      16
      17
      27
      16
      22
      23
      12
       8
      21
      15
      22
      17
      23
      16
      17
      14
      19
      24
      20
      19
      21
      22
      23
      24
      10
      22
      20
      17
      26
      17
      17
      27
      18
      15
      23
      22
      15
      19
      19
      33
      26
      20
      14
      16
      16
      30
      22
      22
      20
      23
      25
      14
      20
      26
      27
      20
      19
      23
      20
      18
      22
      13
      10
      19
      21
      16
      23
      12
      17
      13
      10
      22
      14
      23
      17
      23
      27
      20
      17
      24
      19
      19
      23
      18
      24
      21
      28
      23
      18
      28
      25
      24
      18
      22
      19
      18
      20
      16
      21
      17
      16
      26
      16
      12
      19
      21
      16
      22
      25
      26
      25
      22
      27
      16
      21
      17
      11
      20
      27
      17
      15
      11
      24
      24
      17
      16
      15
      28
      19
      20
      20
      22
      21
      16
      21
      22
      25
      12
      17
      17
      22
      16
      29
      26
      18
      17
      26
      21
      17
      23
      21
      10
      21
      18
      20
      21
      19
      22
      14
      24
      19
      16
      16
      18
      26
      14
      20
      16
      22
      19
      19
      18
      13
      20
      14
      28
      24
      16
      12
      15
      19
      30
      21
      25
      16
      17
      23
      23
      15
      25
      10
      14
      26
      21
      29
       9
      18
      24
      12
      13
      26
      24
      23
      11
      21
      29
      27
      21
      16
      19
      17
      30
      15
      18
      19
      19
      26
      27
      20
      28
      17
      22
      16
      23
      30
      22
      19
      18
      23
      17
      25
      28
      20
      28
      20
      21
      25
      23
      14
      15
      19
      32
      23
      17
      24
      23
      25
      22
      19
      26
      29
      16
      20
      17
      23
      28
      21
      19
      17
      18
      19
      22
      17
      20
      16
      19
      22
      20
      25
      27
      24
      17
      22
      33
      27
      26
      27
      20
      19
      24
      25
      15
      16
      27
      23
      21
      21
      19
      13
      25
      30
      18
      17
      27
      18
      25
      25
      24
      24
      22
      21
      27
      33
      20
      23
      18
      25
      24
      23
      22
      23
      27
      20
      22
      25
      25
      23
      23
      21
      27
      21
      27
      17
      24
      23
      18
      24
      25
      26
      15
      25
      20
      23
      23
      25
      31
      24
      21
      21
      26
      19
      18
      24
      18
      20
      15
      24
      19
      18
      21
      16
      12
      22
      22
      24
      24
      19
      19
      22
      11
      18
      27
      11
      13
      23
      19
      17
      13
      14
      20
      19
      19
      21
      16
      12
      23
      17
      15
      18
      16
      13
      10
      14
      21
      19
      12
      21
      10
      15
      20
      13
      22
      13
      17
      18
      16
      21
      18
      14
       8
      16
      12
      18
      22
      10
      13
      14
      16
      20
      10
      22
      17
      18
      11
      12
      16
      14
      20
      18
      14
      13
      13
      18
      16
      18
      19
      19
      16
      14
      22
      18
      14
      13
      15
      18
      11
      16
      17
      13
      10
      16
      18
      21
      13
      12
      19
      16
      19
      16
      19
      22
      13
      12
      17
      11
      10
      16
      14
      15
      11
      13
      11
      19
      15
       6
      18
      14
      17
      21
      11
      16
      19
       9
      17
      12
      14
      19
      26
      12
      13
      12
      14
      15
      13
      11
      14
      12
       8
      10
      10
      12
      17
      20
       8
      10
      13
      16
      10
      13
      10
      16
       7
      14
      14
      16
      12
      17
      13
       9
      10
       9
      11
      12
      16
      13
      12
      10
      10
      12
      19
      14
      11
       9
      11
      16
      14
      12
      17
      19
      12
      19
      22
      16
       8
      12
      11
      18
      11
      12
      14
      13
      12
      19
       9
      17
      10
      14
      14
      17
      13
       6
       6
       9
      21
       9
      11
      16
       8
       5
      12
      15
      11
      14
       9
      18
      12
      11
      16
       8
      12
       7
      19
      10
      14
      10
      16
      11
       9
      12
      17
      15
      13
       8
      24
      13
      16
      11
      15
       9
      14
      13
      12
      10
       6
       5
      16
      13
      13
       8
      16
      10
       9
      10
       9
      13
       9
      16
       5
       7
       6
      11
       7
      11
      14
      15
      17
      12
       9
       6
      18
      11
      11
       7
       6
      10
      12
      14
      11
      12
      10
      11
      10
       8
      10
       9
      11
      11
      13
       5
       9
      10
       9
      11
      11
       6
       8
      12
      10
       6
       6
       9
      10
       5
       9
       8
       8
       9
      10
       7
       5
       7
      12
      10
      17
      11
      12
       9
      15
       5
      13
       6
      10
      12
       6
       8
      12
       6
       5
      12
       5
       9
       5
       8
       6
       9
      17
      11
       4
      10
       6
      14
       7
       9
      12
       9
       5
      13
       7
      12
       4
       6
       5
       7
      10
       9
      10
       4
       5
       9
       9
      11
       8
       8
       9
       4
      11
       6
       7
      10
       9
       9
       5
       6
      12
       8
       7
       8
      10
      11
       4
       9
      11
       9
       9
      12
      11
      11
       9
      14
      13
       5
       6
       7
      10
       8
      11
      10
      10
       9
       9
       8
      15
       9
       9
      11
       5
       5
       6
       7
       7
       6
       8
       5
       9
       7
      13
       7
       5
      11
       4
       5
       9
       8
       7
       6
      10
       8
       6
       7
       9
       7
       6
      11
      11
       3
       6
      11
       9
       9
       9
      11
       4
       3
       9
       7
      12
       9
      12
      13
       4
       8
       6
       8
      11
      11
       9
       8
       3
       7
      11
      10
      12
       8
       5
       6
       8
      11
      11
       8
       6
       5
       6
       7
      10
       7
       8
       6
       5
      13
       8
       6
       4
       8
       9
      12
       7
       6
       7
       8
       2
       5
      11
       8
       4
       8
       7
       4
      10
       9
       7
       9
       6
      10
       9
       4
       7
       6
       6
      14
      14
      13
       8
       3
       5
       9
       7
       7
       4
       4
       8
       7
      11
       5
       7
       7
       6
      10
       4
       4
       8
       9
       4
       9
       9
      14
       7
      11
       6
       8
       7
       6
       4
       4
      13
       7
       9
       9
      14
       4
       4
       7
       6
      13
      11
      12
       9
       8
      11
      12
       7
      12
      22
      33
      60
      98
     130
     201
     338
     443
     547
     717
     707
     579
     408
     254
     137
      71
      24
      17
      11
       7
       6
       5
       8
      11
       5
       3
       5
       9
       4
      11
      10
      10
       8
      10
      13
       4
       6
      10
      10
       7
      10
       5
       7
       8
       3
       5
       7
       4
       7
       7
       9
       5
      11
       5
       3
       5
       7
       5
       9
       4
       7
      11
       6
       3
       7
       5
       7
       6
       3
       9
       6
       9
       7
       4
       9
       4
       5
       8
       5
       4
       5
       7
      12
       5
       7
      11
       8
       6
       5
       7
       8
       5
       4
       7
       9
       5
       5
       7
       4
      11
       4
       3
       5
       9
       2
      11
       4
      10
       8
       8
       7
       8
       9
      10
       6
      10
       8
       7
       5
       5
      10
       4
       5
       6
       8
       5
       6
      10
       5
       8
       9
       7
       5
       5
       7
      10
       5
       6
       4
      13
       7
       5
      10
       5
       4
       4
       3
       4
       9
       5
       7
       4
       7
       6
       6
       6
       6
      10
       7
       9
       7
      11
       5
       6
       3
       4
       3
       3
       3
       8
       7
       4
       5
       7
       8
       4
       5
       4
       3
      12
       9
       6
       4
       7
      11
       3
       5
       4
       3
       9
      10
       4
       8
       6
       8
       6
       8
       7
       7
       9
       6
       5
       7
       5
       6
      16
       7
      12
       8
       7
       6
       4
       9
       8
       7
       8
       4
       6
       6
       4
       5
       8
       4
      10
       7
       5
       5
       6
       7
       1
       4
       7
       6
       4
      10
       5
       5
       7
       4
       7
       8
       4
       5
       7
      11
       7
      18
      29
      17
      31
      16
      28
      20
      16
      10
      10
       7
       3
       9
       7
       6
       6
       5
       4
       6
       5
       3
       8
       8
       9
       6
       7
       7
       3
       7
       5
       5
       2
       9
      11
       4
       5
       8
       4
       5
       4
       7
       6
       8
      11
       5
       6
       6
       5
      11
       6
       8
       4
       5
       6
       5
      10
       6
       4
       8
       3
       8
       5
       6
       6
       9
       0
       6
       5
       7
       5
       5
       6
       6
       1
       4
      11
       4
       6
       4
       1
       8
       5
       4
       4
       9
       6
       9
       2
       4
       5
       8
       7
       5
       5
       7
       6
       9
       8
       6
       6
       4
       6
       6
       6
       6
      10
       7
       6
       8
       7
       6
       7
      11
       6
       8
       3
       5
       5
       5
       7
       5
       5
       6
       3
       7
       4
      11
       2
       5
       4
       7
       5
       5
       4
       3
       4
       7
       6
       9
       8
       6
       4
       3
       2
       4
       7
       7
       9
       4
       6
       6
       4
       7
       1
       1
       5
       2
       6
       7
       8
       5
       7
      10
       4
       3
       3
       9
       5
       5
       6
       4
       5
       5
       4
       3
       6
       5
       4
       6
       6
       6
       5
       7
       4
       5
       6
       8
       6
       6
       7
       7
       6
       5
       8
       5
       6
       4
       5
       3
       5
       5
       6
       4
       4
       4
       3
       4
       2
       5
       6
       8
       9
       7
      10
       5
       2
       8
       2
       8
       6
       3
       5
       5
       6
       5
       7
       6
       9
       5
       9
      10
       5
       4
       3
       4
       8
       4
       7
       5
       9
       4
       2
       4
       7
       3
       4
       5
       5
      10
       8
       7
       3
       3
       2
       4
       8
       6
       5
       6
       3
       5
       5
       7
       6
       7
       3
       4
       2
       8
       4
       9
       8
       5
       5
       5
       3
       7
       4
       6
       3
       6
       6
       8
       6
       4
       2
       3
       4
       8
       7
       5
       6
       7
       7
       3
       6
       6
       6
       5
       9
       8
       5
       3
       5
       5
       7
       2
       7
       7
       8
       6
       7
       7
       8
       6
       6
       6
       8
       3
       4
       6
       8
       9
       2
       2
       2
       6
       5
       7
       4
       5
       4
       5
       4
       4
       4
       7
       5
       4
       3
       6
       8
       6
       6
       5
       5
       6
      10
       7
       4
       2
      12
       7
      11
       5
       0
       4
       7
       4
       9
       7
       6
       5
       9
       5
       6
       6
       4
       8
       6
       4
       3
       9
       5
       4
       6
       3
       4
       5
       3
       4
       6
       4
       4
       4
       7
       5
       4
       7
       2
       4
       5
       4
      10
       8
       4
       3
       7
       2
       3
       7
       4
       4
       8
       4
       4
      10
       4
       7
       4
       3
       8
       7
       9
       7
       8
       5
       4
       9
       3
       6
       5
       7
       8
       4
       5
       6
       5
       3
       3
       6
       5
       6
       8
       3
       6
       5
       4
       5
       5
       6
       2
       6
       6
       6
       4
       6
       1
       6
       1
       3
       7
       6
       2
       6
       3
       8
       8
       4
       2
       3
       2
       6
       5
       7
       3
       7
       7
       4
       4
       6
       2
       5
       3
       6
       3
       5
       7
       5
       4
       8
       6
       7
       2
       1
       4
       6
       2
       2
       5
       7
       4
       3
       5
       4
       4
       7
       3
       7
       5
       3
       8
       3
       5
       6
       6
       5
       7
       5
       4
       4
       3
       5
       5
       5
       6
       6
       7
       3
       7
       5
       4
       9
       6
       3
       7
       5
       9
       6
       6
       9
       2
       2
       3
       8
       5
       4
       8
       4
       2
       5
       7
       7
       5
       6
       4
       8
       6
       3
       3
       9
       1
       4
       6
       2
       8
       7
       5
       5
       4
       6
       5
       5
       4
       2
       6
       5
       1
       4
       9
       5
       4
       1
       1
       4
       7
       4
       5
       2
       6
       6
       4
       2
       4
       5
       2
       4
       7
       4
       3
       5
       4
       3
       5
       5
       6
       3
       9
       4
       4
       5
       3
       5
       2
       4
       3
       3
       7
       5
       0
       3
       6
       1
       5
       5
       2
       7
       6
       5
       4
       1
       4
       2
       5
       7
       3
       5
       6
       1
       4
       6
       5
       3
       5
       6
       5
       3
       4
       7
       4
       5
       6
       3
       6
       9
       3
       7
       5
       6
       3
       3
       5
       0
       6
       5
       3
       5
       3
      11
       8
       2
       8
       5
       5
       4
       7
       5
       8
       5
       4
       6
       6
       3
       2
       3
       6
       7
       6
       3
       1
       5
       6
       4
       3
       7
       5
       8
       5
       5
      10
       7
       6
       4
       4
       5
       5
       7
       8
      12
       9
      12
      11
      16
       9
      12
      12
      19
      23
      29
      33
      30
      26
      25
      17
      12
       9
       4
       6
      10
       4
       2
       6
       5
       6
       3
       5
       6
       6
       3
       5
       3
       5
       3
       2
       2
       0
       2
       1
       7
       5
       2
       4
       2
       5
       4
       5
       6
      10
       4
       6
       4
       4
       7
       4
       5
       6
       2
       4
      10
       4
       3
       2
       8
       8
       6
       7
       4
       6
       5
       4
       3
       4
       6
       4
       2
       3
       7
       3
       7
       5
       5
       6
       2
       5
       4
       4
       3
       4
       8
       4
       7
       4
       5
       3
       7
      11
       5
       6
       2
       3
       5
       4
       3
       8
       3
       3
       8
       4
       7
       3
       8
       7
       6
       8
       6
       3
       4
       4
       4
       8
       3
       3
       4
       6
       4
       2
       7
       5
       6
       7
       4
       2
       4
       4
       3
       4
       8
       6
       2
       4
       4
       2
       4
       3
       5
       7
       4
       8
       2
       7
       7
       5
       7
      11
       2
       5
       4
       7
       4
       6
       6
       4
       5
       4
       7
       4
      10
       4
       8
       5
       4
       1
       4
       4
       4
       7
       7
       7
       3
       2
       1
       8
       6
       2
       7
       4
       8
       0
       8
       5
       8
       3
       7
       5
       2
       6
       8
       4
       2
       4
       4
       7
       3
       8
       6
       7
       1
       4
       4
       2
       4
       4
      11
       4
       7
       6
       2
       5
       5
       1
       8
       8
       5
       6
       4
       5
       1
       8
       4
       2
       4
       6
       6
       7
       6
       5
       8
       4
       5
       3
       5
       7
       0
       7
       5
       9
       3
       5
       4
       4
       8
       6
       8
       7
       7
       3
       4
       2
       1
       3
       5
       0
       6
       6
       9
       3
       6
       0
       7
       5
       4
       5
       5
       3
       0
       8
       6
       2
       5
       3
       1
       3
       4
       6
       3
       8
       5
       6
       7
       7
       5
       3
       4
       5
       7
       8
       8
       6
       3
       5
       6
       5
      10
       4
       5
       3
       3
       5
       3
       6
       6
       7
       4
       3
       5
       6
       7
       6
       5
       7
       5
       6
       2
       4
       5
       5
       7
       7
       8
       3
       4
       7
       6
       5
       7
       6
       7
       6
       8
       2
       6
      11
       7
       8
       7
       4
       3
       3
       5
       1
       2
       3
       8
      13
       5
       9
       4
       4
       3
       2
       3
       3
       6
       3
      11
       4
       4
       7
       3
       4
       7
       2
       1
       8
       7
       4
       7
       3
      11
       6
       1
       3
       4
       4
       2
       4
       0
       5
      10
       4
       3
       2
       3
       4
       5
       5
       8
       5
       3
       8
       6
       8
       7
       2
       5
       7
       6
       3
       3
       2
       2
       4
       6
       6
       5
       5
       7
       6
       5
       4
       4
       6
       8
       2
       7
       2
       5
       2
       8
      10
       3
       2
       4
       7
       6
       4
       4
       3
       5
       4
       4
       6
       4
       8
       8
       6
       9
       5
       7
       6
       3
       4
       9
      10
       4
       4
       4
       6
       6
       3
       2
       5
       5
       4
       7
       4
       5
      12
       2
       3
       4
       7
       4
       5
       7
       4
       6
       5
       3
       5
       4
       7
       1
       6
       8
       6
       5
       4
       1
       6
       4
       4
       6
       1
       6
       6
       6
       4
       4
       1
       4
       1
       4
       6
       7
       7
       5
       1
       5
       5
       6
       6
       4
       3
       7
       8
       4
       7
       3
       6
       9
       6
       3
       4
       2
      14
       5
       6
       5
       1
       7
       6
       1
       6
       3
       6
       1
       5
       7
       6
       7
       4
       6
       7
       6
       4
       3
       4
       3
       3
       5
       4
       2
      11
       5
       4
       2
       1
       2
       5
       2
       3
       5
       0
       3
       8
       3
       3
       6
       4
      11
       5
       4
       6
       3
       3
       3
       4
       5
       5
       5
       5
       5
       6
       5
       6
       5
       7
       3
       6
       3
       5
       3
       2
       5
       3
       3
       6
       4
       3
       3
       7
       3
       6
       5
       4
       5
       6
       4
       5
       6
       8
       3
       3
       4
       5
       3
       5
       3
       3
       4
       5
       7
       5
       5
       7
       2
       6
       3
      11
       7
       4
       6
       9
       5
       4
       7
       2
       5
       7
       8
       6
       9
       7
       2
       6
       5
       1
       5
       2
       3
       7
       1
       5
       7
       3
       2
       4
       5
       2
       7
       8
       3
      12
       1
       7
       4
       7
       9
       5
       5
       4
      10
      11
       5
       1
       5
       7
       4
       6
       5
       2
       3
       8
       4
       4
       4
       8
       1
       9
       9
       9
       6
       3
       7
       3
       3
       5
       4
       5
       9
       6
       5
       4
       4
       1
       2
       5
       6
       9
       9
       4
       4
       8
       4
       4
       6
       3
       5
       3
       3
      10
       8
      10
       1
       4
       7
       5
       5
       8
       7
       1
       8
       4
       6
       9
       6
       3
       4
       5
       5
       5
       2
       9
       4
       0
       5
       3
       5
       4
       4
       3
       5
       3
       6
       3
       4
       7
       5
       4
       6
       9
      10
       5
       5
       0
       5
       3
       7
       6
       7
       3
       4
       5
       6
       4
       2
       6
       6
       7
       5
       6
       4
       5
       1
       8
       8
      10
       6
       8
       6
       3
       2
       3
       3
       4
       6
       5
       8
       5
       5
       6
       3
       5
       8
       4
       3
       8
       5
       4
       9
       9
       4
       1
       6
       3
       6
       6
       9
       3
       4
       4
       6
       5
       7
       6
       4
       8
       7
       6
       4
       3
       8
       4
       9
       7
       2
       5
       4
       6
       2
       2
       4
       4
       6
       1
       4
       1
       7
       8
       5
       4
       7
      10
       4
       6
       5
       3
       4
       6
       5
       5
       4
       3
       5
       4
       7
       4
       6
       6
       6
       4
       7
       8
       8
       3
       6
       2
       7
       4
       2
       7
       3
       4
       5
       5
       9
       1
       4
       5
       3
       6
       9
       3
       5
       7
       2
       4
       7
       4
       6
       4
       3
       6
       7
       5
      11
       7
       6
       4
       5
       3
       6
       3
       4
       7
       7
       4
       0
       7
       8
       5
       2
       7
       9
       6
       1
       5
       5
      10
       2
       5
       1
       5
       8
       7
       5
       4
       4
       5
       4
       5
       5
       4
       9
       8
       9
       4
       3
       3
       4
       7
       5
       9
       6
       4
       8
       3
       6
       4
       8
       7
       6
       4
       1
       9
       2
       3
       7
       5
       3
       4
       4
      10
       4
       4
       4
       4
       5
       4
       8
       3
       3
       8
       7
       1
       8
       6
       2
       5
       2
       1
       4
       2
       4
       6
       2
       2
       8
       5
       5
       4
       0
       5
       3
       6
       5
       3
       7
       7
       7
       7
       6
       3
       7
       4
       9
       5
       5
       1
       5
       7
       6
       6
       4
       4
       6
       4
       5
       4
       6
       3
       4
       3
       4
       1
       5
       4
       1
       4
       5
       6
       4
       7
       5
       3
       2
       4
       3
       4
       5
       8
       2
       4
       5
       9
       4
       4
       6
       6
       2
       5
       4
       4
      10
       7
       5
       6
       4
       6
       4
       5
       5
       3
       9
       4
       2
       4
       7
       7
       3
       5
       1
       5
       5
       3
       4
       0
       4
       2
       4
       5
       4
       4
       6
       6
       4
       5
       2
       3
       7
       6
       5
       5
       3
       5
       6
       3
       4
       5
       3
       3
       3
       4
       9
       3
       1
       6
       5
       7
       8
       7
       6
       5
      11
       7
       9
       4
       3
       2
       4
       3
       5
       5
       2
       4
       8
       2
       3
       4
       3
       4
       3
       6
       9
       7
       6
       4
       2
       3
       6
       3
       3
       8
       4
       4
      10
       6
       5
       5
       3
       6
       7
       7
       3
       3
       2
       7
       7
       4
       4
       4
       4
       8
       6
       7
       4
       7
       2
      10
       5
       9
       7
      10
       4
       5
       9
       1
       5
       3
       2
       8
       3
       5
       3
      13
       5
       4
       3
       2
       5
       7
       4
       1
       4
       4
       5
       4
       5
       4
       3
      10
       6
       4
       7
      11
       8
       5
       2
       2
       5
       6
       5
       7
       0
       6
       3
       6
       9
       5
       3
      12
       6
       3
       4
       2
       3
       5
       2
       2
       3
       5
       4
       5
       2
       5
       5
       3
       5
       6
       8
       4
       4
       5
       3
       5
       5
       3
       8
       4
       8
       5
       6
       3
       4
       4
       6
       8
       4
       6
       4
       5
       3
       1
       7
       6
       5
       5
       4
       7
       3
       2
       7
       4
       1
       4
       7
       4
       5
       6
      10
       6
       4
       5
       8
       4
       7
       9
       7
       6
       7
       6
       5
       6
      10
       4
       6
       4
       2
       6
       6
       4
       4
       9
       4
       4
       6
       3
       7
       6
       5
       7
       6
       9
       5
       7
       7
      12
       3
      11
      13
      10
      13
      21
      22
      23
      24
      36
      36
      41
      36
      43
      32
      32
      32
      23
      23
      19
      17
      12
       8
       4
       8
      12
       3
       4
       8
       3
       3
       6
       6
       6
       4
       3
       6
       3
       5
       9
       2
       5
       5
       7
       7
       6
       8
       8
       7
       4
      10
       4
       5
       6
       3
       4
       6
       9
       9
       4
       7
      10
       9
       9
       7
       8
       9
       5
       3
       5
       3
       4
       4
       5
       6
       4
       6
       6
       9
       8
       7
       1
       9
       3
       7
       4
       7
       5
       6
       7
       6
       5
       6
       2
       3
       5
       5
       3
       3
       9
       7
       9
       3
       6
       5
       5
       7
      10
       4
       7
       6
       4
       3
       4
       5
       7
       3
       4
       2
       3
       5
       6
       8
       7
       3
      11
       4
       3
       4
       3
       8
       7
       4
       3
       5
       5
       7
      11
       5
       6
       5
       7
       9
       3
       5
       3
       6
       5
       7
       6
       4
       3
       2
      10
      11
       4
       6
       5
       3
      13
       3
      12
       3
       7
       6
       5
       6
       4
       7
       5
       5
       5
       7
       5
       4
       5
       6
       6
       6
       4
       5
       1
       3
       7
       8
       5
       6
       5
       5
       5
       9
       9
      12
       8
       5
       8
       2
       8
       8
       6
       6
       4
       8
       9
       4
       2
       3
       9
       6
       4
       4
       7
       6
       3
       3
       6
       8
       4
       6
      10
       3
       3
       6
       7
       7
       8
       7
       6
       5
       8
       8
       6
       1
       9
       4
       5
       6
       5
       5
       5
       9
       3
       4
       3
       3
       3
       6
       5
       5
       9
       6
       6
       8
       4
       8
       3
       2
       5
       3
       2
       2
       6
       5
       4
       3
       8
       6
       5
      10
       7
       3
       4
       7
       2
      10
       5
       2
       3
       5
       6
       9
       5
       5
       7
       9
       4
       6
       4
       7
       7
       9
       3
       5
       7
       7
      11
       3
       4
       7
       6
       7
       3
       5
       1
      13
       6
       9
       6
       7
      11
       8
       2
       1
       8
       3
       4
      11
       4
       5
       3
      12
       7
       7
       6
       6
       5
      10
       7
       5
       5
       6
       5
       5
      10
       4
       8
      14
       2
       3
       6
       5
       9
       5
       2
       6
       3
       9
       6
       6
       6
       8
       5
       5
       6
       4
       2
       3
       4
       5
       6
       7
       6
       5
       9
       3
       8
      13
       7
      10
       7
       7
       8
       6
       7
       4
       6
      10
       5
       4
       6
       6
       7
       3
       8
       7
       6
       9
       7
       4
       2
       5
       6
       9
      11
       5
       3
       6
       3
       6
       5
       7
       7
       4
       6
       4
      11
       6
       5
       3
       5
       2
       5
       2
       6
       6
       5
       7
       6
       9
       4
       7
       7
      10
       4
       3
      11
       6
       7
       5
       8
       7
      10
       3
       2
       9
       4
       4
       8
       6
       6
       7
       4
      10
       6
       7
       6
       7
       8
       8
       5
       6
       9
       8
       5
       7
       6
       6
       7
       3
       8
       6
       4
      11
       6
       7
       7
       5
       8
       9
       2
       9
       4
      11
       6
      12
       7
       4
       7
       4
       4
       5
       8
       2
      10
       5
       6
       4
       6
       6
       3
       8
       5
       7
       8
       4
      13
       2
       7
       4
       9
       4
      15
       4
       6
       9
       7
       4
       9
      10
       7
       6
       2
       8
       7
       7
       3
      10
      10
      13
       6
       9
      10
       7
       8
       8
      16
       7
      13
       5
       9
      11
      11
       8
       8
       7
       7
       5
       5
       6
       7
       8
       2
       6
       3
      10
       6
       7
       9
      10
       9
      10
       4
       5
       8
       3
       6
       5
       7
      11
       7
       7
       6
      11
       7
      10
       9
       6
       9
       3
       4
      15
       5
       8
       6
       7
       9
       7
       4
       4
       5
       6
       7
       2
       6
       6
       6
       5
       6
      12
      14
       6
       8
       9
       8
       8
       8
       5
       9
       8
       6
       6
       6
       6
      13
       9
       8
       8
      11
       5
       4
       7
       8
       8
       6
       9
       8
       6
       8
       7
       9
       6
       6
       5
       6
       5
      10
      12
       9
       9
      11
       8
      10
       7
       7
       7
       9
      11
      12
       4
       6
      11
       7
       8
       7
       5
       8
       6
       8
       8
      10
       5
      12
       7
       4
       9
       7
       6
       7
      10
       7
       6
       6
      10
       8
       3
       7
       7
       4
       3
       9
       9
       5
       6
       4
       5
       9
      11
       9
       6
       8
       6
      13
      10
       8
       6
       7
      10
       9
       9
       5
       4
       7
      12
       7
      11
       4
       9
       5
       4
       9
       7
       9
       7
      10
      10
       7
       7
       9
       6
       9
       7
      11
      10
      14
      10
       5
       7
       7
      12
       9
      12
       6
       7
       8
       4
       8
       9
      10
       5
       7
       7
       8
       5
       9
       3
       6
       4
       4
       8
       7
       3
       9
       6
       2
       4
       4
       6
       6
       7
       2
       7
       5
       7
      11
       9
       6
       5
       5
       4
       4
       3
       1
       5
       6
       1
       6
       6
       8
       4
       5
      10
       5
       9
       6
       5
       7
       7
       5
       4
       9
       7
       4
       2
       3
       3
       5
       4
       4
       3
       3
       9
       7
       4
       4
       3
       9
       3
       7
       7
       6
       3
       5
       6
       0
       7
       7
       6
       3
       4
       8
       3
       4
       9
       1
       3
       2
       5
       1
       7
       4
       3
       3
      10
       9
       2
       5
       3
       5
       2
       8
       6
       5
       6
       7
       4
       8
       7
       3
       6
       3
       7
       4
       3
       3
       2
       6
       4
      10
       5
       5
       6
       9
       6
       5
       6
       4
       8
       6
       8
       4
       2
       4
       6
       2
       7
       3
       2
       3
       7
       8
       1
       4
       3
       4
       3
       7
       8
       3
       6
      10
       7
       4
       4
       5
       5
       5
       3
       5
       1
       5
       4
       3
       6
       3
       6
       7
       2
       4
       3
       5
       5
       6
       3
       2
       4
       2
       3
       6
       2
       6
       3
       5
       6
       4
       4
       2
       4
       4
       4
       8
       1
       3
       3
       1
       5
       4
       1
       4
       5
       3
       4
       2
       4
       5
       4
       5
       5
       3
      11
       3
       0
       5
       2
       4
       5
       3
       6
       4
       3
       2
       5
       6
       1
       2
       4
       6
       6
       3
       4
       6
       3
       5
       3
       2
       4
       3
       5
       3
       1
       1
       3
       4
       7
       9
       5
       9
      12
       7
      10
      16
      11
      10
       7
       5
       6
       6
       7
       5
       6
       8
       5
       1
       6
       1
       6
       3
       2
       3
       0
       4
       4
       4
       4
       4
       0
       3
       4
       4
       0
       2
       2
       5
       2
       5
       1
       4
       2
       3
       2
       4
       2
       2
       1
       4
       4
       1
       5
       3
       3
       0
       3
       1
       1
       5
       7
       3
       4
       1
       1
       5
       1
       3
       1
       1
       1
       3
       2
       2
       2
       3
       2
       0
       4
       0
       3
       6
       2
       0
       2
       3
       1
       3
       0
       1
       2
       3
       1
       2
       0
       1
       2
       2
       0
       0
       2
       1
       3
       3
       4
       2
       2
       5
       2
       1
       4
       4
       1
       2
       4
       2
       1
       4
       3
       1
       1
       2
       3
       2
       0
       2
       1
       1
       2
       0
       1
       2
       1
       2
       2
       3
       2
       1
       3
       2
       1
       2
       1
       3
       1
       0
       0
       1
       3
       0
       6
       0
       2
       2
       2
       5
       1
       0
       1
       1
       4
       3
       1
       2
       0
       1
       3
       4
       0
       2
       1
       0
       2
       2
       3
       2
       1
       0
       0
       1
       2
       3
       1
       2
       1
       0
       1
       2
       0
       2
       2
       4
       1
       1
       1
       1
       0
       2
       1
       2
       0
       0
       1
       3
       2
       1
       1
       1
       0
       0
       2
       2
       1
       0
       2
       4
       2
       1
       3
       2
       1
       3
       1
       0
       1
       0
       1
       4
       2
       2
       2
       1
       2
       2
       2
       2
       1
       0
       0
       0
       1
       1
       1
       1
       0
       1
       1
       0
       1
       1
       2
       1
       1
       4
       0
       1
       4
       4
       0
       3
       0
       1
       1
       0
       1
       1
       0
       3
       0
       2
       0
       3
       1
       1
       0
       1
       4
       1
       1
       2
       3
       2
       2
       0
       1
       3
       2
       2
       0
       1
       2
       1
       1
       1
       0
       2
       1
       2
       1
       1
       3
       0
       2
       1
       3
       1
       3
       4
       0
       1
       1
       1
       0
       1
       2
       1
       0
       2
       1
       2
       2
       1
       0
       2
       2
       1
       2
       2
       3
       4
       1
       1
       1
       0
       1
       2
       0
       2
       1
       2
       1
       3
       4
       1
       2
       1
       1
       3
       3
       3
       4
       2
       2
       6
       8
      12
      13
      20
      26
      24
      38
      62
      63
      86
      78
     114
     147
     199
     190
     188
     216
     232
     196
     183
     142
     101
      72
      51
      32
      17
       9
       9
       6
       2
       2
       1
       1
       2
       1
       3
       1
       0
       1
       2
       3
       0
       0
       0
       0
       3
       2
       1
       1
       0
       2
       2
       0
       1
       1
       2
       3
       2
       1
       1
       0
       2
       0
       2
       0
       0
       2
       2
       0
       1
       2
       1
       0
       0
       0
       2
       0
       1
       0
       0
       0
       2
       2
       2
       2
       2
       2
       0
       2
       0
       1
       0
       2
       1
       1
       3
       0
       1
       0
       1
       0
       0
       3
       0
       0
       0
       3
       0
       1
       0
       2
       1
       0
       1
       1
       2
       1
       0
       1
       1
       2
       2
       3
       0
       0
       0
       3
       0
       1
       0
       2
       1
       2
       0
       1
       0
       1
       0
       0
       1
       3
       1
       0
       1
       2
       1
       1
       0
       1
       0
       0
       1
       2
       0
       0
       3
       0
       1
       0
       1
       0
       0
       0
       0
       0
       0
       0
       2
       0
       1
       0
       0
       1
       1
       3
       1
       1
       1
       0
       2
       1
       0
       3
       0
       0
       1
       2
       0
       1
       1
       1
       2
       2
       1
       2
       1
       0
       2
       0
       1
       1
       0
       2
       1
       0
       2
       0
       0
       0
       2
       1
       1
       0
       1
       1
       0
       2
       0
       1
       0
       1
       0
       1
       1
       2
       0
       1
       1
       0
       1
       1
       1
       1
       1
       0
       0
       0
       2
       0
       0
       1
       2
       0
       1
       2
       1
       1
       1
       0
       1
       4
       2
       0
       1
       1
       1
       3
       1
       2
       2
       1
       0
       0
       3
       0
       0
       3
       1
       2
       1
       1
       2
       2
       0
       0
       2
       0
       2
       2
       1
       1
       0
       1
       1
       2
       0
       2
       3
       2
       1
       0
       0
       0
       0
       1
       0
       4
       3
       2
       0
       1
       0
       0
       3
       0
       0
       0
       0
       1
       1
       1
       0
       3
       0
       2
       1
       0
       1
       1
       1
       2
       1
       2
       0
       0
       0
       0
       0
       1
       0
       0
       2
       3
       3
       2
       0
       0
       0
       0
       0
       0
       1
       0
       1
       1
       1
       0
       2
       1
       3
       1
       1
       0
       0
       0
       0
       2
       1
       1
       1
       0
       1
       1
       1
       0
       1
       2
       3
       1
       0
       3
       1
       0
       0
       0
       1
       2
       1
       0
       0
       0
       1
       0
       1
       2
       1
       1
       0
       2
       1
       1
       1
       0
       0
       2
       2
       0
       2
       1
       2
       3
       0
       1
       1
       0
       1
       0
       0
       4
       1
       1
       2
       0
       1
       1
       1
       3
       2
       2
       0
       0
       0
       0
       0
       1
       4
       0
       1
       0
       0
       1
       1
       3
       1
       0
       1
       1
       1
       1
       1
       1
       1
       1
       3
       1
       2
       1
       2
       2
       1
       0
       1
       0
       0
       0
       6
       0
       0
       2
       0
       1
       0
       3
       1
       1
       1
       0
       0
       1
       0
       1
       1
       0
       0
       3
       2
       0
       0
       0
       1
       2
       1
       0
       1
       0
       1
       0
       0
       0
       0
       4
       1
       0
       1
       1
       1
       1
       1
       3
       1
       0
       0
       1
       1
       1
       3
       0
       1
       2
       1
       1
       2
       0
       1
       3
       2
       0
       0
       3
       2
       0
       0
       0
       2
       1
       0
       2
       1
       0
       1
       0
       0
       1
       1
       3
       0
       2
       1
       0
       0
       0
       2
       0
       1
       1
       2
       1
       1
       1
       0
       1
       1
       1
       0
       2
       4
       1
       2
       4
       0
       0
       2
       1
       1
       1
       0
       2
       0
       2
       1
       2
       0
       3
       2
       0
       1
       0
       1
       1
       0
       2
       0
       0
       0
       3
       2
       0
       0
       0
       2
       1
       0
       1
       2
       0
       2
       2
       2
       0
       2
       2
       0
       1
       1
       0
       1
       0
       4
       0
       0
       3
       0
       0
       2
       0
       0
       1
       0
       1
       1
       0
       0
       1
       0
       1
       3
       1
       0
       1
       0
       0
       3
       1
       0
       3
       1
       1
       1
       0
       0
       0
       1
       2
       0
       1
       2
       2
       0
       2
       1
       0
       0
       2
       0
       0
       1
       0
       0
       0
       0
       0
       0
       1
       2
       1
       2
       0
       3
       0
       1
       0
       0
       0
       1
       2
       4
       2
       1
       1
       1
       1
       3
       1
       1
       0
       2
       0
       0
       1
       1
       0
       0
       0
       2
       0
       0
       0
       0
       1
       0
       3
       0
       3
       2
       0
       1
       0
       0
       0
       1
       1
       2
       2
       0
       0
       0
       0
       1
       2
       0
       0
       0
       0
       3
       1
       1
       1
       1
       0
       1
       0
       0
       1
       0
       1
       2
       1
       1
       2
       0
       1
       2
       0
       0
       2
       1
       0
       1
       0
       2
       0
       0
       2
       1
       1
       0
       0
       0
       1
       1
       0
       1
       1
       0
       1
       0
       2
       1
       1
       0
       0
       0
       0
       1
       0
       0
       4
       1
       1
       2
       1
       1
       3
       1
       1
       0
       0
       0
       2
       0
       1
       1
       0
       0
       0
       3
       2
       1
       0
       0
       2
       1
       0
       0
       0
       0
       2
       2
       1
       0
       0
       2
       1
       0
       1
       3
       2
       1
       2
       0
       0
       0
       0
       1
       1
       0
       1
       2
       1
       2
       3
       1
       0
       1
       2
       2
       0
       1
       2
       1
       2
       3
       1
       0
       1
       0
       1
       0
       1
       2
       0
       1
       1
       3
       1
       0
       1
       1
       0
       2
       2
       2
       0
       0
       0
       1
       2
       0
       1
       1
       0
       1
       1
       0
       2
       0
       0
       1
       1
       1
       2
       0
       1
       1
       1
       3
       0
       1
       0
       0
       1
       0
       0
       2
       2
       2
       2
       1
       1
       0
       0
       0
       0
       0
       0
       2
       0
       0
       0
       0
       0
       0
       0
       0
       0
       0
       0
       0
       0
       0
       0
       0
       0
       0
       0
       0
       0
       0
       0
       0
       0
       0
       0
       0
       0
       0
       0
       0
       0
       0
       0
       0
       0
       0
       0
       0
       0
       0
       0
       0
       0
       0
       0
       0
       0
       0
       0
       0
       0
       0
       0
       0
       0
       0
       0
       0
       0
       0
       0
       0
       0
       0
       0
       0
       0
       0
       0
       0
       0
       0
       0
       0
       0
       0
       0
       0
       0
       0
       0
       0
       0
       0
       0
       0
       0
       0
       0
       0
       0
       0
       0
       0
       0
       0
       0
       0
       0
       0
       0
       0
       0
       0
       0
       0
       0
       0
       0
       0
       0
       0
       0
       0
       0
       0
       0
       0
       0
       0
       0
       0
       0
       0
       0
       0
$ROI:
3
871 887
3357 3383
3543 3588
$PRESETS:
None
0
0
$ENER_FIT:
0.348875 0.383619
$MCA_CAL:
3
3.488746E-001 3.836186E-001 4.077577E-008 keV
$SHAPE_CAL:
3
2.362651E+000 1.700768E-003 -9.923860E-008
