$SPEC_ID:
Cs137
$SPEC_REM:
DET# 2
DETDESC# DETECTOR 2
AP# GammaVision Version 7.01.03
$DATE_MEA:
02/26/2017 13:20:37
$MEAS_TIM:
376 382
$DATA:
0 8191
       0
       0
       0
       0
       0
       0
       0
       0
       0
       0
       0
       0
       0
       0
       0
       0
       0
       0
       0
       0
       0
       0
       0
       0
       0
       0
       0
       0
       0
       0
       0
       0
       0
       0
       0
       0
       0
       0
       0
       0
       0
       0
       0
       0
       0
       0
       0
       0
       0
       0
       0
       0
       0
       0
       0
       0
       0
       0
       0
       0
       0
       0
       0
       0
       0
       0
       0
       0
       0
       0
       0
       0
       0
       0
       0
       0
       0
       0
       0
       0
       0
       0
       0
       0
       0
       0
       0
       0
       0
       0
       0
       0
       0
       0
       0
       0
       4
      82
     146
     110
     123
     130
     120
     135
     136
     151
     118
     139
     138
     138
     124
     118
     140
     125
     127
     128
     121
     134
     125
     124
     115
     127
     140
     131
     143
     136
     140
     126
     124
     131
     135
     109
     143
     126
     152
     119
     131
     124
     147
     133
     125
     117
     126
     116
     129
     133
     146
     117
     149
     109
     142
     142
     134
     118
     128
     134
     122
     129
     135
     116
     119
     112
     135
     129
     118
     142
     144
     134
     129
     133
     133
     124
     141
     127
     147
     128
     136
     133
     129
     146
     148
     142
     119
     128
     126
     145
     136
     121
     174
     214
     174
     145
     152
     178
     216
     242
     207
     127
     129
     116
     127
     142
     140
     150
      99
     152
     132
     139
     130
     132
     134
     125
     146
     134
     137
     139
     124
     146
     153
     145
     169
     175
     154
     150
     142
     116
     148
     141
     152
     115
     121
     129
     132
     138
     138
     121
     129
     142
     130
     132
     141
     135
     136
     135
     120
     145
     112
     143
     131
     134
     143
     127
     134
     120
     135
     143
     132
     146
     139
     137
     135
     155
     160
     134
     139
     126
     127
     135
     141
     144
     131
     156
     153
     141
     142
     144
     129
     148
     137
     142
     122
     134
     136
     135
     149
     123
     126
     146
     165
     136
     150
     149
     137
     131
     129
     147
     124
     138
     127
     147
     127
     160
     137
     128
     131
     146
     134
     144
     126
     141
     143
     126
     145
     134
     142
     127
     130
     154
     136
     130
     146
     140
     139
     140
     141
     140
     139
     148
     156
     129
     135
     134
     116
     133
     168
     132
     132
     138
     120
     133
     152
     122
     136
     158
     134
     136
     141
     150
     156
     150
     110
     145
     152
     149
     140
     138
     140
     149
     342
     754
    1200
    1051
     507
     209
     152
     165
     157
     159
     142
     136
     141
     134
     128
     134
     141
     136
     131
     148
     141
     142
     147
     150
     148
     161
     139
     160
     154
     140
     165
     151
     138
     179
     169
     175
     153
     150
     191
     141
     163
     165
     141
     147
     140
     154
     147
     193
     399
     747
     899
     594
     303
     174
     175
     191
     172
     161
     138
     165
     155
     162
     164
     172
     148
     147
     149
     168
     160
     165
     154
     164
     141
     176
     132
     143
     162
     135
     159
     163
     167
     158
     156
     152
     158
     147
     160
     166
     178
     206
     199
     187
     156
     163
     166
     160
     182
     173
     149
     160
     153
     168
     170
     151
     165
     166
     149
     183
     123
     150
     157
     163
     159
     156
     169
     156
     140
     202
     147
     175
     165
     155
     178
     169
     160
     191
     163
     165
     173
     150
     171
     158
     153
     158
     150
     181
     176
     186
     209
     197
     149
     174
     132
     160
     150
     149
     139
     127
     179
     147
     169
     139
     151
     129
     140
     163
     145
     118
     153
     134
     145
     140
     120
     135
     137
     151
     159
     126
     147
     152
     123
     123
     134
     131
     165
     150
     163
     162
     127
     140
     150
     147
     120
     151
     129
     150
     153
     154
     154
     153
     152
     141
     167
     168
     149
     151
     143
     195
     146
     178
     152
     133
     166
     173
     146
     166
     165
     141
     164
     157
     152
     137
     143
     159
     168
     184
     151
     161
     159
     155
     158
     157
     174
     152
     177
     140
     128
     171
     167
     143
     131
     133
     141
     153
     150
     149
     127
     131
     154
     135
     156
     149
     165
     167
     141
     139
     161
     180
     154
     149
     149
     154
     150
     157
     146
     143
     125
     131
     154
     150
     126
     136
     143
     128
     137
     146
     142
     145
     121
     147
     141
     135
     128
     121
     163
     147
     139
     141
     155
     147
     173
     199
     191
     170
     159
     126
     152
     131
     133
     118
     120
     108
     144
     109
     142
     137
     139
     127
     138
     149
     123
     138
     140
     119
     144
     142
     125
     124
     124
     115
     142
     134
     136
     152
     102
     126
     132
     128
     108
     110
     127
     130
     100
     113
     126
     118
     138
     137
     118
     126
     104
     105
     108
     112
     105
     103
     120
     108
     116
      99
      93
     117
     104
      97
     108
     100
      94
     117
     117
     107
     122
     116
     132
     111
     107
     109
     107
     114
      87
      99
     107
     130
     105
      89
     110
      94
     117
     120
     119
     127
     111
     108
     114
     100
     106
      95
     115
     109
      91
     118
     102
     110
     102
      96
     101
     110
      99
     111
      78
     116
      93
     108
     114
     118
     104
      85
      92
      93
      84
     101
      85
      87
      99
     101
      94
     100
     100
      97
      91
      93
      87
      93
      94
     106
     100
      70
      92
      90
      92
      81
      93
      84
     104
      97
     103
      86
      84
      94
      86
      84
     112
      92
     102
     111
     116
     125
      88
      94
      84
      84
     116
      78
      81
      99
     101
      83
      96
      78
      89
      81
      86
      97
      85
      84
      99
      91
      85
      78
      85
      75
     103
      83
      99
      87
      85
      87
      80
      95
      94
      78
     113
      96
      90
      75
      61
      71
      85
      85
      74
      73
      87
      86
      80
      86
      90
      88
      89
      93
      86
      86
      85
      78
      80
      79
     104
      90
      83
      86
      90
     101
      74
      77
      82
      87
      97
      66
      81
      85
      76
      77
      84
      86
      87
      86
     141
     435
    1173
    2181
    2931
    2434
    1325
     550
     202
     131
      90
      71
      69
      76
      74
      62
      71
      68
      82
      79
      85
      89
      68
      85
      74
      76
      62
      77
      78
      70
      68
      87
      74
      62
      65
      76
      77
      63
      71
      96
      63
      73
      63
      79
      67
      73
      65
      68
      77
      66
      55
      75
      94
     141
     137
     154
     107
      93
      70
      70
      70
      68
      78
      56
      71
      71
      90
      74
      64
      50
      62
      62
      59
      79
      70
      49
      63
      71
      62
      73
      79
      68
      56
      61
      67
      70
      64
      71
      74
      69
      70
      60
      74
      61
      61
      57
      68
      59
      55
      64
      70
      74
      59
      57
      74
      64
      47
      58
      57
      65
      62
      65
      68
      64
      59
      68
      66
      47
      59
      57
      69
      69
      57
      63
      78
      60
      63
      62
      63
      72
      65
      80
      66
      61
      73
      55
      67
      73
      52
      67
      53
      61
      62
      69
      83
     172
     374
     772
    1175
    1141
     829
     381
     139
      99
      66
      75
      65
      84
      77
      61
      52
      59
      53
      60
      58
      46
      59
      55
      80
      55
      47
      66
      60
      65
      62
      66
      70
      56
      60
      59
      60
      60
      53
      53
      58
      42
      52
      63
      63
      56
      62
      68
      66
      48
      67
      56
      69
      68
      59
      70
      73
      55
      53
      54
      48
      58
      59
      62
      76
     103
     215
     600
    1427
    2721
    3439
    3157
    1955
     777
     280
     129
     104
      68
      72
      65
      59
      54
      50
      49
      55
      58
      57
      53
      53
      48
      63
      51
      51
      58
      58
      67
      50
      56
      48
      56
      52
      52
      47
      56
      53
      69
      64
      77
      59
      40
      54
      52
      47
      38
      40
      56
      71
      51
      41
      67
      64
      47
      45
      58
      56
      41
      49
      58
      53
      44
      57
      43
      52
      58
      53
      53
      46
      41
      48
      46
      49
      46
      62
      53
      64
      57
      53
      48
      47
      51
      60
      39
      73
      48
      50
      55
      59
      66
      46
      64
      51
      45
      54
      41
      52
      52
      70
      44
      74
      41
      53
      45
      48
      60
      54
      57
      65
      50
      45
      53
      49
      44
      52
      41
      43
      56
      53
      53
      63
      87
     103
     121
     110
      80
      61
      67
      51
      51
      65
      56
      47
      59
      44
      60
      42
      43
      43
      50
      65
      58
      57
      44
      52
      53
      38
      57
      47
      44
      49
      60
      39
      38
      51
      46
      60
      49
      52
      57
      53
      64
      60
      47
      47
      50
      38
      70
      57
      58
      50
      46
      54
      41
      47
      39
      73
      41
      45
      49
      45
      57
      46
      53
      58
      58
      56
      49
      52
      62
      59
      61
      53
      53
      57
      50
      49
      52
      46
      52
      42
      60
      54
      58
      48
      67
      56
      54
      48
      47
      59
      58
      45
      50
      52
      57
      52
      53
      50
      61
      53
      61
      58
      57
      42
      43
      53
      48
      44
      64
      57
      61
      58
      46
      49
      60
      68
      60
      72
      85
     119
     181
     212
     332
     488
     612
     768
     766
     799
     711
     538
     428
     297
     181
     139
      91
      72
      67
      65
      72
      56
      52
      66
      50
      47
      59
      49
      42
      60
      44
      53
      54
      55
      42
      56
      52
      45
      50
      48
      36
      53
      45
      43
      58
      57
      54
      49
      52
      55
      51
      53
      53
      53
      54
      65
      37
      41
      52
      49
      51
      55
      48
      58
      62
      41
      53
      51
      51
      36
      49
      61
      58
      59
      63
      65
      60
      53
      46
      45
      55
      42
      52
      43
      59
      61
      44
      59
      52
      39
      46
      48
      61
      49
      44
      56
      48
      67
      43
      64
      53
      47
      39
      56
      59
      57
      48
      41
      52
      45
      72
      49
      57
      50
      43
      45
      44
      49
      48
      45
      53
      47
      48
      60
      59
      51
      50
      52
      52
      52
      47
      49
      55
      50
      52
      53
      57
      59
      31
      52
      44
      49
      49
      56
      48
      45
      47
      51
      42
      43
      47
      55
      54
      43
      53
      55
      43
      47
      60
      56
      52
      53
      47
      51
      61
      53
      55
      49
      45
      46
      46
      53
      47
      65
      52
      51
      56
      47
      34
      46
      46
      53
      59
      53
      50
      50
      49
      50
      64
      60
      60
      49
      45
      52
      50
      48
      44
      52
      53
      58
      58
      42
      61
      52
      55
      54
      58
      51
      35
      51
      47
      59
      65
      49
      51
      53
      55
      50
      53
      62
      36
      64
      57
      65
      52
      64
      69
      44
      54
      51
      50
      54
      57
      46
      48
      60
      63
      48
      58
      43
      62
      53
      49
      50
      56
      51
      48
      54
      64
      47
      50
      52
      52
      58
      55
      68
      74
      80
      73
      78
      62
      58
      67
      53
      51
      58
      64
      35
      62
      52
      54
      49
      45
      41
      46
      55
      51
      64
      50
      47
      64
      63
      84
      98
     136
     175
     211
     143
     114
      64
      73
      46
      60
      60
      51
      45
      45
      47
      50
      55
      61
      50
      54
      52
      61
      50
      56
      46
      44
      49
      43
      62
      54
      45
      57
      64
      52
      50
      39
      55
      55
      49
      40
      51
      46
      46
      49
      57
      50
      55
      53
      48
      47
      47
      53
      52
      50
      61
      47
      59
      42
      61
      48
      36
      54
      49
      55
      62
      60
      45
      49
      44
      51
      50
      41
      47
      47
      47
      55
      48
      41
      43
      39
      45
      48
      56
      54
      45
      49
      54
      51
      55
      62
      43
      36
      48
      47
      53
      38
      53
      57
      51
      58
      53
      56
      51
      51
      43
      59
      48
      59
      49
      43
      36
      47
      49
      53
      46
      56
      47
      49
      51
      47
      42
      46
      51
      49
      48
      40
      55
      50
      47
      51
      40
      49
      51
      45
      42
      62
      44
      39
      50
      42
      36
      48
      52
      39
      51
      64
      54
      35
      44
      42
      45
      48
      53
      52
      47
      44
      46
      44
      40
      51
      63
      50
      46
      41
      54
      49
      51
      42
      53
      50
      43
      45
      45
      57
      56
      65
      45
      44
      55
      54
      47
      47
      51
      52
      51
      52
      57
      57
      64
      45
      56
      61
      53
      53
      52
      53
      57
      62
      46
      49
      55
      53
      50
      53
      60
      53
      41
      55
      41
      38
      40
      44
      58
      54
      47
      50
      47
      46
      49
      53
      52
      39
      55
      39
      48
      61
      50
      50
      45
      46
      51
      50
      58
      54
      58
      62
      55
      49
      52
      46
      47
      47
      43
      35
      61
      56
      57
      57
      33
      60
      58
      49
      60
      54
      44
      43
      50
      61
      57
      34
      43
      66
      43
      44
      50
      45
      54
      53
      41
      54
      57
      48
      48
      52
      60
      47
      40
      46
      53
      61
      51
      48
      50
      54
      63
      56
      54
      58
      56
      54
      47
      47
      40
      50
      46
      49
      37
      51
      52
      45
      49
      50
      48
      47
      47
      50
      40
      54
      43
      59
      61
      48
      52
      30
      58
      50
      60
      52
      61
      50
      63
      50
      41
      36
      47
      63
      55
      49
      52
      53
      49
      53
      54
      61
      47
      44
      53
      51
      65
      46
      42
      40
      67
      43
      45
      59
      32
      52
      37
      56
      60
      53
      53
      44
      51
      50
      58
      48
      44
      44
      48
      40
      56
      59
      65
      63
      55
      48
      58
      51
      46
      45
      49
      56
      46
      56
      51
      45
      58
      44
      53
      44
      58
      52
      42
      50
      45
      53
      43
      64
      45
      54
      66
      58
      57
      52
      41
      43
      51
      48
      50
      70
      43
      50
      58
      60
      60
      47
      57
      58
      51
      57
      47
      58
      58
      44
      54
      51
      67
      65
      55
      62
      51
      43
      70
      60
      67
      66
      63
      55
      56
      57
      78
      58
      61
      59
      58
      51
      55
      59
      39
      68
      55
      52
      56
      52
      53
      46
      48
      71
      64
      54
      75
      62
      49
      66
      55
      64
      38
      68
      46
      64
      62
      53
      53
      53
      65
      63
      47
      62
      41
      53
      73
      70
      59
      56
      55
      51
      52
      49
      56
      65
      61
      58
      49
      51
      57
      64
      65
      52
      64
      50
      54
      65
      55
      53
      44
      67
      53
      61
      59
      56
      70
      62
      57
      60
      65
      72
      63
      60
      70
      64
      53
      56
      61
      65
      61
      63
      53
      78
      65
      95
     127
     206
     283
     457
     610
     616
     512
     452
     242
     144
      82
      68
      69
      62
      61
      63
      62
      54
      61
      54
      58
      55
      65
      67
      60
      49
      59
      62
      54
      59
      47
      61
      57
      59
      49
      71
      59
      51
      54
      61
      68
      65
      75
      48
      54
      62
      67
      59
      47
      56
      73
      68
      64
      66
      52
      53
      62
      58
      74
      59
      78
      54
      52
      82
      40
      67
      75
      69
      65
      70
      53
      68
      80
      64
      66
      77
      51
      68
      72
      62
      55
      69
      58
      67
      59
      74
      68
      75
      69
      70
      68
      70
      76
      70
      65
      69
      69
      85
      60
      78
      90
      55
      62
      64
      65
      67
      72
      81
      79
      61
      72
      71
      76
      85
      61
      80
      75
      68
      80
      67
      78
      74
      64
      64
      62
      76
      69
      80
      78
      72
      81
      69
      61
      67
      68
      67
      88
      77
      65
      76
      56
      68
      64
      79
      65
      62
      74
      68
      59
      80
      56
      73
      74
      64
      87
      59
      78
      73
      82
      66
      84
      69
      73
      68
      76
      84
      83
      72
      72
      79
      66
      62
      69
      70
      76
      82
      72
      82
      74
      78
      81
      70
      65
      68
      69
      77
      69
      59
      67
      64
      58
      56
      68
      67
      61
      56
      62
      53
      65
      56
      56
      58
      59
      58
      61
      56
      55
      51
      58
      56
      49
      66
      58
      52
      54
      56
      60
      47
      57
      64
      46
      73
      62
      59
      64
      62
      48
      59
      54
      59
      60
      52
      61
      60
      64
      42
      39
      46
      50
      69
      53
      53
      48
      59
      71
      46
      60
      57
      64
      62
      58
      46
      62
      53
      39
      66
      79
      50
      45
      53
      52
      56
      45
      60
      48
      62
      54
      61
      46
      49
      38
      51
      56
      57
      49
      50
      65
      58
      52
      57
      53
      67
      73
      54
      62
      57
      48
      48
      49
      55
      67
      53
      55
      51
      51
      49
      54
      53
      45
      57
      53
      61
      45
      60
      53
      64
      52
      46
      56
      49
      56
      44
      53
      54
      44
      58
      45
      53
      49
      47
      51
      56
      61
      45
      59
      48
      55
      53
      56
      42
      54
      48
      60
      51
      52
      53
      55
      56
      53
      43
      56
      48
      46
      61
      43
      55
      63
      45
      65
      54
      65
      54
      48
      48
      39
      56
      56
      45
      48
      58
      44
      53
      48
      58
      49
      54
      54
      55
      55
      52
      57
      40
      42
      52
      50
      46
      58
      65
      46
      51
      63
      51
      56
      56
      49
      53
      56
      43
      42
      47
      59
      43
      50
      42
      51
      42
      53
      55
      51
      50
      56
      45
      50
      64
      73
      71
      68
      51
      70
      53
      44
      52
      37
      45
      44
      52
      46
      50
      52
      67
      51
      57
      43
      45
      49
      49
      46
      41
      38
      57
      39
      53
      49
      54
      55
      49
      48
      48
      63
      45
      43
      46
      42
      50
      49
      54
      46
      51
      42
      59
      50
      52
      52
      47
      48
      49
      58
      36
      45
      39
      60
      56
      50
      40
      46
      53
      47
      51
      58
      47
      57
      45
      60
      41
      55
      50
      46
      49
      43
      35
      52
      34
      69
      51
      48
      38
      53
      54
      47
      32
      49
      53
      57
      56
      39
      60
      47
      46
      46
      52
      45
      56
      50
      51
      53
      50
      50
      51
      43
      38
      49
      49
      48
      49
      52
      53
      43
      62
      39
      49
      43
      44
      55
      53
      42
      30
      52
      44
      48
      51
      55
      56
      54
      51
      57
      56
      37
      54
      45
      35
      44
      54
      43
      52
      55
      62
      53
      60
      50
      44
      65
      54
      59
      59
      44
      66
      44
      66
      50
      59
      56
      67
      50
      50
      48
      66
      48
      61
      48
      60
      51
      53
      40
      44
      53
      46
      47
      48
      46
      48
      40
      46
      71
      47
      59
      52
      55
      73
      57
      62
      48
      75
      49
      54
      50
      50
      59
      49
      50
      57
      59
      61
      45
      59
      54
      47
      72
      58
      59
      62
      54
      57
      60
      63
      58
      70
      45
      54
      49
      42
      66
      70
      74
      54
      68
      51
      45
      52
      59
      65
      59
      71
      66
      48
      59
      46
      67
      55
      46
      55
      56
      69
      71
      55
      66
      58
      64
      74
      62
      55
      56
      72
      61
      64
      62
      56
      44
      56
      69
      70
      55
      70
      50
      49
      71
      66
      64
      47
      55
      74
      54
      48
      50
      74
      53
      75
      57
      58
      50
      56
      59
      65
      65
      52
      53
      46
      58
      64
      63
      47
      46
      49
      54
      46
      47
      43
      34
      37
      48
      37
      37
      51
      36
      52
      61
      54
      51
      45
      46
      54
      51
      67
      31
      61
      46
      52
      40
      48
      42
      40
      64
      62
      65
     120
     216
     345
     579
     882
    1305
    1726
    2058
    2135
    1769
    1350
     806
     484
     271
     129
      75
      63
      35
      45
      47
      39
      48
      35
      39
      38
      33
      41
      40
      47
      36
      42
      44
      37
      30
      37
      40
      38
      26
      34
      33
      33
      35
      35
      35
      40
      41
      20
      35
      31
      36
      30
      26
      35
      40
      33
      29
      36
      35
      39
      24
      35
      42
      26
      23
      36
      28
      38
      40
      35
      42
      33
      45
      40
      30
      33
      29
      38
      29
      36
      40
      36
      26
      27
      32
      32
      44
      29
      31
      37
      27
      33
      26
      29
      41
      23
      25
      31
      37
      20
      27
      30
      34
      38
      19
      29
      27
      33
      33
      28
      29
      23
      30
      29
      29
      19
      30
      32
      31
      34
      32
      25
      31
      28
      27
      21
      23
      29
      25
      22
      30
      33
      23
      22
      33
      27
      31
      20
      23
      21
      27
      22
      27
      37
      27
      27
      32
      32
      29
      23
      24
      28
      42
      13
      20
      24
      34
      24
      30
      15
      22
      28
      19
      22
      27
      22
      27
      20
      26
      23
      29
      17
      13
      18
      32
      24
      14
      27
      21
      27
      32
      29
      17
      21
      25
      17
      28
      32
      20
      30
      18
      26
      28
      23
      26
      24
      22
      26
      19
      16
      17
      25
      25
      15
      13
      21
      22
      28
      13
      20
      26
      30
      20
      28
      14
      18
      19
      22
      15
      19
      21
      26
      22
      17
      21
      19
      20
      23
      20
      18
      18
      10
      11
      22
      19
      23
      22
      22
      13
      21
      15
      15
      19
      27
      20
      18
      18
      16
      20
      24
      29
      26
      13
      17
      16
      11
      10
      14
      23
      20
      17
      13
      18
      18
      20
      15
      13
      23
      21
      14
      16
      18
      10
      14
      18
      24
       9
      20
      11
      19
      15
      16
      11
      18
      15
      18
      23
      14
       9
       6
      19
      11
      17
      13
      12
      15
      14
      17
       7
      20
      14
      19
      20
      21
      17
      22
      14
      15
      10
      12
      26
      14
      21
      15
       9
      15
      10
       9
      17
      17
      17
      11
      18
      17
      13
      15
      18
      20
      16
       9
      20
      14
      17
      14
      11
      11
      20
      16
      25
      18
      17
      12
      15
      19
      15
      17
      18
      10
      16
      10
      21
      16
      12
      11
      10
      17
      14
       7
       9
      15
      14
      14
      26
      18
      24
      35
      43
      55
      67
      49
      54
      39
      40
      23
      10
      11
      20
      14
      14
      17
      18
      17
      15
      24
      19
      14
       9
      12
      15
      18
      10
       7
      13
      23
      21
      15
      21
      14
      17
      15
      15
      15
      13
      12
      18
      15
      14
      12
      17
      23
      15
      20
      16
      10
      13
      12
      17
      19
      20
      12
      28
      19
      15
      18
      23
      16
      10
      16
      16
      10
      14
      14
      14
      14
      11
      16
      11
      11
      18
      12
      15
      15
      16
      21
      17
      21
      17
       9
      10
      18
      11
      13
      23
      12
      11
      18
      13
      15
      19
      17
      15
      15
      14
      13
       9
      15
       6
      19
      14
       8
      12
      18
      14
      14
      19
      19
      23
      17
      16
      16
      11
      11
      20
      17
      18
      14
      18
      13
      16
      11
      19
      22
      17
      13
      13
      10
      20
      12
      12
      16
      16
      14
      22
      11
      20
      13
      17
      27
      21
      42
      75
     106
     192
     277
     458
     708
    1045
    1308
    1827
    2206
    2382
    2117
    1828
    1248
     749
     445
     216
     119
      50
      26
      16
      23
      13
      13
      21
      13
      10
       8
       8
      15
      10
       7
      11
       5
       9
       8
      12
       5
      16
       7
      11
       9
       7
      16
       9
      10
      13
      10
      10
      11
      15
      10
       9
       8
      16
      14
      11
       9
      12
      16
      14
       9
      10
       9
      10
      14
      17
      12
      17
      18
      12
      16
      12
      14
      14
      13
       8
      15
      14
      10
      12
      12
      17
      11
      14
       8
      13
      10
       8
      11
       9
      11
      10
      14
       8
       9
       9
      11
       9
      17
       5
      10
      14
      10
      12
      10
      14
      17
       9
       7
      11
       6
       7
       8
      13
      11
      16
      11
       9
       9
       5
      12
      11
       9
      10
      10
       7
      17
      10
      13
       9
      11
      10
       9
      12
      13
       9
      11
       9
      14
       9
       8
      10
       9
      10
       9
       7
       5
      11
      12
      14
      13
       8
      10
       7
      10
       6
      12
      14
      11
       7
       6
      10
      14
       4
      13
       9
      10
      11
      10
      10
       9
      13
       6
       9
       5
       9
      11
       7
       7
       9
      12
       6
       9
      10
       5
       8
      14
       8
       8
       7
       9
       4
      14
      11
      13
      16
      11
       7
       8
       9
       6
      11
      10
      14
       8
      10
      19
       9
      10
       8
       6
       6
       8
      12
       9
       5
      12
      12
      11
      12
      10
      13
       9
       6
       5
       9
       6
      11
       6
       6
       9
      13
       6
      13
       6
       9
      11
      11
       7
      13
       8
      11
       8
       7
      16
      17
       4
       4
      10
       8
      10
      10
       3
       4
       8
      10
       5
      10
      10
       5
      11
       9
       6
      14
      10
      15
      12
      12
      14
       9
       9
       7
      15
      11
      10
       2
       5
      11
       7
       6
       8
      11
      11
      10
       7
       8
       6
       6
       5
       9
       9
       8
      10
       2
       6
      12
       8
      11
       7
      14
      10
      14
      13
       9
       7
      10
       7
       6
      14
       5
       6
       5
       9
      12
      11
       6
       7
       8
       4
      10
       4
       2
      14
      11
      11
      12
      12
      12
       8
       8
      10
      10
       4
       6
       7
       8
      13
       9
      13
       7
       8
       8
       7
       7
      11
      10
      12
      11
      14
       4
       6
       7
       9
       6
      10
       5
       5
       7
      10
       5
      13
      12
      10
       7
      15
      19
      15
      26
      20
      18
      14
      21
      15
      11
      10
       7
       9
       9
       5
       8
       8
       9
      14
       7
       7
       5
       7
       8
      10
       8
       4
      13
       3
       7
       4
       6
       7
      10
       6
       7
      11
      10
       5
       9
      11
      14
      11
       5
       7
      15
       6
       9
      11
       8
       9
      10
      12
      11
      10
      12
      12
       6
       8
       5
      10
       8
       4
       8
       8
       9
      11
      10
      15
       7
       7
       7
       8
       8
       6
       8
       7
       8
       7
      11
       5
       9
       5
       3
       8
      11
       6
       4
      10
       9
       4
      10
       4
       2
       5
      11
       6
      12
       5
       5
       6
      12
       7
       6
      14
       9
       9
       9
       6
      10
       7
       5
       5
      14
       4
       8
      11
       9
      10
      10
       4
       7
      12
       8
       7
      11
       2
       7
      11
       7
      12
      11
       9
       6
      12
       9
       4
      11
       5
      11
      13
      11
       9
       9
       9
       8
      11
       4
      10
       4
       5
       5
       9
       8
       6
      16
       6
       9
      15
       8
       8
      12
      10
      10
      11
       9
       8
       9
       9
       4
       9
      12
      11
      13
       8
       9
      13
       9
      11
      10
      12
       7
       9
       7
      13
       6
       6
       5
      10
       9
       8
      11
      19
      17
      20
      66
      62
      82
     110
     159
     188
     199
     204
     239
     219
     178
     132
      84
      55
      32
      15
      11
       9
      14
       9
       5
       7
      10
       8
      10
      22
       6
       9
      13
       8
      11
       7
       5
       3
       5
      11
      11
       2
       6
      11
       6
       9
      12
       7
      12
       6
      13
       7
       7
      16
       7
       7
       1
       9
      10
       9
       5
       8
       4
       6
      11
       6
       9
       8
       2
       3
       9
      12
      10
       8
       9
      11
       8
       9
       5
       8
      10
       8
       6
       4
      11
       3
       3
       7
       7
       8
       8
       6
       7
       7
       6
       7
       2
       9
       4
      10
      11
      12
       5
       6
       7
       8
       6
       9
       7
      11
       7
       8
       2
       8
       8
       9
      10
      14
       4
       8
       7
       5
      11
       7
      13
      10
      11
       8
       8
       7
       3
       7
       6
      10
      12
       7
       9
       6
       8
       6
       6
       8
       9
       7
       9
      13
       7
       5
       7
       6
      11
       3
      10
       6
       1
       8
       7
       5
       7
      10
       6
       6
       8
       4
       4
       7
       5
       7
      12
      12
       8
       6
       8
       5
       7
       7
       8
      13
       9
       9
       6
       5
       9
       7
       5
       7
       7
       5
       5
       5
       6
       4
      13
       8
       6
       4
       8
       6
       4
       6
       8
      10
      11
       7
       5
      12
      11
       5
      13
       6
       6
       8
       6
      10
       5
      14
       5
       8
       7
       4
       7
       7
       9
       6
       8
       8
       8
      10
       9
       4
       8
       7
       9
       4
      14
       7
       8
       3
       9
       5
       7
       5
       8
       6
       4
       7
       6
      14
      11
      17
      12
      16
      19
      22
      19
      17
      27
      19
      14
      11
      11
       6
       8
      11
      11
       5
       7
       5
       9
       4
       7
       4
       8
       9
       8
       3
       5
       6
       6
       7
      10
      10
       6
       4
       7
       5
       8
       5
      11
      10
       8
       4
       7
       5
       3
       6
      11
       6
       8
       7
       8
       4
       4
       5
       4
       8
      11
      14
       5
       7
       7
       3
      16
      10
       2
       6
       3
       6
      10
       8
       8
       6
      10
       5
       6
      13
      10
       6
       4
       6
       9
       5
       3
       4
       8
       4
      10
       7
       7
      10
       8
       6
      10
       2
       6
       6
       7
       5
      11
       3
       8
       9
       5
       8
       4
       6
       4
       4
       4
       7
       6
       5
       7
       5
       7
      14
       2
       6
       7
       5
       8
       2
       6
       7
       7
       6
       2
       6
      10
      10
       6
       4
       3
      10
       6
       6
      16
       3
       5
       8
       6
       8
       6
       6
       9
      12
      11
       6
       9
       5
      10
       8
       8
       3
       7
       7
       7
       5
       7
       8
       7
       3
       8
       7
       9
       5
       6
      10
       9
       5
       6
       5
       2
      10
       4
       5
      11
       4
       9
      11
       4
       8
       7
       5
       7
      10
       4
      11
       9
       7
       3
      10
       4
       4
      10
       5
       4
       2
       6
       7
       6
       4
       4
       6
       4
       6
       7
       7
       3
       8
      11
       5
       8
       5
       4
       7
       6
       4
       4
       9
       5
       4
      10
       1
       6
       8
       7
       4
      10
       8
       5
       7
       6
       6
       4
       5
       3
       6
       4
       9
       8
       2
       5
       5
       9
       9
       4
       6
       9
       1
       5
       7
       4
       7
       9
       6
       3
      11
      13
       6
       4
       7
      12
       4
       9
       8
       9
       3
       9
       9
       6
       5
       6
       7
      15
       8
       9
       9
       5
       7
      13
       7
       7
       8
      23
      10
      20
      24
      16
      21
      34
      24
      24
      17
       8
      10
       9
       5
       9
       6
       8
       6
      11
       8
       7
       9
      10
       6
      10
      12
      14
       7
       8
      10
      10
      10
       9
       9
      11
       5
       5
       4
       8
       8
      10
      14
       6
       4
       7
       6
       6
       5
      10
      10
       9
       4
       2
      12
       7
       7
       6
      10
      11
      15
       5
       5
       6
       2
       4
       6
       6
       7
       5
       9
       8
       5
       6
       5
       5
       5
       7
       2
       8
      11
       8
       3
       5
       5
      12
      10
       8
       9
       7
      10
       6
       5
       6
       6
       5
       4
       7
       6
       3
      12
      11
       7
       5
       6
      12
       9
      16
      13
      12
      19
      20
      26
      38
      38
      39
      49
      41
      46
      26
      32
      30
      17
      14
       8
       7
      15
      11
       8
       8
       8
      12
       8
       8
       5
       9
       3
       8
       4
       6
       5
       6
       8
       6
       7
       8
       9
       6
       6
       4
       6
       7
       7
      12
       9
      11
       6
       7
      11
       6
       8
      10
       5
       5
       6
       4
       7
       7
       8
       5
      10
       8
      12
       6
       8
       9
      13
      17
      11
       9
      18
       5
       3
       5
       7
      14
      10
      13
       7
       7
       6
       6
       8
      11
       7
       8
      11
       5
       8
       3
       3
       4
       2
       3
       7
      12
      11
       3
       4
       6
       7
       8
       9
       5
       4
      10
       7
       4
       9
       5
      13
      11
       7
       8
       8
       9
       8
       8
       7
      14
       6
       8
       5
       9
       5
       7
       7
       4
       8
       9
      10
       9
       4
       8
       9
       9
       9
       8
       7
       9
       9
       4
       4
       9
       3
      10
       5
       6
      18
       8
       8
       9
       6
       6
       5
       6
       7
       7
       6
       5
       9
       8
      10
       6
       8
       7
       7
      11
       6
      11
      11
       9
       8
       7
      11
       9
       6
       9
       3
       8
       7
       8
       7
       5
       6
       7
       9
       6
      14
      10
       9
       7
      10
       9
       8
      10
       7
       6
       8
       4
       9
       7
       9
       9
      10
       5
      11
       5
       4
      10
       2
       6
      10
       8
       9
       9
       4
       9
       9
       8
      12
       8
      11
       2
       7
      14
       9
       5
       7
       7
       9
      10
       4
      10
       7
       3
      12
       8
       8
       6
      12
       7
       9
       8
      14
       8
       7
      12
       6
       4
       4
      12
      10
       9
      12
      13
       9
       8
       9
      15
      11
       8
       7
       8
       8
       5
       9
       9
      17
       9
      12
       7
       7
      11
       8
       7
       6
       6
       8
       2
      11
      12
       3
       9
      12
      10
       6
      10
      11
       4
       8
       9
      10
       9
       8
      11
       6
      15
      13
       7
      13
      10
       7
       6
       7
      11
      13
       3
      11
      12
      12
      13
       7
      10
       9
      11
      12
       8
      11
      11
      13
       6
      16
      11
       8
       5
       8
       7
       9
      11
       5
      14
       6
      12
       7
       9
       8
       5
      10
      10
       7
      12
       6
       9
      16
       7
       3
       8
       8
      12
       2
      13
       2
       8
       8
      10
       5
       9
      14
       5
      10
      10
       4
       5
       3
       6
       4
       9
       8
      10
      13
      12
       7
       7
       4
      11
       3
      11
       5
      11
       8
       6
       6
      10
      11
       8
       9
       9
       4
       6
      13
       6
       1
      12
       8
       5
       6
       7
       7
       7
       8
       5
       7
       6
       7
       7
       8
       2
       9
       7
       8
       9
       5
      11
      12
       6
      12
       2
       5
       5
       8
       9
      10
      11
       0
       6
       6
       9
      10
       9
       4
       6
       3
       6
      11
       7
       4
       6
       8
       3
       5
       6
       5
       4
       7
       8
      10
      12
       4
       6
       6
      10
       7
       5
      10
       6
       4
       5
       6
       8
       7
       8
       5
       6
       6
       5
       4
       5
       8
       5
       3
       6
       8
       9
       5
       6
       8
       6
       6
       4
       5
       4
       7
       1
       8
       7
       5
       2
       2
       4
       7
       6
       5
       4
       4
       7
       5
       5
       6
       2
       3
       5
       6
       4
       7
       9
       9
       5
       7
       4
       8
       2
       5
       6
       5
       6
       8
       6
       7
       7
       3
       5
       5
       8
       4
       3
       3
       4
       5
       1
       1
       4
       5
       7
       5
       5
       2
       3
       7
       5
       5
       4
       4
       7
       8
       4
       4
       8
      10
       1
       4
       6
       3
       4
       3
       5
       4
       7
       4
       2
       5
       4
       5
       6
       3
       5
       5
       3
       1
       3
       5
      10
       3
       2
       4
       8
       6
       4
       5
       4
       3
       3
       6
       2
       3
       0
       4
       5
       8
       6
       4
       0
       5
       4
       6
       3
       5
       7
       4
       5
       3
       4
       1
       3
       5
       4
       5
       5
       4
       5
       4
       4
       5
       8
       3
       5
       6
       2
       7
       4
       7
       9
      10
       8
       5
       8
       4
       0
       7
       3
       6
       7
       2
       6
       2
       7
       1
       6
       1
       3
       1
       7
       4
       1
       4
       3
       2
       2
       3
       1
       7
       5
       3
       3
       4
       5
       5
       6
       4
       3
       4
       4
       6
       2
       1
       5
       2
       2
       1
       7
       2
       3
       2
       3
       1
       4
       3
       2
       3
       4
       1
       6
       1
       2
       5
       6
       3
       4
       2
       7
       2
       2
       2
       6
       5
       7
       3
       3
       6
       4
       3
       2
       7
       5
       1
       3
       2
       2
       3
       1
       4
       4
       1
       4
       0
       2
       4
       3
       3
       1
       1
       1
       3
       2
       2
       1
       4
       2
       1
       4
       3
       2
       8
       5
       2
       2
       5
       2
       0
       2
       2
       4
       5
       1
       1
       1
       0
       4
       2
       4
       3
       2
       3
       2
       3
       2
       5
       3
       2
       2
       5
       2
       3
       4
       3
       3
       4
       6
       0
       3
       2
       3
       3
       1
       5
       5
       3
       4
       2
       4
       1
       1
       2
       2
       1
       4
       4
       2
       1
       6
       4
       5
       2
       3
       4
       4
       2
       2
       6
       5
       5
       4
       2
       4
       1
       1
       2
       1
       5
       4
       5
       3
       1
       3
       3
       2
       2
       3
       3
       5
       4
       4
       6
       2
       4
       2
       5
       3
       2
       2
       1
       2
       0
       4
       5
       4
       4
       3
       4
       2
       0
       3
       4
       2
       3
       1
       5
       1
       1
       0
       1
       2
       4
       3
       4
       1
       4
       4
       3
       1
       4
       1
       7
       5
       1
       2
       4
       3
       3
       2
       5
       2
       4
       4
       1
       3
       4
       1
       1
       3
       6
       2
       4
       3
       2
       2
       3
       2
       2
       3
       2
       3
       4
       2
       4
       0
       2
       1
       1
       8
       4
       5
       1
       4
       4
       6
       7
       2
       5
       2
       4
       4
       5
       3
       0
       4
       3
       4
       1
       4
       4
       4
       6
       5
       5
       3
       5
       3
       6
       9
      12
      12
      16
      32
      38
      36
      50
      64
      99
     109
     133
     175
     173
     212
     181
     195
     172
     139
     107
      76
      57
      35
      19
      12
      10
       8
       6
       5
       1
       4
       5
       2
       6
       5
       3
       7
       4
       2
       5
       2
       4
       4
       2
       4
       3
       2
       6
       5
       2
       5
       2
       2
       2
       6
       6
       0
       0
       1
       3
       5
       2
       5
       5
       3
       3
       1
       2
       1
       4
       4
       4
       3
       1
       1
       6
       2
       4
       7
       2
       2
       2
       2
       9
       3
       3
       2
       1
       2
       2
       3
       3
       3
       3
       3
       3
       6
       3
       4
       3
       2
       9
       3
       0
       4
       1
       2
       3
       3
       0
       4
       0
       6
       6
       2
       1
       6
       2
       2
       2
       2
       2
       2
       2
       4
       4
       6
       3
       5
       4
       3
       3
       2
       0
       3
       2
       5
       5
       6
       5
       3
       6
       3
       3
       3
       4
       4
       5
       4
       1
       3
       1
       6
       2
       6
       4
       3
       2
       1
       1
       5
       1
       2
       1
       5
       5
       4
       4
       1
       2
       4
       2
       6
       1
       1
       2
       2
       2
       1
       1
       3
       3
       2
       3
       5
       3
       1
       6
       3
       1
       5
       2
       2
       3
       3
       5
       3
       2
       2
       3
       2
       4
       4
       0
       0
       2
       1
       2
       2
       3
       2
       4
       1
       2
       0
       3
       2
       4
       1
       2
       2
       4
       4
       3
       5
       2
       1
       6
       1
       5
       0
       4
       1
       1
       2
       2
       2
       1
       2
       4
       2
       1
       0
       0
       0
       5
       4
       4
       2
       1
       0
       5
       1
       2
       2
       2
       4
       3
       2
       1
       3
       0
       0
       2
       3
       2
       5
       4
       1
       3
       2
       5
       4
       0
       2
       3
       2
       3
       1
       1
       1
       1
       3
       1
       2
       1
       3
       1
       2
       0
       3
       4
       5
       2
       0
       1
       6
       2
       2
       2
       2
       3
       2
       2
       2
       2
       2
       0
       2
       3
       2
       1
       0
       1
       1
       2
       2
       3
       1
       2
       2
       0
       6
       1
       2
       2
       3
       0
       3
       1
       6
       1
       2
       0
       2
       0
       2
       1
       2
       5
       1
       1
       1
       3
       2
       2
       2
       0
       2
       3
       0
       2
       0
       3
       3
       1
       0
       2
       2
       3
       2
       2
       3
       3
       2
       2
       1
       2
       1
       2
       0
       2
       0
       2
       3
       1
       3
       4
       4
       2
       2
       1
       2
       3
       3
       0
       3
       2
       0
       2
       2
       1
       0
       3
       1
       2
       4
       1
       1
       2
       3
       1
       1
       2
       2
       2
       3
       3
       3
       2
       3
       1
       1
       3
       0
       1
       7
       0
       5
       2
       2
       3
       1
       2
       1
       3
       1
       3
       1
       2
       3
       3
       1
       0
       1
       2
       1
       2
       3
       2
       0
       5
       1
       0
       1
       0
       0
       5
       3
       2
       2
       4
       1
       3
       1
       3
       2
       1
       4
       1
       0
       1
       1
       1
       0
       0
       1
       0
       2
       1
       1
       5
       1
       1
       0
       2
       2
       2
       2
       0
       2
       1
       1
       1
       2
       2
       4
       0
       2
       2
       0
       3
       3
       0
       4
       0
       1
       1
       0
       1
       1
       2
       2
       1
       1
       2
       0
       0
       4
       6
       1
       1
       0
       1
       1
       2
       0
       1
       2
       1
       0
       2
       1
       1
       2
       2
       1
       3
       0
       2
       0
       1
       0
       2
       2
       0
       0
       3
       1
       4
       0
       1
       1
       0
       0
       0
       0
       0
       1
       2
       1
       0
       0
       2
       4
       0
       0
       2
       2
       2
       1
       2
       1
       1
       3
       1
       0
       0
       1
       0
       1
       0
       1
       2
       0
       0
       5
       0
       1
       2
       2
       3
       1
       2
       0
       2
       0
       0
       0
       0
       0
       0
       1
       1
       3
       1
       2
       3
       0
       0
       0
       0
       0
       2
       2
       1
       0
       4
       1
       1
       0
       0
       1
       0
       3
       3
       0
       0
       0
       1
       3
       1
       0
       1
       4
       1
       2
       3
       0
       0
       0
       2
       1
       2
       0
       0
       0
       1
       1
       1
       4
       0
       1
       1
       1
       0
       1
       1
       1
       2
       2
       1
       1
       1
       2
       1
       3
       1
       0
       0
       0
       1
       2
       2
       1
       2
       2
       1
       0
       0
       3
       1
       0
       3
       1
       0
       4
       1
       0
       2
       1
       0
       2
       0
       1
       0
       1
       2
       3
       1
       0
       1
       1
       2
       0
       0
       0
       1
       1
       3
       0
       0
       0
       1
       1
       1
       1
       0
       2
       1
       0
       1
       0
       0
       1
       1
       0
       2
       2
       1
       0
       2
       0
       2
       4
       3
       2
       2
       1
       3
       7
       6
      12
      18
      17
      15
      22
      32
      38
      34
      32
      30
      28
      17
      23
       9
       6
       6
       4
       1
       2
       0
       0
       0
       2
       0
       1
       0
       3
       1
       0
       3
       2
       0
       0
       1
       0
       0
       0
       1
       0
       0
       1
       0
       0
       1
       1
       0
       1
       0
       1
       0
       0
       0
       0
       0
       1
       1
       0
       0
       1
       1
       0
       1
       0
       0
       1
       0
       0
       0
       0
       1
       2
       1
       0
       0
       1
       1
       2
       1
       1
       0
       0
       0
       0
       0
       1
       1
       0
       1
       0
       0
       2
       2
       0
       1
       0
       1
       1
       1
       0
       1
       3
       1
       0
       0
       1
       1
       0
       2
       0
       0
       0
       0
       0
       1
       1
       0
       0
       0
       0
       0
       1
       1
       1
       1
       1
       0
       2
       0
       0
       0
       0
       0
       0
       0
       0
       2
       1
       0
       0
       0
       1
       0
       0
       0
       1
       0
       0
       3
       0
       0
       1
       1
       0
       0
       0
       0
       0
       1
       1
       0
       0
       0
       0
       1
       0
       0
       0
       0
       1
       1
       0
       2
       1
       1
       1
       0
       0
       0
       0
       2
       0
       1
       0
       1
       0
       0
       0
       0
       0
       1
       1
       0
       0
       1
       0
       0
       0
       1
       0
       0
       0
       0
       0
       0
       1
       1
       1
       0
       0
       0
       0
       0
       1
       1
       0
       1
       1
       0
       1
       0
       0
       1
       0
       1
       0
       0
       2
       0
       1
       1
       0
       1
       0
       1
       2
       0
       0
       0
       0
       1
       0
       0
       0
       0
       0
       1
       0
       1
       0
       1
       1
       0
       1
       1
       1
       0
       1
       0
       0
       0
       0
       2
       0
       0
       0
       0
       1
       0
       1
       2
       0
       0
       0
       1
       1
       0
       0
       1
       1
       0
       0
       0
       1
       0
       1
       2
       1
       1
       0
       0
       0
       0
       1
       0
       2
       0
       0
       0
       1
       1
       1
       1
       0
       1
       0
       1
       0
       0
       0
       0
       0
       0
       0
       0
       1
       0
       0
       0
       0
       0
       0
       2
       0
       1
       0
       0
       0
       1
       0
       0
       0
       0
       0
       1
       0
       0
       1
       0
       0
       1
       0
       2
       1
       0
       0
       0
       0
       0
       0
       0
       3
       0
       1
       1
       2
       1
       0
       2
       4
       1
       0
       4
       3
       7
      10
      13
      13
       7
      10
      15
       7
      12
       4
       5
       4
       5
       1
       0
       2
       1
       2
       2
       0
       1
       0
       0
       0
       2
       0
       0
       2
       0
       0
       0
       0
       0
       1
       0
       0
       0
       0
       1
       0
       0
       0
       1
       0
       0
       0
       0
       1
       0
       0
       0
       0
       0
       0
       0
       0
       0
       0
       0
       2
       0
       0
       0
       0
       0
       0
       0
       1
       0
       0
       1
       0
       1
       1
       2
       0
       0
       0
       0
       0
       0
       1
       0
       0
       0
       0
       0
       0
       1
       0
       0
       0
       0
       0
       0
       0
       0
       1
       0
       0
       1
       0
       0
       1
       1
       0
       4
       1
       1
       0
       0
       0
       0
       0
       1
       2
       0
       0
       0
       0
       0
       1
       1
       1
       0
       0
       0
       0
       1
       0
       1
       2
       0
       0
       0
       0
       0
       0
       0
       0
       0
       1
       0
       0
       0
       1
       0
       0
       0
       0
       0
       1
       0
       0
       0
       0
       0
       1
       0
       0
       0
       0
       0
       0
       1
       0
       1
       0
       0
       0
       0
       0
       0
       0
       0
       0
       0
       0
       0
       0
       1
       0
       0
       0
       0
       0
       0
       0
       0
       2
       0
       1
       1
       0
       1
       0
       0
       0
       0
       0
       0
       1
       0
       0
       1
       0
       1
       1
       0
       0
       0
       0
       0
       0
       0
       0
       0
       0
       0
       0
       1
       0
       0
       0
       1
       0
       0
       1
       1
       0
       0
       0
       1
       0
       1
       0
       0
       0
       0
       0
       0
       0
       0
       0
       1
       0
       0
       1
       0
       0
       0
       0
       0
       0
       0
       1
       1
       1
       0
       0
       0
       0
       0
       0
       0
       0
       1
       0
       0
       0
       0
       0
       0
       0
       0
       0
       0
       0
       2
       0
       0
       0
       0
       1
       0
       0
       0
       1
       1
       0
       1
       0
       0
       0
       1
       1
       0
       1
       0
       0
       0
       0
       0
       0
       1
       0
       0
       0
       0
       0
       0
       0
       0
       0
       0
       1
       0
       0
       0
       0
       0
       0
       0
       0
       0
       0
       0
       0
       0
       0
       0
       0
       0
       0
       1
       0
       1
       0
       1
       0
       0
       0
       0
       0
       0
       0
       0
       0
       0
       0
       0
       0
       1
       0
       0
       0
       0
       0
       0
       0
       0
       0
       1
       0
       0
       0
       0
       0
       0
       0
       0
       1
       0
       1
       0
       0
       1
       0
       1
       0
       0
       1
       0
       0
       0
       0
       0
       0
       0
       0
       0
       0
       0
       0
       0
       0
       0
       0
       1
       0
       0
       0
       0
       0
       0
       0
       0
       0
       0
       0
       0
       0
       0
       0
       0
       0
       0
       0
       0
       0
       0
       0
       1
       1
       0
       1
       0
       0
       1
       1
       0
       0
       0
       0
       0
       0
       0
       0
       0
       0
       1
       0
       0
       0
       0
       0
       0
       0
       0
       0
       0
       0
       1
       0
       0
       0
       0
       0
       1
       0
       1
       0
       0
       0
       0
       0
       0
       0
       0
       1
       0
       0
       0
       0
       0
       1
       0
       0
       0
       0
       0
       0
       0
       0
       0
       0
       0
       0
       0
       0
       0
       0
       1
       0
       0
       0
       0
       0
       0
       0
       0
       0
       0
       0
       0
       1
       0
       1
       0
       0
       1
       1
       1
       1
       0
       0
       0
       0
       0
       0
       0
       0
       0
       0
       0
       0
       0
       0
       0
       0
       0
       1
       0
       0
       0
       0
       0
       1
       0
       0
       0
       0
       0
       1
       0
       0
       0
       0
       0
       0
       1
       1
       0
       0
       0
       1
       1
       0
       0
       0
       0
       1
       0
       0
       0
       0
       0
       0
       0
       0
       0
       0
       0
       0
       0
       0
       0
       0
       0
       1
       0
       0
       0
       0
       0
       0
       0
       0
       0
       0
       0
       0
       0
       0
       0
       0
       0
       0
       0
       0
       0
       1
       0
       0
       0
       0
       0
       0
       0
       0
       0
       0
       0
       0
       0
       1
       0
       0
       0
       0
       0
       0
       0
       1
       0
       0
       0
       0
       0
       0
       0
       0
       0
       0
       0
       0
       0
       0
       0
       0
       1
       0
       0
       0
       0
       0
       0
       0
       0
       0
       0
       0
       0
       0
       0
       0
       0
       0
       1
       0
       0
       0
       0
       0
       0
       0
       0
       0
       1
       0
       1
       0
       0
       0
       0
       0
       0
       0
       0
       0
       0
       0
       0
       0
       0
       0
       0
       1
       0
       0
       0
       1
       0
       1
       0
       0
       0
       0
       1
       0
       0
       0
       0
       5
       0
       2
       1
       1
       4
       5
       3
       2
       5
       2
       4
       1
       4
       4
       3
       4
       0
       1
       1
       0
       0
       0
       0
       0
       0
       0
       0
       2
       0
       0
       0
       0
       0
       0
       0
       0
       0
       0
       0
       0
       0
       0
       0
       0
       0
       0
       0
       0
       0
       0
       1
       0
       0
       1
       0
       1
       0
       0
       0
       0
       0
       0
       0
       0
       0
       0
       0
       0
       0
       0
       0
       0
       0
       0
       0
       0
       0
       0
       0
       0
       0
       0
       0
       0
       0
       0
       0
       0
       0
       0
       0
       0
       0
       0
       0
       0
       0
       0
       0
       0
       0
       0
       0
       0
       0
       0
       0
       0
       0
       0
       0
       0
       0
       0
       0
       0
       1
       0
       1
       0
       1
       0
       0
       0
       0
       0
       0
       0
       0
       0
       0
       0
       0
       0
       1
       0
       1
       1
       0
       0
       0
       0
       1
       0
       0
       1
       0
       0
       0
       0
       0
       0
       0
       0
       0
       0
       0
       0
       0
       0
       0
       0
       0
       0
       0
       0
       0
       0
       0
       0
       0
       0
       0
       0
       0
       0
       0
       0
       0
       0
       0
       0
       0
       0
       1
       0
       0
       0
       0
       0
       0
       0
       0
       1
       0
       0
       0
       0
       1
       0
       0
       0
       0
       0
       0
       0
       0
       0
       0
       0
       0
       0
       0
       0
       0
       0
       0
       0
       0
       0
       0
       0
       0
       0
       0
       0
       0
       0
       0
       0
       0
       0
       0
       0
       0
       0
       0
       0
       0
       0
       0
       0
       0
       0
       0
       0
       0
       0
       0
       0
       0
       0
       0
       0
       0
       0
       0
       0
       0
       0
       1
       0
       0
       0
       0
       0
       0
       0
       0
       0
       0
       0
       0
       0
       0
       0
       0
       0
       0
       0
       0
       0
       0
       0
       0
       0
       1
       0
       0
       0
       0
       0
       0
       0
       0
       0
       0
       0
       0
       0
       0
       0
       0
       0
       0
       0
       0
       0
       0
       0
       0
       0
       0
       0
       0
       0
       0
       0
       0
       0
       0
       0
       0
       0
       0
       1
       0
       0
       0
       0
       0
       0
       0
       0
       0
       0
       0
       0
       0
       0
       0
       0
       0
       0
       0
       0
       0
       0
       0
       0
       0
       0
       0
       0
       0
       1
       0
       0
       0
       0
       0
       0
       0
       0
       0
       0
       0
       0
       0
       0
       0
       0
       0
       0
       0
       0
       0
       0
       0
       0
       0
       0
       0
       0
       0
       0
       0
       0
       0
       0
       0
       0
       0
       0
       0
       0
       0
       0
       0
       0
       0
       0
       0
       0
       0
       0
       0
       0
       0
       0
       0
       0
       0
       0
       0
       0
       0
       0
       0
       0
       0
       0
       0
       0
       0
       0
       0
       0
       0
       1
       0
       0
       0
       0
       0
       0
       0
       0
       0
       0
       0
       0
       1
       0
       0
       0
       0
       1
       0
       0
       0
       0
       0
       0
       0
       0
       0
       0
       0
       0
       0
       0
       0
       0
       0
       0
       0
       0
       0
       0
       0
       0
       0
       0
       0
       0
       0
       0
       0
       0
       0
       0
       0
       0
       0
       0
       1
       0
       0
       0
       0
       0
       0
       0
       0
       0
       0
       0
       0
       0
       0
       0
       0
       0
       0
       0
       0
       0
       0
       0
       0
       1
       0
       0
       0
       0
       0
       0
       0
       0
       0
       0
       0
       0
       0
       0
       0
       0
       0
       0
       0
       0
       0
       0
       0
       0
       0
       0
       0
       0
       0
       0
       0
       0
       0
       0
       0
       0
       0
       0
       0
       0
       0
       0
       0
       0
       0
       0
       0
       0
       0
       0
       0
       0
       0
       0
       0
       0
       0
       0
       0
       0
       0
       0
       0
       0
       0
       0
       0
       0
       0
       1
       0
       0
       0
       0
       0
       0
       0
       0
       0
       0
       0
       0
       1
       0
       0
       0
       0
       0
       0
       0
       0
       0
       0
       0
       0
       0
       0
       0
       0
       0
       0
       1
       0
       0
       0
       0
       0
       1
       0
       0
       0
       0
       0
       0
       0
       0
       0
       0
       0
       0
       0
       0
       0
       0
       0
       0
       0
       0
       1
       0
       0
       1
       1
       0
       1
       0
       3
       1
       0
       0
       0
       1
       0
       0
       0
       0
       0
       0
       0
       0
       0
       0
       0
       0
       0
       0
       0
       0
       0
       0
       0
       0
       0
       0
       0
       0
       0
       0
       0
       0
       1
       0
       0
       0
       0
       0
       0
       0
       0
       0
       0
       0
       0
       0
       0
       0
       0
       0
       0
       0
       0
       0
       0
       0
       0
       0
       0
       0
       0
       0
       0
       0
       0
       0
       0
       0
       0
       0
       0
       0
       0
       0
       0
       0
       0
       0
       0
       0
       0
       0
       0
       0
       0
       0
       0
       0
       0
       0
       0
       0
       0
       0
       0
       0
       0
       0
       0
       0
       0
       0
       0
       0
       0
       0
       0
       0
       0
       0
       0
       0
       0
       0
       0
       0
       0
       0
       0
       0
       0
       0
       0
       1
       0
       0
       0
       0
       0
       0
       0
       0
       0
       0
       0
       0
       0
       0
       0
       0
       0
       0
       0
       0
       0
       0
       0
       0
       0
       0
       0
       0
       0
       0
       0
       0
       0
       0
       0
       0
       0
       0
       0
       0
       0
       0
       0
       0
       0
       0
       0
       0
       0
       0
       0
       0
       0
       0
       0
       0
       0
       0
       0
       0
       0
       0
       0
       0
       0
       0
       0
       0
       0
       0
       0
       0
       0
       0
       0
       0
       0
       0
       0
       0
       0
       0
       0
       0
       0
       0
       0
       0
       0
       0
       0
       0
       0
       0
       0
       0
       0
       0
       0
       0
       0
       0
       0
       0
       0
       0
       0
       0
       0
       0
       0
       0
       0
       0
       0
       0
       0
       0
       0
       0
       0
       0
       0
       0
       0
       0
       0
       0
       0
       0
       0
$ROI:
2
867 883
3355 3381
$PRESETS:
None
0
0
$ENER_FIT:
0.348875 0.383619
$MCA_CAL:
3
3.488746E-001 3.836186E-001 4.077577E-008 keV
$SHAPE_CAL:
3
2.362651E+000 1.700768E-003 -9.923860E-008
