$SPEC_ID:
Cs137
$SPEC_REM:
DET# 2
DETDESC# DETECTOR 2
AP# GammaVision Version 7.01.03
$DATE_MEA:
02/26/2017 13:28:23
$MEAS_TIM:
12001 12007
$DATA:
0 8191
       0
       0
       0
       0
       0
       0
       0
       0
       0
       0
       0
       0
       0
       0
       0
       0
       0
       0
       0
       0
       0
       0
       0
       0
       0
       0
       0
       0
       0
       0
       0
       0
       0
       0
       0
       0
       0
       0
       0
       0
       0
       0
       0
       0
       0
       0
       0
       0
       0
       0
       0
       0
       0
       0
       0
       0
       0
       0
       0
       0
       0
       0
       0
       0
       0
       0
       0
       0
       0
       0
       0
       0
       0
       0
       0
       0
       0
       0
       0
       0
       0
       0
       0
       0
       0
       0
       0
       0
       0
       0
       0
       0
       0
       0
       0
      13
      34
     145
     192
     187
     185
     171
     210
     202
     195
     187
     175
     189
     202
     160
     172
     171
     191
     161
     142
     155
     136
     163
     173
     168
     179
     177
     168
     177
     177
     170
     144
     154
     168
     150
     177
     157
     164
     176
     187
     162
     197
     176
     172
     149
     197
     171
     203
     201
     171
     179
     189
     199
     204
     175
     178
     219
     254
     221
     230
     205
     211
     211
     214
     211
     210
     245
     229
     239
     270
     325
     247
     246
     220
     212
     219
     248
     240
     229
     219
     225
     224
     236
     195
     240
     242
     222
     252
     216
     255
     241
     256
     370
     578
     960
     886
     502
     359
     489
    1130
    1594
    1151
     469
     246
     193
     210
     209
     170
     216
     196
     180
     193
     204
     186
     209
     258
     198
     199
     223
     210
     231
     236
     217
     271
     454
     641
     713
     524
     292
     213
     254
     297
     406
     315
     302
     197
     201
     192
     206
     194
     217
     187
     196
     220
     225
     312
     354
     291
     253
     219
     212
     219
     207
     188
     195
     172
     208
     182
     200
     199
     180
     219
     205
     221
     207
     214
     204
     216
     213
     219
     216
     202
     208
     219
     210
     212
     215
     225
     211
     208
     225
     196
     201
     235
     228
     183
     242
     227
     218
     188
     223
     208
     209
     220
     226
     206
     246
     224
     251
     213
     248
     246
     216
     230
     226
     213
     231
     234
     222
     212
     250
     240
     221
     230
     242
     202
     223
     238
     217
     273
     230
     239
     220
     211
     217
     216
     242
     217
     231
     252
     236
     247
     214
     214
     223
     230
     256
     232
     256
     209
     225
     214
     234
     240
     234
     234
     215
     234
     244
     242
     218
     239
     231
     225
     239
     212
     230
     229
     221
     239
     215
     222
     261
     338
     583
     889
     776
     445
     271
     249
     255
     242
     252
     200
     254
     260
     212
     262
     225
     239
     265
     234
     256
     245
     278
     234
     217
     269
     250
     244
     244
     259
     233
     241
     264
     261
     252
     265
     259
     207
     257
     245
     238
     236
     251
     273
     255
     261
     264
     250
     243
     288
     352
     380
     346
     284
     242
     277
     278
     275
     261
     265
     293
     286
     253
     282
     290
     257
     303
     263
     300
     288
     241
     252
     293
     270
     286
     297
     253
     238
     253
     268
     264
     264
     265
     266
     302
     273
     269
     289
     329
     309
     336
     301
     270
     256
     262
     260
     237
     263
     260
     265
     265
     288
     265
     272
     251
     281
     261
     253
     257
     243
     224
     260
     234
     239
     250
     248
     271
     230
     255
     243
     216
     244
     254
     243
     231
     262
     245
     265
     287
     227
     250
     237
     235
     235
     245
     235
     235
     277
     270
     281
     292
     239
     227
     217
     213
     233
     224
     217
     180
     207
     200
     228
     198
     202
     223
     207
     210
     196
     197
     216
     222
     212
     219
     201
     180
     215
     206
     207
     189
     202
     194
     176
     182
     186
     181
     190
     192
     200
     200
     188
     199
     208
     227
     199
     203
     208
     209
     232
     175
     197
     223
     177
     171
     209
     206
     212
     198
     217
     213
     195
     215
     206
     198
     189
     212
     237
     206
     206
     204
     206
     206
     188
     189
     221
     194
     204
     176
     209
     188
     209
     214
     197
     220
     214
     212
     191
     194
     191
     215
     214
     211
     175
     183
     215
     197
     204
     184
     159
     219
     215
     210
     180
     166
     196
     187
     179
     185
     186
     216
     195
     183
     240
     204
     205
     200
     169
     170
     190
     172
     186
     202
     197
     238
     179
     218
     223
     204
     170
     195
     180
     172
     208
     184
     203
     197
     175
     194
     185
     187
     186
     192
     236
     250
     259
     199
     202
     172
     154
     174
     173
     181
     188
     172
     162
     170
     174
     185
     200
     213
     183
     178
     216
     190
     182
     183
     183
     171
     184
     183
     186
     173
     197
     144
     168
     174
     157
     175
     167
     172
     142
     154
     164
     149
     175
     153
     145
     150
     162
     171
     141
     182
     144
     171
     176
     162
     151
     140
     142
     166
     137
     147
     144
     140
     154
     168
     153
     129
     148
     123
     140
     138
     161
     138
     156
     123
     127
     149
     135
     129
     124
     141
     150
     115
     143
     130
     144
     127
     140
     138
     154
     114
     127
     121
     125
     136
     125
     115
     114
     133
     109
     130
     102
     128
     112
     118
     128
     115
     101
     113
     109
     117
      98
      93
     104
     122
     103
     113
     101
     105
      95
     101
      91
     110
      91
     104
      98
      98
      95
     106
      94
     102
      99
      89
     103
      94
     109
      96
      92
     101
      99
     113
      85
      96
      81
      97
      97
     111
      79
     101
      94
      84
     107
     113
     102
     107
     112
      96
      86
      97
      81
      83
     104
      99
      90
      86
     104
      89
      72
      85
      80
      88
      90
      82
      95
      90
      84
      80
      73
      92
      87
     104
      82
      98
      75
      85
      90
      74
      88
      76
      77
      83
      70
      91
      63
      75
      86
      65
      84
      87
      72
      74
      73
      74
      90
      75
      77
      74
      66
      97
      72
      72
      77
      98
      84
      77
      82
      80
      73
      71
      69
      64
      70
      61
      85
      86
      70
      77
      70
      91
      84
      81
      66
      63
      60
      82
     127
     375
    1100
    2288
    3168
    2825
    1499
     506
     143
      82
      74
      77
      77
      63
      72
      61
      56
      67
      74
      66
      64
      76
      69
      59
      65
      62
      60
      70
      64
      59
      70
      75
      60
      66
      70
      61
      66
      66
      78
      62
      60
      71
      60
      56
      82
      64
      56
      69
      72
      62
      50
      69
      94
      93
     138
     121
      90
      65
      53
      64
      65
      60
      66
      57
      65
      55
      69
      65
      60
      56
      57
      62
      59
      56
      54
      57
      50
      70
      46
      52
      61
      51
      64
      52
      60
      59
      55
      65
      59
      56
      61
      56
      57
      54
      43
      52
      60
      61
      60
      60
      60
      77
      66
      62
      53
      63
      50
      58
      64
      73
      68
      62
      46
      67
      58
      61
      59
      49
      46
      65
      53
      56
      42
      49
      61
      67
      53
      62
      55
      46
      57
      46
      47
      61
      43
      57
      47
      52
      58
      62
      48
      59
      58
      49
      52
     109
     238
     541
     835
     933
     652
     255
     112
      60
      43
      37
      49
      51
      48
      64
      45
      53
      46
      49
      48
      57
      44
      46
      45
      47
      43
      52
      46
      40
      52
      40
      62
      40
      45
      51
      51
      51
      64
      54
      33
      59
      53
      49
      60
      45
      55
      55
      46
      53
      38
      57
      43
      48
      53
      39
      61
      52
      50
      47
      56
      58
      47
      44
      43
      63
     127
     324
     745
    1505
    2149
    1952
    1182
     435
     123
      53
      45
      38
      36
      49
      51
      48
      48
      45
      42
      47
      48
      42
      47
      41
      42
      52
      42
      49
      47
      50
      38
      44
      48
      49
      48
      50
      47
      38
      41
      52
      32
      39
      30
      46
      33
      50
      33
      40
      46
      49
      36
      46
      44
      48
      48
      42
      29
      48
      36
      33
      38
      37
      38
      42
      46
      42
      34
      55
      45
      53
      47
      44
      48
      59
      42
      34
      39
      35
      43
      38
      41
      46
      45
      42
      36
      34
      39
      37
      48
      38
      40
      39
      39
      39
      38
      33
      33
      38
      38
      35
      40
      43
      42
      32
      46
      42
      34
      48
      48
      34
      48
      42
      50
      40
      27
      32
      39
      45
      36
      27
      36
      35
      48
      67
      71
      78
      72
      57
      53
      44
      42
      29
      42
      34
      36
      34
      38
      42
      41
      30
      44
      38
      34
      37
      30
      30
      41
      46
      35
      40
      43
      42
      39
      47
      27
      38
      32
      46
      25
      42
      35
      36
      32
      39
      33
      30
      35
      42
      48
      46
      51
      35
      43
      44
      38
      43
      30
      36
      42
      40
      36
      47
      46
      35
      39
      46
      31
      39
      36
      38
      42
      32
      26
      36
      39
      36
      36
      46
      24
      44
      28
      40
      40
      49
      48
      39
      43
      53
      37
      39
      46
      39
      46
      40
      47
      41
      32
      31
      42
      25
      39
      47
      42
      48
      33
      34
      37
      30
      44
      30
      40
      37
      33
      36
      44
      49
      35
      40
      27
      45
      51
      48
      55
      70
      98
     145
     200
     256
     346
     341
     368
     319
     243
     192
     156
      74
      71
      60
      47
      47
      40
      32
      40
      44
      37
      34
      25
      38
      40
      37
      35
      40
      37
      31
      39
      33
      28
      34
      34
      35
      27
      42
      36
      30
      34
      25
      36
      26
      36
      39
      42
      38
      44
      32
      45
      41
      38
      29
      36
      41
      28
      39
      35
      35
      34
      34
      32
      34
      43
      36
      38
      32
      31
      34
      40
      26
      38
      26
      29
      32
      26
      30
      25
      37
      39
      37
      22
      29
      30
      32
      35
      41
      34
      48
      54
      30
      44
      38
      41
      23
      34
      39
      36
      34
      34
      35
      33
      37
      35
      43
      23
      33
      35
      28
      39
      38
      40
      28
      35
      41
      46
      36
      31
      47
      35
      33
      34
      40
      41
      41
      30
      46
      42
      31
      28
      32
      42
      33
      23
      32
      31
      33
      37
      29
      35
      31
      41
      35
      45
      37
      31
      27
      37
      29
      42
      37
      44
      35
      44
      40
      37
      44
      35
      31
      23
      36
      48
      29
      35
      27
      35
      29
      38
      33
      38
      38
      34
      38
      36
      32
      36
      38
      36
      40
      33
      38
      31
      27
      40
      43
      26
      36
      39
      34
      34
      43
      43
      37
      40
      36
      31
      35
      33
      32
      34
      38
      31
      35
      31
      25
      19
      37
      43
      37
      47
      35
      39
      30
      31
      37
      36
      46
      34
      33
      26
      34
      37
      32
      32
      38
      39
      33
      31
      31
      45
      50
      43
      34
      35
      46
      30
      38
      37
      41
      45
      39
      40
      46
      35
      31
      43
      34
      38
      42
      38
      29
      31
      44
      48
      35
      45
      46
      45
      32
      32
      44
      43
      34
      45
      34
      35
      31
      21
      28
      43
      31
      39
      43
      43
      28
      33
      35
      48
      49
      52
      75
      99
      85
      78
      72
      46
      36
      41
      42
      31
      24
      33
      29
      49
      48
      32
      23
      32
      35
      26
      35
      32
      39
      31
      34
      37
      42
      31
      22
      31
      33
      34
      31
      35
      22
      36
      28
      31
      35
      36
      38
      34
      36
      32
      30
      27
      40
      27
      32
      29
      33
      48
      31
      32
      29
      23
      27
      38
      37
      28
      39
      23
      35
      32
      32
      40
      39
      34
      32
      29
      39
      35
      31
      29
      29
      27
      34
      40
      38
      34
      33
      30
      42
      33
      43
      33
      26
      32
      43
      40
      36
      29
      26
      35
      40
      25
      37
      36
      45
      27
      35
      30
      39
      37
      55
      39
      43
      36
      37
      30
      38
      27
      24
      33
      23
      25
      28
      30
      29
      41
      33
      25
      36
      30
      33
      36
      36
      32
      18
      35
      37
      24
      28
      28
      33
      33
      31
      34
      31
      31
      34
      32
      28
      29
      26
      36
      32
      28
      28
      28
      31
      29
      33
      25
      32
      29
      34
      31
      30
      24
      35
      32
      20
      28
      33
      27
      26
      35
      25
      41
      18
      41
      27
      29
      35
      22
      25
      34
      39
      24
      30
      37
      31
      46
      37
      32
      37
      34
      33
      37
      22
      22
      30
      35
      27
      44
      25
      49
      35
      37
      35
      36
      37
      29
      26
      36
      41
      32
      30
      32
      33
      33
      35
      32
      30
      35
      36
      24
      36
      23
      35
      32
      27
      39
      37
      44
      37
      36
      32
      29
      35
      28
      40
      28
      27
      37
      23
      28
      28
      30
      28
      24
      36
      25
      28
      35
      31
      30
      31
      26
      29
      35
      29
      22
      21
      36
      42
      26
      37
      24
      30
      26
      25
      20
      43
      29
      21
      33
      36
      34
      22
      26
      26
      32
      27
      31
      33
      30
      30
      29
      32
      39
      38
      31
      39
      37
      43
      30
      29
      22
      34
      30
      32
      28
      31
      32
      32
      28
      33
      34
      21
      28
      35
      29
      37
      28
      32
      32
      38
      34
      39
      28
      26
      35
      32
      34
      22
      28
      30
      30
      32
      29
      25
      40
      41
      32
      37
      32
      32
      30
      33
      27
      29
      27
      34
      37
      33
      28
      37
      31
      25
      26
      25
      30
      41
      43
      33
      24
      34
      32
      30
      32
      36
      34
      33
      44
      35
      35
      23
      30
      32
      26
      21
      26
      27
      34
      32
      32
      37
      29
      25
      34
      38
      35
      43
      38
      37
      38
      24
      23
      33
      29
      42
      25
      31
      36
      39
      37
      29
      33
      32
      18
      26
      34
      32
      33
      34
      24
      36
      35
      27
      28
      36
      32
      25
      40
      23
      34
      26
      22
      33
      36
      34
      35
      30
      24
      31
      25
      38
      38
      35
      42
      27
      41
      42
      33
      43
      50
      31
      34
      34
      33
      37
      29
      31
      35
      47
      41
      20
      40
      45
      32
      41
      32
      35
      39
      32
      47
      42
      31
      49
      42
      38
      28
      31
      31
      26
      34
      35
      38
      42
      26
      19
      30
      32
      35
      34
      34
      40
      36
      44
      42
      39
      35
      25
      25
      39
      44
      42
      23
      35
      28
      28
      36
      35
      31
      31
      37
      30
      43
      33
      33
      36
      35
      24
      29
      27
      33
      41
      29
      36
      44
      33
      38
      41
      44
      47
      42
      30
      44
      30
      43
      49
      43
      35
      37
      30
      41
      48
      41
      41
      70
     106
     195
     299
     420
     402
     394
     271
     152
      66
      41
      37
      33
      38
      32
      30
      32
      35
      37
      47
      38
      32
      38
      35
      37
      38
      41
      41
      29
      34
      33
      31
      31
      51
      36
      41
      33
      35
      30
      32
      40
      40
      38
      29
      30
      32
      33
      34
      40
      39
      53
      49
      46
      37
      38
      49
      32
      45
      45
      37
      33
      39
      35
      46
      30
      43
      28
      28
      43
      33
      39
      38
      43
      45
      51
      40
      31
      35
      34
      35
      44
      46
      30
      43
      40
      47
      40
      36
      36
      43
      45
      52
      41
      49
      39
      35
      43
      44
      31
      37
      32
      35
      49
      42
      36
      51
      35
      35
      42
      36
      43
      35
      41
      32
      42
      42
      38
      44
      33
      36
      28
      34
      40
      45
      47
      33
      36
      47
      37
      50
      43
      49
      45
      41
      35
      46
      39
      39
      46
      37
      37
      44
      28
      47
      38
      38
      47
      44
      38
      45
      34
      35
      44
      48
      31
      46
      46
      36
      44
      47
      43
      47
      48
      37
      36
      42
      45
      50
      31
      52
      35
      39
      43
      51
      48
      41
      49
      51
      46
      47
      52
      46
      42
      39
      44
      41
      38
      38
      29
      35
      50
      37
      35
      38
      35
      25
      42
      26
      39
      43
      32
      39
      29
      36
      30
      42
      34
      33
      37
      34
      34
      32
      36
      27
      41
      26
      41
      33
      33
      45
      30
      27
      25
      30
      30
      33
      40
      34
      37
      43
      31
      31
      34
      41
      37
      31
      33
      37
      27
      33
      42
      39
      34
      46
      38
      36
      32
      33
      37
      33
      33
      33
      35
      24
      27
      29
      26
      34
      32
      41
      31
      31
      18
      32
      30
      35
      30
      33
      34
      21
      23
      30
      31
      33
      22
      19
      37
      38
      35
      44
      24
      20
      28
      32
      34
      40
      28
      33
      25
      36
      32
      42
      27
      27
      20
      28
      33
      26
      47
      27
      37
      34
      25
      36
      31
      36
      22
      32
      21
      22
      36
      34
      27
      40
      33
      33
      27
      25
      34
      29
      23
      34
      26
      21
      33
      23
      30
      30
      22
      27
      27
      34
      22
      33
      29
      27
      33
      28
      36
      30
      39
      37
      24
      34
      24
      22
      31
      22
      24
      36
      35
      38
      27
      23
      26
      32
      39
      28
      30
      23
      12
      29
      44
      30
      34
      28
      31
      33
      34
      30
      26
      28
      33
      34
      27
      25
      32
      23
      46
      20
      32
      28
      20
      31
      29
      24
      46
      30
      31
      32
      31
      26
      18
      37
      30
      29
      33
      27
      38
      37
      24
      24
      44
      38
      43
      40
      53
      47
      36
      37
      33
      31
      40
      24
      32
      24
      26
      29
      33
      21
      30
      20
      28
      27
      23
      27
      24
      29
      22
      31
      31
      24
      33
      27
      22
      32
      32
      30
      26
      24
      25
      29
      31
      30
      31
      30
      30
      38
      29
      19
      31
      35
      24
      35
      31
      26
      23
      28
      25
      38
      32
      34
      31
      24
      26
      32
      30
      28
      32
      30
      35
      34
      39
      27
      34
      25
      34
      40
      28
      31
      35
      28
      30
      29
      32
      27
      25
      27
      28
      34
      36
      21
      34
      42
      30
      23
      29
      27
      30
      34
      24
      39
      29
      22
      37
      19
      38
      29
      30
      29
      26
      34
      22
      33
      40
      33
      37
      33
      39
      24
      29
      23
      39
      34
      36
      30
      31
      28
      29
      33
      29
      31
      31
      20
      26
      32
      36
      28
      28
      29
      27
      29
      30
      39
      20
      36
      28
      35
      37
      30
      34
      32
      32
      28
      29
      25
      25
      33
      43
      45
      24
      24
      33
      33
      32
      23
      31
      35
      40
      23
      31
      23
      30
      25
      22
      30
      31
      23
      26
      24
      36
      47
      19
      36
      34
      23
      36
      26
      27
      36
      27
      34
      34
      37
      34
      33
      34
      41
      32
      30
      30
      37
      37
      37
      31
      30
      33
      36
      46
      35
      42
      28
      44
      26
      33
      38
      35
      34
      38
      36
      33
      30
      36
      27
      38
      30
      33
      38
      29
      30
      30
      33
      28
      42
      35
      34
      32
      35
      45
      36
      47
      31
      39
      34
      30
      40
      37
      31
      41
      39
      35
      38
      31
      38
      28
      27
      32
      37
      51
      29
      34
      35
      39
      28
      38
      36
      19
      42
      35
      32
      41
      31
      29
      22
      47
      25
      47
      32
      32
      36
      30
      26
      32
      27
      38
      30
      30
      22
      27
      33
      30
      34
      24
      31
      23
      33
      18
      28
      28
      22
      16
      28
      27
      27
      19
      29
      29
      24
      29
      26
      30
      22
      32
      30
      29
      21
      32
      24
      18
      20
      24
      25
      54
      63
     105
     158
     291
     477
     735
    1040
    1245
    1338
    1091
     786
     453
     198
      90
      38
      23
      21
      27
      22
      17
      14
      16
      15
      26
      18
      20
      14
      20
      17
      18
      20
      21
      18
      13
      24
      17
      15
      16
      14
      21
      20
      18
      15
      14
      17
      19
      18
      10
      25
      14
      15
      30
      16
      18
      31
      13
      20
      20
      21
      21
      15
      21
      19
      22
      18
      15
      21
      17
      15
      16
      16
      17
      17
      26
      19
      17
      21
      16
      15
      20
      16
      14
      17
      15
      21
      14
      16
      17
      18
      19
      23
      19
      18
      22
      16
      17
      11
      17
      21
      22
      16
      14
      19
      10
      18
      15
      15
      17
      27
      20
      22
      17
      17
      17
      15
      18
      12
      13
      19
      13
      15
      14
      11
      16
      18
      25
      18
      10
      14
      19
      22
      10
      17
      18
      17
      18
      15
      14
      21
      19
      14
      20
      18
      15
      11
      18
      13
      17
      22
      15
      11
       8
      20
      22
      23
      12
      11
       8
      10
      12
      20
      16
      18
      12
       8
       9
      22
      11
      16
      11
      13
      13
      15
      10
       9
      16
       9
      12
      10
      18
      13
      16
       4
      13
      11
      15
      15
      15
      16
      12
      17
       9
      15
      10
      12
      12
      11
      10
      13
      21
      15
       8
      14
      11
      18
       8
       6
      10
      19
      11
      11
       9
      10
      11
      16
      10
      10
      12
       9
       4
       5
      11
       7
      10
      11
      14
      10
      12
      17
      15
       8
      13
       8
       7
      12
       8
       9
      11
      11
       7
       8
       9
      15
       8
      15
       6
      10
      10
      13
       7
       7
      10
       9
       5
       7
      15
       9
       6
       8
       6
      15
      10
      11
       8
      10
       9
      11
      12
       6
       6
       3
       2
      12
      13
      14
      12
       9
       6
       7
       8
      10
       8
       5
       9
       6
       6
       7
       9
       5
      10
      11
       9
       6
      10
       7
       6
       3
       9
      10
       2
       5
       8
      12
       8
      11
       9
       9
       9
      12
      10
       8
       6
       8
       6
       8
       4
       5
       8
       5
       4
      14
      11
       7
       9
       4
       7
      11
       5
      13
      10
      18
       5
       9
      11
       4
      10
       8
       6
       9
      12
      12
      10
       7
       4
       9
       5
       7
       2
      11
       4
      10
       8
       7
       9
       6
       8
      10
       9
      11
       7
       6
       9
      11
       6
       8
       9
       7
       4
       6
       7
       3
       9
      10
       9
      11
       5
       6
       5
      10
       3
       5
       7
       7
       4
      11
       4
       4
      16
       7
       9
      11
       6
       9
       7
      12
       8
       7
       4
       8
       7
      13
      10
      11
       8
       8
       9
       8
       8
       7
      11
       7
       5
       5
       8
      12
      11
       8
       8
       3
       4
      10
      10
      14
       8
      10
       4
       5
       5
      16
      12
       3
      11
       4
       9
       7
       5
       5
       5
       5
       8
      11
       8
      10
      11
       6
       5
      10
      13
      13
       8
       6
       8
      12
      11
       8
       7
      13
       6
       5
       7
       8
       4
       9
       6
       6
       5
       4
      10
       6
      14
       9
       8
       9
       9
       7
       6
       9
       6
       5
       9
       7
      14
      11
      12
       8
      13
      10
      10
      10
       8
       7
       4
      13
       3
       8
      11
       7
       7
      13
      11
      10
       7
       9
      12
      10
       8
      13
      11
      16
      21
      51
      70
     103
     234
     355
     555
     816
    1190
    1462
    1606
    1404
    1087
     722
     381
     184
      76
      25
      18
       2
       6
      10
       9
       2
       3
       9
       5
      10
       6
       6
       8
       8
       8
       6
       9
       8
       5
       9
       6
       6
       4
       6
       4
       5
       7
       8
       3
       5
       7
       6
       5
       6
       3
       2
       8
       7
       9
       8
       2
       9
       4
       4
      12
       7
       4
       5
       6
       5
       5
       8
       5
       9
       4
       4
       6
       6
       1
       6
       3
       3
       4
       6
       5
       5
       9
       2
       4
       8
       6
       2
       4
       5
      10
       4
       6
       5
       8
       4
       3
       5
       9
       3
       4
       7
       3
       8
       5
      11
       6
       4
       6
       7
       3
       9
       2
       4
       6
       9
       4
       5
      10
       4
       3
       5
       4
       6
       3
       5
       5
       4
       4
       4
       3
       2
       4
       4
       3
       5
       3
       6
       2
       4
       4
       6
       5
       3
       5
       9
       5
       6
       6
       8
       4
       6
       6
       2
       7
       3
       7
       6
       5
       3
       7
       3
       3
       7
       3
      10
       7
       7
       3
       7
       4
       7
       2
       3
       3
       6
       4
       3
       3
       3
       3
       7
       6
       1
       2
       9
       7
       7
       4
       4
       8
       4
       6
       4
       5
       5
       4
       4
       5
       2
       7
       3
       7
      10
       8
       2
       4
       2
       4
       4
       7
       1
       5
       2
      10
       3
       5
       8
       6
       5
       5
       7
       2
       7
       5
       5
       7
       4
       1
       4
       3
       3
       4
       4
       5
       3
       3
       4
       2
       4
       6
       6
       1
       3
       0
       5
       5
       5
       5
       6
       6
       5
       5
       4
       3
       3
       7
       5
       6
       4
       3
       2
       2
       2
       3
       2
       4
       2
       6
       3
       4
       3
       0
       7
       7
       2
       4
       3
       4
       2
       4
       5
       2
       1
       3
       8
       5
       2
       3
       2
       7
       5
       4
       2
       5
       4
       3
       4
       3
       7
       2
       6
       4
       4
       3
       4
       4
       4
       4
       6
       5
       3
       3
       6
       4
       6
       7
       4
       5
       4
       6
       6
       3
       2
       3
       6
       3
       4
       5
      12
       4
       5
       3
       4
       3
       4
       8
       7
       1
       6
       1
       4
       0
       5
       6
       6
       1
       2
       4
       1
       3
       4
       0
       2
       3
       6
       6
       4
       7
       3
       0
       2
       6
       4
       5
       5
       4
       2
       1
       3
       5
       7
       1
       3
       3
       3
      14
       2
       2
       2
       3
       5
       4
       0
       6
       3
       3
       3
       4
       3
       3
       5
       4
       4
       3
       5
       6
       6
       5
       3
       6
       4
       5
       2
       0
       6
       3
       1
       5
       1
       8
       2
       4
       3
       3
       3
       3
       4
       5
       4
       8
       5
       4
       4
       2
       1
       4
      10
       4
       1
       4
       6
       4
       4
       5
       3
       1
       3
       3
       6
       5
       5
       5
       7
       8
      15
       5
       7
       4
       6
       2
       3
       3
       4
       2
       5
       1
       7
       3
       3
       2
       2
       3
       2
       1
       6
       5
       6
       4
       4
       4
       5
       5
       2
       4
       5
       4
       2
       7
       3
       5
       3
       5
       5
       1
       4
       5
       1
       5
       3
       6
       1
       6
       4
       4
       3
       1
       4
       5
       5
       4
       3
       3
       4
       5
       5
       4
       1
       4
       4
       2
       0
       3
       5
       2
       4
       1
       3
       1
       5
       5
       6
       3
       1
       4
       2
       4
       4
       6
       5
       7
       3
       2
       2
       2
       1
       2
       2
       3
       2
       1
       5
       3
       7
       4
       8
       3
       4
       4
      12
       6
       4
       0
       7
       5
       9
       3
      12
      16
      27
      36
      55
      86
     105
     133
     138
     136
     110
     107
      65
      42
      24
      15
       6
       2
       4
       3
       3
       1
       7
       6
       8
       2
       4
       6
       2
       5
       4
       6
       1
       5
       5
       1
       0
       8
       3
       0
       5
       5
       5
       0
       6
       5
       4
       4
       3
       2
       4
       2
       2
       2
       2
       3
       5
       2
       2
       3
       2
       3
       2
       7
       3
       6
       0
       5
       2
       1
       1
       3
       3
       4
       1
       2
       3
       7
       5
       4
       3
       4
       2
       9
       5
       3
       1
       4
       5
       2
       3
       2
       5
       1
       1
       2
       5
       4
       5
       5
       3
       4
       1
       3
       4
       0
       9
       5
       5
       1
       3
       3
       6
       7
       7
       2
       2
       2
       3
       5
       3
       1
       1
       5
       6
       4
       1
       2
       3
       0
       3
       1
       3
       4
       2
       2
       4
       4
       4
       4
       5
       5
       5
       7
       2
       2
       4
       2
       1
       4
       5
       4
       2
       4
       7
       4
       1
       1
       3
       3
       2
       1
       5
       5
       4
       2
       3
       3
       2
       4
       1
       4
       5
       1
       7
       4
       0
       2
       1
       5
       3
       2
       3
       1
       4
       3
       1
       2
       6
       2
       2
       2
       2
       3
       3
       3
       6
       1
       2
       2
       1
       3
       2
       6
       2
       3
       3
       2
       2
       1
       3
       3
       1
       3
       3
       1
       3
       2
       4
       5
       6
       2
       6
       2
       7
       4
       3
       3
       5
       5
       3
       3
       1
       1
       2
       4
       2
       1
       6
       1
       2
       2
       6
       3
       2
       6
       6
      12
       8
      12
       4
       8
      10
       7
      14
      11
       5
       7
       2
       7
       2
       1
       3
       3
       3
       7
       6
       2
       1
       4
       4
       4
       3
       2
       1
       3
       3
       5
       5
       3
       2
       6
       4
       4
       5
       4
       3
       4
       5
       2
       5
       4
       7
       4
       3
       2
       1
       2
       2
       3
       3
       3
       4
       4
       2
       1
       3
       3
       1
       6
       2
       3
       2
       3
       1
       4
       2
       6
       4
       1
       4
       3
       1
       4
       2
       6
       3
       1
       7
       0
       2
       5
       1
       5
       6
       1
       2
       2
       0
       2
       2
       4
       4
       4
       3
       1
       1
       5
       2
       2
       2
       4
       5
       1
       6
       2
       2
       2
       4
       3
       4
       1
       3
       0
       1
       2
       4
       2
       2
       3
       1
       2
       2
       1
       3
       3
       1
       3
       5
       1
       1
       3
       2
       4
       3
       7
       2
       2
       3
       3
       1
       2
       2
       6
       3
       6
       4
       2
       1
       6
       2
       1
       3
       5
       1
       4
       1
       0
       2
       2
       3
       2
       3
       4
       2
       4
       3
       1
       4
       2
       2
       1
       3
       2
       1
       1
       5
       2
       2
       1
       2
       3
       2
       2
       4
       3
       2
       2
       1
       0
       3
       4
       5
       3
       1
       1
       1
       3
       2
       5
       6
       2
       3
       4
       4
       4
       5
       4
       4
       5
       3
       2
       2
       3
       6
       6
       4
       2
       4
       4
       3
       2
       1
       4
       3
       1
       2
       5
       5
       1
       7
       5
       4
       1
       6
       0
       3
       2
       0
       2
       6
       3
       2
       3
       1
       4
       1
       0
       6
       0
       2
       3
       4
       4
       1
       3
       6
       5
       0
       2
       4
       3
       4
       2
       2
       2
       2
       4
       2
       3
       4
       4
       1
       5
       2
       2
       2
       1
       4
       2
       4
       5
       1
       5
       2
       1
       3
       3
       6
       3
       3
       1
       2
       0
       4
       1
       1
       2
       2
       6
       2
       5
       2
       4
       2
       2
       1
       1
       3
       3
       2
       4
       1
       4
       5
       3
       2
       4
       4
       4
       4
       2
       3
       1
       1
       2
       5
       4
       1
       2
       1
       2
       1
       2
       2
       1
       2
       8
       1
       1
       3
       4
       3
       0
       6
       2
       3
       5
       5
       5
       2
       0
       4
       3
       2
       0
       3
       4
       5
       3
       3
       3
       3
       3
       1
       4
       8
       4
       7
       3
       4
       2
       3
       2
       1
       1
       3
       3
       0
       3
       2
       6
       2
       6
       4
       4
       5
       9
       8
       7
      10
      11
      11
      19
      27
      37
      35
      29
      36
      24
      13
       8
       4
       2
       5
       2
       2
       3
       2
       1
       3
       6
       4
       3
       4
       6
       3
       7
       4
       4
       5
       3
       0
       3
       2
       4
       3
       7
       5
       4
       3
       4
       2
       2
       7
       2
       6
       0
       2
       2
       5
       8
       4
       1
       5
       0
       6
       7
       1
       4
       2
       5
       3
       3
       2
       3
       2
       1
       1
       6
       6
       4
       3
       2
       1
       1
       4
       1
       3
       4
       4
       2
       3
       3
       2
       3
       7
       4
       2
       6
       1
       4
       4
       3
       4
       2
       8
       3
       6
       2
       1
       3
       4
       6
       6
       1
       2
       6
       5
       2
       0
       1
       3
       1
       3
       3
       3
       2
       1
       2
       3
       2
       2
       4
       3
       2
       4
       4
       6
       2
       3
       9
       1
       4
       4
       2
       2
       2
       2
       2
       4
       6
       5
       1
       5
       2
       4
       3
       3
       2
       3
       3
       3
       2
       3
       6
       2
       4
       4
       3
       2
       5
       5
       1
       4
       2
       4
       6
       4
       3
       2
       5
       3
       2
       3
       2
       4
       1
       4
       3
       2
       2
       2
       2
       1
       2
       2
       3
       6
       3
       3
       4
       7
       3
       2
       5
       7
       3
       5
       3
       4
       5
       1
       6
       2
       2
       2
       6
       4
       3
       4
       2
       2
       5
       5
       5
       6
       4
       2
       2
       4
       5
       5
       3
       4
       2
       6
       3
       1
       8
       4
       5
       7
       5
       4
       4
       4
       1
       3
       1
       2
       4
       6
       5
       3
       6
       2
       5
       4
       6
       9
       5
       7
       4
       2
       6
       4
       1
       4
       2
       8
       2
       5
       3
       6
       1
       4
       5
       5
       6
       2
       5
       1
       5
       3
       2
       3
       3
       3
       3
       8
       4
       5
       2
       7
       1
       5
       1
       2
       9
       3
       3
       6
       4
       1
       7
       3
       5
       3
       3
       5
       5
       3
       5
       3
       3
       6
       3
       3
       3
       3
       1
       4
       3
       3
       4
       3
       3
       8
       5
       3
       3
       4
       5
       4
       2
       1
       7
       5
       2
       5
       6
       8
       2
       4
       4
       4
       5
       2
       4
       2
       3
       1
       6
       5
       1
       5
       4
       4
       4
       6
       3
       3
       4
       5
       3
       3
       2
       4
       3
       6
       6
       4
       1
       2
       1
       2
       5
       4
       2
       1
       4
       3
       3
       2
       1
       1
       3
       3
       5
       4
       2
       3
       2
       0
       1
       1
       1
       4
       3
       5
       3
       1
       3
       5
       4
       6
       1
       3
       0
       2
       3
       3
       2
       1
       3
       2
       2
       3
       4
       1
       1
       1
       1
       1
       3
       3
       4
       2
       1
       2
       1
       5
       0
       2
       3
       4
       1
       5
       2
       3
       4
       2
       4
       4
       1
       6
       3
       1
       1
       5
       1
       3
       2
       2
       2
       5
       2
       3
       1
       2
       2
       2
       1
       3
       2
       5
       4
       3
       3
       1
       0
       2
       0
       2
       4
       1
       1
       1
       6
       8
       0
       4
       2
       4
       3
       6
       1
       5
       5
       1
       4
       1
       2
       1
       1
       4
       3
       3
       2
       1
       2
       6
       3
       3
       2
       1
       3
       2
       4
       4
       1
       3
       1
       1
       1
       2
       5
       3
       2
       0
       2
       6
       2
       3
       3
       2
       1
       2
       2
       2
       1
       0
       5
       2
       5
       4
       1
       1
       1
       2
       2
       3
       1
       7
       1
       1
       1
       1
       3
       1
       0
       3
       1
       2
       6
       3
       1
       1
       1
       2
       4
       1
       1
       1
       3
       2
       1
       1
       3
       2
       2
       2
       4
       2
       0
       3
       0
       3
       1
       3
       1
       0
       5
       2
       1
       1
       5
       2
       4
       0
       1
       1
       1
       1
       1
       0
       1
       1
       1
       4
       2
       1
       1
       1
       0
       1
       0
       1
       2
       1
       2
       4
       2
       3
       1
       0
       2
       1
       1
       2
       2
       3
       3
       0
       1
       1
       0
       1
       2
       0
       0
       3
       2
       3
       2
       0
       5
       2
       0
       2
       0
       2
       2
       1
       0
       2
       1
       0
       2
       1
       2
       0
       0
       2
       4
       1
       1
       2
       1
       1
       3
       4
       2
       3
       3
       4
       2
       1
       2
       0
       1
       3
       2
       2
       1
       0
       0
       1
       0
       0
       2
       1
       0
       2
       2
       3
       1
       1
       2
       0
       1
       0
       1
       3
       1
       0
       3
       0
       1
       0
       1
       1
       0
       0
       2
       2
       1
       2
       2
       0
       2
       1
       1
       1
       3
       2
       2
       2
       4
       1
       1
       0
       1
       0
       0
       1
       1
       0
       3
       0
       1
       0
       0
       2
       2
       1
       1
       0
       1
       0
       0
       0
       0
       0
       0
       3
       2
       1
       1
       1
       0
       1
       0
       1
       3
       2
       0
       1
       1
       0
       0
       1
       0
       2
       2
       2
       1
       0
       0
       0
       2
       0
       1
       2
       3
       0
       0
       0
       3
       2
       1
       0
       1
       1
       0
       3
       0
       1
       1
       2
       0
       1
       0
       0
       1
       1
       0
       1
       0
       1
       1
       1
       2
       2
       3
       2
       1
       1
       1
       1
       0
       2
       0
       0
       2
       0
       0
       0
       0
       0
       0
       1
       1
       0
       1
       2
       0
       1
       2
       0
       1
       0
       0
       0
       1
       0
       0
       0
       1
       0
       1
       0
       0
       0
       0
       0
       0
       1
       0
       0
       0
       0
       0
       3
       3
       1
       0
       1
       0
       2
       1
       1
       0
       0
       0
       0
       2
       0
       0
       2
       1
       0
       1
       0
       2
       0
       1
       0
       2
       1
       1
       1
       2
       0
       1
       1
       0
       0
       1
       0
       0
       2
       1
       1
       1
       1
       0
       0
       0
       0
       1
       0
       0
       0
       2
       2
       1
       1
       0
       0
       0
       2
       1
       2
       0
       1
       2
       1
       2
       0
       1
       0
       1
       1
       0
       1
       4
       1
       3
       0
       0
       3
       3
       0
       0
       2
       0
       1
       1
       3
       6
       6
      10
      25
      20
      23
      35
      44
      71
      85
     130
     129
     123
     122
     129
     104
      76
      55
      33
      18
      14
       8
       7
       4
       1
       1
       0
       0
       1
       1
       1
       2
       0
       1
       0
       0
       0
       0
       0
       1
       0
       0
       0
       1
       1
       0
       0
       0
       1
       1
       1
       1
       1
       1
       2
       1
       0
       0
       1
       0
       0
       2
       0
       1
       0
       1
       1
       0
       0
       0
       1
       0
       0
       0
       0
       0
       1
       0
       0
       0
       0
       2
       0
       1
       1
       1
       1
       0
       0
       0
       1
       0
       1
       0
       0
       1
       3
       0
       1
       1
       1
       2
       0
       0
       0
       1
       0
       1
       1
       0
       2
       0
       2
       0
       0
       1
       3
       1
       1
       2
       0
       0
       0
       1
       2
       1
       0
       1
       1
       0
       1
       0
       0
       2
       1
       0
       0
       1
       0
       2
       2
       1
       2
       0
       0
       0
       1
       0
       0
       0
       1
       1
       0
       0
       2
       1
       0
       0
       0
       1
       1
       0
       0
       0
       0
       0
       1
       0
       1
       0
       0
       0
       1
       0
       0
       1
       1
       0
       1
       0
       0
       0
       0
       0
       0
       0
       0
       0
       0
       0
       0
       1
       1
       2
       0
       1
       1
       0
       0
       1
       1
       0
       0
       1
       0
       0
       0
       0
       0
       0
       0
       1
       0
       0
       0
       0
       0
       1
       0
       1
       0
       0
       0
       1
       1
       0
       1
       1
       0
       2
       0
       0
       0
       1
       0
       0
       1
       0
       0
       0
       0
       0
       0
       0
       1
       0
       1
       0
       0
       0
       1
       0
       1
       1
       2
       1
       1
       0
       1
       0
       0
       2
       0
       1
       0
       0
       0
       0
       0
       1
       1
       1
       0
       0
       0
       1
       0
       0
       0
       0
       0
       1
       0
       0
       1
       0
       0
       0
       0
       0
       0
       1
       1
       2
       0
       0
       0
       3
       0
       0
       1
       3
       1
       1
       2
       0
       0
       1
       0
       1
       0
       1
       0
       0
       0
       0
       1
       0
       2
       2
       1
       0
       1
       1
       1
       1
       0
       1
       0
       1
       0
       0
       0
       1
       2
       0
       0
       1
       1
       1
       0
       0
       0
       0
       1
       0
       1
       1
       0
       0
       0
       0
       2
       1
       0
       1
       1
       2
       1
       1
       1
       0
       0
       1
       0
       0
       0
       0
       0
       2
       0
       3
       0
       0
       0
       0
       1
       0
       1
       0
       2
       0
       1
       0
       2
       1
       1
       0
       0
       0
       1
       0
       1
       1
       1
       1
       0
       0
       1
       0
       0
       1
       1
       1
       1
       0
       0
       1
       1
       2
       1
       1
       1
       0
       1
       1
       0
       1
       0
       1
       0
       1
       2
       3
       0
       1
       2
       0
       1
       1
       0
       0
       1
       1
       1
       2
       1
       0
       0
       2
       0
       2
       1
       0
       1
       0
       1
       0
       1
       0
       0
       1
       0
       0
       1
       0
       1
       2
       0
       0
       1
       0
       0
       0
       2
       0
       0
       1
       0
       0
       0
       0
       1
       1
       0
       1
       0
       0
       1
       1
       0
       1
       0
       0
       2
       0
       0
       0
       0
       0
       0
       0
       1
       0
       0
       0
       1
       0
       0
       1
       0
       0
       0
       1
       0
       0
       1
       1
       0
       1
       0
       1
       0
       0
       0
       0
       3
       0
       0
       1
       1
       0
       2
       0
       0
       1
       1
       0
       1
       1
       0
       0
       1
       0
       0
       0
       0
       1
       0
       1
       0
       0
       0
       1
       0
       0
       0
       0
       0
       1
       0
       1
       0
       0
       1
       0
       0
       2
       1
       1
       0
       0
       0
       0
       0
       0
       0
       0
       1
       1
       0
       0
       0
       1
       1
       0
       0
       0
       1
       2
       0
       0
       1
       0
       0
       0
       0
       0
       0
       0
       0
       1
       0
       0
       0
       0
       0
       0
       1
       1
       2
       1
       0
       1
       0
       2
       0
       2
       1
       1
       0
       0
       0
       1
       0
       0
       0
       0
       0
       1
       1
       0
       0
       1
       3
       1
       0
       1
       3
       0
       0
       1
       2
       1
       0
       2
       0
       0
       1
       1
       1
       0
       0
       0
       1
       0
       0
       0
       2
       1
       0
       0
       1
       1
       1
       0
       0
       1
       1
       0
       0
       0
       0
       2
       1
       2
       0
       1
       1
       1
       0
       0
       0
       0
       2
       0
       2
       1
       0
       0
       0
       0
       0
       0
       0
       0
       1
       0
       0
       0
       0
       0
       1
       0
       0
       0
       0
       1
       1
       0
       0
       0
       0
       1
       1
       1
       1
       2
       0
       4
       0
       0
       1
       0
       0
       1
       0
       0
       0
       0
       0
       0
       1
       1
       0
       0
       1
       0
       0
       0
       1
       0
       0
       3
       2
       1
       0
       4
       1
       0
       1
       1
       0
       0
       0
       2
       0
       0
       0
       0
       3
       0
       0
       1
       0
       1
       0
       0
       0
       0
       0
       0
       0
       0
       1
       1
       0
       0
       1
       0
       0
       1
       0
       0
       0
       0
       0
       2
       0
       1
       1
       0
       2
       1
       0
       1
       0
       0
       1
       0
       1
       0
       0
       0
       1
       0
       0
       0
       0
       0
       0
       1
       0
       1
       0
       0
       0
       1
       1
       1
       0
       1
       1
       0
       0
       1
       0
       0
       0
       0
       0
       1
       1
       1
       0
       1
       0
       1
       0
       1
       1
       1
       0
       0
       0
       0
       2
       0
       0
       2
       0
       2
       0
       0
       0
       1
       1
       0
       0
       0
       0
       0
       0
       0
       0
       0
       0
       0
       0
       1
       0
       0
       1
       0
       0
       0
       0
       0
       0
       0
       0
       0
       0
       0
       0
       1
       0
       0
       0
       1
       0
       0
       0
       0
       0
       1
       0
       1
       0
       0
       0
       0
       0
       0
       0
       0
       0
       0
       2
       2
       0
       1
       1
       1
       0
       2
       0
       1
       0
       1
       1
       0
       0
       2
       0
       0
       0
       1
       0
       0
       1
       0
       0
       0
       0
       2
       0
       0
       0
       1
       1
       1
       0
       1
       1
       0
       0
       1
       0
       0
       0
       1
       0
       0
       0
       0
       2
       1
       0
       0
       0
       0
       1
       0
       0
       0
       0
       0
       0
       0
       1
       0
       1
       1
       0
       0
       1
       0
       1
       0
       0
       0
       0
       1
       0
       2
       0
       1
       0
       0
       0
       0
       0
       2
       0
       1
       1
       1
       0
       0
       0
       0
       0
       0
       0
       0
       0
       2
       0
       3
       1
       0
       0
       0
       0
       0
       0
       0
       1
       0
       1
       1
       1
       0
       0
       0
       0
       0
       1
       0
       0
       1
       0
       1
       0
       1
       0
       0
       0
       0
       1
       0
       0
       0
       0
       1
       0
       0
       1
       0
       0
       0
       0
       0
       0
       0
       0
       1
       0
       1
       0
       0
       0
       1
       0
       0
       0
       0
       0
       1
       0
       2
       2
       0
       0
       1
       2
       1
       1
       0
       0
       0
       0
       1
       1
       0
       2
       0
       0
       1
       1
       0
       0
       2
       1
       1
       0
       0
       1
       0
       0
       2
       2
       0
       0
       0
       0
       0
       1
       0
       2
       1
       2
       1
       1
       0
       1
       0
       0
       0
       0
       0
       0
       0
       0
       1
       1
       0
       1
       0
       0
       0
       0
       0
       0
       1
       0
       1
       1
       0
       0
       0
       1
       0
       0
       1
       1
       0
       1
       0
       0
       0
       1
       0
       0
       0
       0
       0
       0
       0
       0
       0
       0
       0
       0
       1
       0
       0
       0
       0
       0
       1
       0
       2
       1
       0
       0
       0
       1
       0
       0
       0
       0
       0
       0
       0
       2
       1
       2
       0
       0
       0
       0
       0
       0
       0
       1
       0
       0
       0
       0
       0
       0
       0
       0
       1
       1
       1
       1
       0
       1
       1
       0
       0
       0
       0
       0
       0
       0
       0
       0
       0
       0
       1
       0
       0
       1
       1
       0
       1
       1
       0
       0
       0
       0
       0
       0
       1
       0
       0
       2
       0
       0
       0
       0
       1
       1
       0
       0
       0
       1
       0
       2
       0
       0
       0
       0
       1
       0
       0
       0
       0
       0
       0
       0
       2
       0
       0
       0
       0
       0
       1
       0
       1
       0
       0
       2
       0
       0
       0
       1
       0
       0
       0
       1
       0
       0
       2
       1
       1
       0
       0
       0
       0
       1
       1
       1
       0
       0
       0
       1
       0
       0
       0
       0
       0
       0
       1
       1
       0
       0
       0
       0
       0
       0
       1
       0
       1
       0
       1
       0
       1
       1
       0
       0
       1
       0
       3
       6
       2
       0
       3
       2
       1
       3
       2
       3
       1
       0
       0
       1
       1
       0
       1
       0
       1
       0
       0
       0
       0
       0
       0
       0
       0
       0
       0
       0
       1
       0
       0
       2
       0
       0
       0
       0
       0
       0
       0
       0
       1
       0
       0
       0
       0
       0
       0
       0
       0
       0
       0
       0
       0
       0
       1
       0
       0
       0
       0
       0
       0
       0
       0
       0
       0
       0
       0
       0
       0
       0
       0
       1
       0
       0
       0
       1
       0
       1
       1
       0
       0
       0
       0
       0
       1
       0
       0
       0
       0
       0
       0
       0
       0
       0
       0
       0
       0
       0
       0
       0
       0
       1
       1
       1
       0
       0
       0
       0
       2
       1
       0
       0
       0
       0
       0
       1
       0
       0
       0
       2
       0
       0
       0
       0
       1
       0
       0
       0
       0
       0
       0
       0
       0
       1
       0
       0
       2
       1
       1
       0
       0
       0
       0
       0
       1
       0
       0
       0
       0
       0
       0
       0
       1
       0
       0
       1
       1
       0
       0
       0
       0
       0
       1
       1
       1
       0
       1
       0
       1
       0
       1
       0
       0
       0
       0
       0
       3
       0
       0
       0
       0
       0
       0
       1
       0
       0
       0
       0
       0
       0
       0
       0
       0
       0
       0
       0
       0
       1
       2
       0
       1
       0
       1
       0
       1
       0
       0
       0
       0
       0
       0
       1
       1
       0
       1
       0
       0
       0
       0
       0
       0
       0
       0
       0
       0
       0
       0
       1
       0
       0
       0
       1
       0
       1
       0
       0
       0
       0
       1
       1
       0
       1
       0
       0
       0
       0
       1
       2
       0
       0
       0
       0
       0
       1
       0
       0
       0
       0
       0
       1
       0
       0
       1
       0
       0
       0
       1
       1
       0
       1
       1
       0
       0
       0
       0
       1
       0
       2
       0
       0
       0
       1
       1
       0
       0
       2
       0
       0
       0
       0
       0
       0
       1
       0
       0
       0
       0
       0
       0
       0
       0
       0
       0
       0
       0
       0
       1
       0
       0
       0
       0
       0
       0
       0
       0
       0
       0
       0
       0
       0
       1
       0
       0
       0
       0
       1
       0
       0
       3
       1
       0
       0
       1
       1
       0
       0
       1
       0
       1
       1
       0
       0
       0
       0
       0
       0
       0
       0
       0
       2
       1
       0
       2
       0
       1
       1
       0
       3
       0
       1
       0
       0
       0
       0
       1
       0
       0
       0
       0
       0
       1
       0
       0
       0
       0
       1
       0
       0
       0
       1
       0
       0
       0
       3
       0
       1
       0
       0
       1
       1
       0
       0
       0
       1
       0
       0
       0
       1
       1
       0
       0
       1
       0
       1
       1
       0
       0
       1
       0
       0
       0
       0
       2
       1
       0
       0
       0
       1
       0
       0
       1
       1
       0
       0
       1
       0
       0
       0
       1
       0
       1
       1
       0
       0
       0
       0
       0
       1
       1
       0
       0
       0
       1
       0
       0
       0
       0
       0
       0
       0
       0
       0
       0
       1
       1
       0
       1
       0
       0
       0
       1
       1
       0
       1
       0
       0
       0
       0
       0
       0
       0
       2
       0
       1
       0
       0
       0
       1
       0
       0
       0
       0
       0
       0
       1
       0
       0
       0
       0
       1
       0
       0
       2
       0
       0
       0
       0
       0
       0
       1
       0
       0
       1
       1
       0
       0
       0
       2
       0
       1
       1
       0
       0
       0
       0
       1
       0
       1
       0
       0
       0
       0
       0
       0
       2
       0
       0
       0
       0
       2
       1
       0
       0
       0
       2
       0
       0
       1
       0
       0
       0
       2
       0
       0
       0
       1
       0
       2
       0
       0
       1
       0
       0
       0
       0
       0
       0
       1
       0
       0
       1
       0
       2
       0
       1
       1
       1
       1
       0
       0
       1
       0
       0
       0
       0
       0
       0
       2
       0
       0
       0
       0
       0
       0
       0
       1
       0
       0
       1
       0
       0
       1
       0
       0
       0
       2
       0
       1
       0
       0
       0
       0
       1
       0
       0
       0
       0
       0
       0
       0
       0
       0
       0
       1
       0
       1
       0
       0
       1
       1
       0
       1
       0
       0
       1
       1
       0
       2
       1
       0
       0
       0
       0
       0
       1
       0
       0
       0
       1
       0
       1
       0
       1
       0
       1
       0
       1
       0
       1
       2
       0
       0
       0
       0
       0
       0
       0
       0
       0
       1
       0
       0
       0
       0
       0
       0
       1
       0
       1
       2
       0
       0
       0
       0
       0
       0
       0
       0
       0
       0
       1
       0
       1
       1
       0
       0
       0
       0
       0
       0
       1
       0
       0
       0
       1
       0
       0
       0
       1
       1
       0
       0
       1
       0
       0
       1
       0
       0
       0
       0
       0
       0
       0
       0
       0
       0
       0
       0
       0
       0
       0
       0
       1
       1
       2
       1
       0
       0
       0
       0
       0
       0
       0
       0
       0
       0
       0
       0
       0
       0
       1
       0
       0
       0
       0
       1
       0
       1
       0
       0
       0
       0
       1
       0
       0
       0
       0
       0
       0
       0
       0
       0
       0
       1
       0
       0
       1
       1
       0
       0
       1
       0
       2
       0
       1
       0
       0
       0
       1
       0
       0
       0
       0
       2
       1
       0
       0
       1
       0
       0
       1
       0
       0
       1
       0
       0
       0
       0
       0
       0
       0
       0
       0
       1
       0
       0
       0
       1
       0
       1
       0
       0
       1
       0
       0
       0
       0
       2
       0
       2
       0
       2
       0
       0
       1
       0
       2
       0
       0
       0
       2
       1
       0
       0
       0
       3
       0
       0
       0
       1
       1
       0
       0
       0
       1
       0
       0
       0
       1
       0
       0
       0
       0
       0
       0
       2
       0
       0
       0
       1
       0
       1
       0
       0
       0
       0
       2
       1
       1
       1
       0
       0
       1
       0
       0
       0
       0
       0
       0
       0
       1
       0
       2
       0
       0
       0
       0
       0
       1
       1
       0
       0
       0
       1
       2
       0
       0
       1
       0
       1
       0
       1
       2
       0
       0
       0
       0
       0
       0
       0
       0
       0
       0
       0
       1
       0
       0
       0
       1
       0
       0
       1
       0
       1
       0
       0
       0
       0
       1
       0
       0
       0
       1
       0
       0
       1
       2
       0
       0
       0
       0
       1
       0
       0
       0
       1
       1
       0
       0
       0
       0
       0
       0
       0
       0
       0
       0
       0
       0
       1
       0
       0
       0
       0
       0
       0
       0
       0
       0
       0
       0
       2
       0
       0
       0
       0
       1
       0
       0
       1
       0
       0
       0
       1
       0
       1
       0
       0
       1
       1
       1
       0
       0
       0
       0
       0
       0
       0
       0
       1
       0
       0
       1
       0
       0
       1
       0
       0
       0
       1
       0
       1
       0
       0
       0
       0
       0
       0
       0
       0
       0
       0
       0
       2
       0
       0
       1
       0
       0
       0
       0
       0
       0
       0
       1
       0
       0
       0
       1
       1
       1
       0
       0
       0
       1
       0
       1
       0
       0
       0
       0
       0
       1
       0
       0
       0
       0
       0
       0
       1
       0
       1
       0
       0
       0
       0
       0
       0
       0
       1
       0
       0
       1
       0
       0
       1
       0
       1
       0
       0
       0
       0
       0
       0
       0
       0
       1
       0
       0
       1
       0
       0
       0
       0
       0
       0
       0
       0
       0
       0
       1
       0
       0
       1
       0
       2
       0
       0
       0
       0
       1
       1
       1
       0
       0
       0
       0
       0
       0
       0
       0
       1
       0
       0
       0
       0
       0
       0
       0
       0
       0
       0
       0
       0
       0
       1
       0
       0
       0
       2
       1
       0
       0
       0
       0
       0
       0
       0
       0
       0
       0
       0
       0
       0
       0
       0
       0
       0
       0
       0
       0
       0
       0
       0
       0
       0
       0
       1
       1
       1
       1
       1
       0
       0
       0
       1
       0
       0
       1
       0
       0
       1
       0
       0
       0
       0
       0
       0
       0
       0
       0
       1
       0
       0
       0
       0
       2
       0
       1
       0
       0
       0
       0
       0
       0
       2
       1
       1
       0
       0
       0
       1
       0
       0
       0
       0
       0
       1
       1
       0
       0
       0
       0
       1
       0
       1
       0
       0
       0
       0
       0
       0
       0
       1
       0
       1
       0
       0
       0
       0
       0
       0
       0
       0
       0
       0
       0
       0
       0
       0
       1
       0
       0
       0
       0
       0
       0
       0
       0
       0
       0
       0
       0
       0
       0
       0
       0
       0
       0
       0
       0
       0
       0
       0
       0
       0
       0
       0
       0
       0
       0
       0
       0
       0
       0
       0
       0
       0
       0
       0
       0
       0
       0
       0
       0
       0
       0
       0
       0
       0
       0
       0
       0
       0
       0
       0
       0
       0
       0
       0
       0
       0
       0
       0
       0
       0
       0
       0
       0
       0
       0
       0
       0
       0
       0
       0
       0
       0
       0
       0
       0
       0
       0
       0
       0
       0
       0
       0
       0
       0
       0
       0
       0
       0
       0
       0
       0
       0
       0
       0
       0
       0
       0
       0
       0
       0
       0
       0
       0
       0
       0
       0
       0
       0
       0
       0
       0
       0
       0
       0
       0
       0
       0
       0
       0
       0
       0
       0
       0
       0
       0
       0
       0
$ROI:
2
871 887
3357 3383
$PRESETS:
None
0
0
$ENER_FIT:
0.348875 0.383619
$MCA_CAL:
3
3.488746E-001 3.836186E-001 4.077577E-008 keV
$SHAPE_CAL:
3
2.362651E+000 1.700768E-003 -9.923860E-008
