$SPEC_ID:
Pulser
$SPEC_REM:
DET# 2
DETDESC# DETECTOR 2
AP# GammaVision Version 7.01.03
$DATE_MEA:
03/26/2017 11:01:25
$MEAS_TIM:
1154 1161
$DATA:
0 8191
       0
       0
       0
       0
       0
       0
       0
       0
       0
       0
       0
       0
       0
       0
       0
       0
       0
       0
       0
       0
       0
       0
       0
      17
     976
     943
     546
     462
     419
     411
     445
     413
     447
     432
     448
     431
     480
     480
     466
     477
     512
     459
     515
     475
     458
     446
     472
     450
     471
     480
     488
     548
     533
     548
     615
     678
     748
     660
     580
     547
     521
     530
     519
     483
     508
     589
     621
     656
     620
     618
     670
     775
     754
     913
    1009
    1193
    1288
    1522
    2169
    3760
    6329
    7960
    6535
    3576
    1489
     804
     688
     627
     676
     729
    1165
    1726
    2061
    1859
    1386
     909
     611
     471
     460
     449
     429
     446
     392
     426
     436
     428
     419
     451
     456
     441
     429
     452
     413
     449
     476
     451
     447
     438
     435
     495
     479
     434
     420
     484
     480
     464
     481
     463
     451
     445
     459
     437
     504
     462
     464
     483
     503
     493
     491
     507
     526
     487
     537
     528
     509
     574
     513
     533
     534
     528
     554
     583
     554
     582
     541
     587
     561
     575
     611
     605
     589
     599
     569
     582
     610
     630
     602
     599
     586
     640
     628
     612
     635
     632
     639
     587
     629
     624
     633
     670
     708
     805
    1266
    1788
    2142
    1890
    1368
    1429
    2290
    3225
    3208
    2089
    1200
     679
     484
     549
     503
     546
     518
     554
     540
     577
     530
     538
     573
     527
     576
     537
     521
     577
     611
     694
     970
    1256
    1688
    1527
    1170
     858
     700
     732
     812
     874
     747
     593
     577
     523
     516
     512
     488
     531
     531
     570
     502
     560
     521
     540
     555
     535
     498
     536
     573
     527
     550
     535
     565
     507
     572
     533
     556
     537
     571
     556
     581
     544
     481
     561
     533
     539
     509
     514
     552
     569
     529
     546
     570
     522
     559
     557
     564
     564
     566
     611
     570
     550
     610
     550
     548
     547
     595
     582
     605
     600
     620
     564
     609
     614
     603
     619
     593
     584
     557
     639
     578
     586
     613
     550
     603
     633
     553
     586
     630
     655
     614
     629
     618
     578
     626
     598
     608
     630
     597
     624
     636
     626
     637
     615
     582
     634
     592
     627
     638
     658
     673
     639
     677
     600
     640
     651
     624
     634
     628
     608
     635
     641
     627
     624
     647
     624
     660
     639
     650
     612
     615
     640
     598
     634
     637
     635
     605
     624
     643
     634
     621
     645
     666
     629
     644
     634
     624
     639
     614
     636
     636
     593
     662
     619
     619
     648
     638
     623
     563
     670
     618
     605
     606
     564
     661
     623
     666
     650
     606
     630
     595
     606
     598
     643
     616
     638
     607
     629
     611
     634
     663
     619
     582
     633
     602
     636
     653
     664
     620
     590
     582
     608
     634
     621
     598
     609
     628
     665
     628
     642
     564
     641
     620
     618
     625
     570
     640
     574
     646
     577
     593
     594
     593
     612
     586
     643
     607
     585
     632
     560
     641
     627
     635
     635
     648
     615
     621
     624
     634
     588
     596
     614
     583
     552
     615
     591
     634
     635
     604
     622
     620
     590
     631
     585
     636
     638
     616
     630
     639
     675
     668
     646
     684
     687
     726
     703
     717
     716
     766
     769
     708
     795
     775
     735
     775
     746
     807
     785
     808
     814
     777
     822
     806
     781
     792
     803
     730
     741
     847
     748
     769
     771
     761
     812
     797
     777
     811
     796
     798
     792
     774
     795
     818
     774
     727
     802
     758
     749
     749
     797
     803
     727
     791
     816
     722
     739
     780
     780
     832
     778
     799
     755
     779
     774
     776
     760
     809
     769
     706
     746
     721
     789
     752
     746
     743
     782
     756
     726
     770
     756
     722
     763
     728
     784
     709
     695
     733
     753
     787
     724
     768
     775
     731
     720
     779
     738
     710
     696
     756
     714
     739
     696
     685
     691
     714
     693
     702
     684
     722
     681
     654
     687
     675
     700
     667
     665
     670
     638
     638
     707
     639
     650
     682
     658
     654
     663
     680
     703
     639
     648
     649
     642
     652
     701
     670
     659
     643
     705
     666
     670
     650
     629
     644
     683
     624
     663
     692
     612
     662
     643
     642
     610
     639
     635
     677
     620
     621
     650
     617
     647
     588
     628
     621
     611
     635
     583
     614
     593
     595
     620
     639
     591
     628
     590
     574
     622
     620
     569
     546
     607
     574
     608
     620
     598
     550
     535
     639
     554
     559
     559
     574
     630
     599
     568
     569
     560
     542
     521
     591
     558
     540
     540
     528
     536
     552
     516
     519
     508
     489
     518
     495
     511
     476
     505
     483
     474
     465
     503
     514
     489
     466
     476
     489
     470
     473
     482
     477
     481
     443
     460
     473
     467
     474
     452
     435
     458
     418
     457
     409
     433
     427
     434
     430
     438
     410
     419
     377
     412
     445
     404
     417
     408
     438
     398
     406
     394
     392
     423
     426
     437
     404
     406
     410
     423
     381
     400
     413
     360
     380
     442
     417
     373
     407
     390
     383
     393
     390
     365
     398
     397
     382
     369
     430
     371
     357
     389
     356
     371
     376
     359
     356
     346
     401
     348
     370
     395
     384
     376
     361
     355
     381
     354
     357
     330
     353
     359
     354
     357
     374
     356
     379
     372
     373
     373
     375
     348
     361
     346
     362
     337
     379
     338
     350
     350
     365
     359
     356
     383
     332
     347
     362
     377
     324
     319
     302
     364
     341
     332
     327
     328
     338
     364
     342
     342
     333
     362
     328
     320
     342
     311
     327
     330
     332
     330
     327
     353
     329
     324
     347
     367
     337
     340
     312
     313
     313
     306
     364
     329
     320
     347
     313
     329
     343
     301
     337
     330
     334
     321
     328
     324
     349
     335
     344
     327
     324
     324
     340
     350
     316
     319
     318
     340
     334
     321
     260
     318
     355
     369
     320
     310
     327
     303
     308
     294
     365
     313
     349
     298
     315
     336
     322
     320
     295
     330
     338
     321
     306
     325
     283
     334
     321
     323
     309
     323
     301
     344
     334
     315
     330
     304
     309
     295
     359
     338
     332
     320
     344
     303
     342
     309
     319
     348
     340
     321
     281
     333
     283
     289
     335
     334
     318
     333
     315
     335
     322
     327
     297
     279
     338
     308
     295
     304
     303
     301
     323
     317
     307
     292
     288
     305
     325
     310
     322
     300
     296
     339
     286
     298
     311
     322
     297
     333
     317
     288
     306
     318
     298
     298
     308
     310
     299
     340
     303
     296
     306
     328
     342
     291
     318
     301
     318
     345
     313
     346
     345
     335
     302
     325
     303
     304
     333
     325
     328
     348
     315
     305
     306
     352
     310
     322
     320
     326
     329
     325
     320
     334
     326
     333
     326
     334
     338
     323
     367
     336
     325
     349
     328
     325
     303
     341
     314
     316
     326
     305
     300
     322
     336
     329
     355
     355
     305
     345
     303
     315
     324
     330
     342
     328
     340
     335
     356
     338
     324
     334
     333
     319
     323
     363
     338
     321
     325
     325
     354
     326
     327
     336
     311
     341
     361
     378
     353
     347
     352
     338
     331
     335
     337
     368
     333
     342
     359
     351
     376
     398
     365
     346
     377
     402
     342
     375
     353
     338
     345
     317
     379
     384
     374
     348
     350
     410
     368
     369
     387
     379
     341
     378
     346
     360
     400
     386
     364
     367
     372
     332
     348
     373
     349
     345
     399
     399
     366
     366
     371
     385
     339
     403
     402
     409
     367
     383
     365
     372
     416
     354
     373
     390
     404
     386
     374
     422
     419
     424
     402
     404
     391
     375
     410
     404
     390
     392
     364
     397
     403
     425
     421
     408
     391
     378
     424
     430
     404
     401
     408
     427
     438
     393
     405
     389
     461
     414
     426
     413
     417
     388
     428
     378
     407
     411
     426
     419
     430
     447
     459
     434
     440
     433
     455
     441
     451
     430
     425
     409
     423
     430
     451
     407
     439
     428
     440
     431
     449
     415
     467
     431
     419
     432
     452
     432
     429
     415
     443
     407
     409
     436
     453
     435
     424
     444
     391
     425
     415
     389
     360
     423
     449
     427
     386
     395
     337
     381
     367
     363
     363
     328
     341
     345
     309
     319
     305
     340
     315
     295
     283
     282
     295
     263
     267
     269
     267
     257
     247
     249
     241
     273
     268
     245
     278
     271
     255
     230
     253
     232
     223
     261
     254
     261
     254
     230
     236
     250
     229
     230
     210
     236
     222
     237
     237
     225
     241
     227
     231
     235
     237
     193
     197
     201
     222
     209
     230
     229
     217
     212
     226
     211
     203
     214
     224
     203
     199
     189
     161
     196
     201
     181
     187
     208
     213
     210
     198
     192
     226
     194
     220
     205
     219
     193
     206
     187
     194
     215
     201
     183
     179
     173
     189
     187
     181
     193
     167
     200
     177
     175
     169
     164
     186
     161
     190
     158
     183
     147
     164
     176
     160
     186
     165
     180
     181
     158
     165
     146
     158
     175
     151
     141
     161
     135
     161
     158
     145
     154
     158
     146
     136
     169
     147
     133
     126
     155
     152
     130
     137
     139
     135
     133
     138
     137
     126
     125
     112
     129
     120
     121
     138
     130
     131
     124
     141
     133
     137
     118
     104
     116
     125
     114
     123
     123
     109
     118
     112
      99
     111
     103
     107
     115
     109
     113
     107
      97
     103
      95
     127
     108
     117
     116
     104
     112
     100
      91
     118
     108
      93
     106
      97
     110
      98
     105
      86
      95
     100
      88
      87
     110
      92
      98
      89
      84
      92
      82
      82
      69
      87
      94
      95
      94
      90
      89
      88
      84
      90
      91
      96
      59
      72
      79
      90
      79
      80
     104
      79
      77
      73
      83
      89
      64
      74
      88
      73
      93
      83
      80
      85
      91
      62
      86
      80
      83
      68
      76
      82
      81
      62
      76
      82
      74
      82
      75
      82
      74
      60
      71
      79
      72
      73
      83
      58
      66
      79
      82
      65
      76
      72
      83
      54
      69
      73
      61
      56
      66
      68
      66
      50
      77
      67
      69
      59
      59
      84
      60
      52
      55
      61
      63
      58
      64
      60
      76
      57
      74
      66
      63
      72
      64
      59
      71
      60
      57
      57
      43
      67
      69
      66
      58
      52
      60
      71
      79
      51
      60
      58
      65
      66
      56
      75
      66
      54
      59
      71
      52
      56
      63
      66
      60
      62
      73
      78
      59
      56
      53
      65
      53
      54
      61
      55
      64
      47
      66
      57
      54
      66
      55
      50
      63
      69
      47
      60
      64
      48
      74
      49
      61
      53
      71
      67
      59
      50
      49
      52
      53
      62
      66
      62
      61
      57
      56
      61
      58
      64
      75
      58
      58
      59
      75
      64
      54
      53
      73
      58
      63
      61
      43
      57
      62
      60
      61
      62
      55
      47
      64
      54
      60
      57
      77
      51
      61
      59
      53
      71
      58
      59
      66
      61
      59
      70
      69
      63
      64
      49
      60
      66
      61
      77
      65
      60
      64
      55
      59
      55
      59
      77
      67
      62
      55
      53
      46
      54
      57
      81
      73
      74
      73
      74
      76
      67
      54
      83
      74
      59
      68
      69
      70
      62
      86
      98
     134
     227
     397
     672
    1213
    1993
    3122
    4819
    7311
   10263
   13526
   15776
   16586
   16034
   13566
   10150
    6459
    3682
    1950
     908
     445
     187
      92
      56
      36
      41
      35
      31
      48
      35
      44
      24
      36
      44
      33
      50
      28
      35
      21
      33
      39
      44
      35
      33
      30
      48
      36
      52
      38
      31
      40
      38
      31
      30
      39
      31
      20
      32
      42
      40
      41
      28
      31
      29
      51
      46
      22
      42
      37
      45
      43
      33
      38
      44
      42
      39
      23
      33
      27
      42
      32
      42
      32
      27
      36
      36
      42
      35
      40
      32
      37
      32
      41
      41
      33
      48
      34
      35
      38
      43
      35
      34
      39
      40
      41
      24
      34
      36
      35
      32
      34
      26
      37
      38
      41
      34
      46
      39
      38
      34
      29
      34
      37
      28
      37
      33
      34
      28
      44
      39
      25
      41
      29
      40
      30
      40
      39
      44
      28
      32
      36
      31
      36
      25
      28
      45
      29
      38
      42
      41
      47
      48
      38
      40
      42
      37
      28
      37
      33
      23
      34
      40
      38
      37
      44
      32
      45
      32
      33
      33
      30
      32
      32
      30
      34
      30
      47
      30
      25
      38
      39
      32
      35
      35
      39
      39
      34
      45
      37
      43
      36
      38
      32
      38
      42
      30
      35
      43
      42
      32
      40
      25
      38
      25
      34
      35
      36
      44
      34
      37
      40
      29
      50
      38
      36
      31
      44
      45
      35
      36
      30
      35
      29
      24
      33
      43
      41
      39
      31
      37
      33
      36
      38
      33
      42
      39
      29
      34
      34
      36
      35
      30
      33
      34
      38
      28
      31
      28
      26
      33
      41
      37
      40
      36
      34
      35
      39
      44
      32
      51
      42
      41
      39
      28
      43
      29
      49
      30
      39
      46
      43
      36
      48
      48
      40
      51
      36
      39
      34
      52
      33
      31
      44
      44
      40
      29
      44
      36
      42
      46
      37
      27
      43
      35
      40
      41
      36
      40
      32
      24
      34
      37
      28
      41
      39
      36
      40
      43
      33
      46
      39
      41
      34
      45
      53
      28
      37
      46
      39
      45
      45
      44
      39
      39
      46
      38
      33
      37
      41
      42
      49
      41
      41
      37
      48
      32
      44
      45
      37
      38
      34
      49
      44
      36
      45
      44
      32
      30
      43
      34
      42
      25
      36
      42
      34
      40
      43
      33
      55
      38
      53
      40
      36
      38
      51
      48
      41
      40
      30
      41
      38
      55
      32
      49
      44
      28
      48
      38
      49
      46
      26
      51
      43
      42
      44
      57
      29
      36
      51
      49
      34
      44
      35
      41
      37
      44
      39
      49
      44
      47
      40
      36
      47
      42
      47
      53
      33
      46
      36
      53
      54
      52
      48
      45
      44
      56
      42
      50
      45
      33
      47
      48
      37
      40
      51
      43
      36
      42
      42
      27
      50
      32
      36
      54
      38
      39
      46
      49
      44
      44
      43
      43
      45
      45
      44
      45
      50
      41
      36
      42
      50
      46
      36
      44
      50
      47
      41
      37
      40
      49
      49
      45
      44
      46
      40
      39
      46
      50
      50
      49
      51
      43
      46
      47
      46
      43
      44
      39
      37
      45
      34
      42
      52
      42
      37
      48
      45
      41
      49
      45
      33
      35
      31
      48
      42
      44
      45
      55
      39
      40
      54
      47
      36
      56
      41
      53
      52
      40
      62
      50
      36
      43
      49
      39
      60
      62
      51
      44
      49
      47
      56
      52
      40
      61
      52
      51
      48
      53
      39
      53
      58
      53
      53
      51
      41
      46
      64
      54
      47
      54
      52
      52
      46
      53
      43
      56
      47
      48
      57
      54
      52
      51
      50
      49
      62
      47
      53
      55
      44
      51
      42
      50
      48
      59
      55
      47
      56
      55
      52
      50
      53
      52
      49
      46
      43
      59
      55
      57
      49
      37
      52
      53
      51
      47
      51
      68
      49
      52
      57
      52
      49
      53
      62
      38
      57
      52
      52
      61
      55
      63
      51
      53
      57
      50
      56
      54
      57
      47
      51
      42
      57
      45
      66
      60
      54
      71
      59
      42
      56
      58
      46
      55
      51
      46
      60
      59
      49
      68
      57
      51
      50
      61
      60
      54
      59
      55
      57
      57
      54
      70
      60
      56
      51
      55
      65
      52
      72
      72
      45
      62
      82
      68
      49
      59
      64
      80
      45
      61
      76
      57
      54
      52
      59
      56
      63
      57
      53
      63
      52
      63
      62
      50
      61
      64
      72
      58
      68
      58
      41
      52
      61
      54
      61
      50
      64
      51
      62
      57
      55
      58
      58
      67
      55
      58
      54
      62
      52
      57
      62
      61
      68
      46
      61
      63
      60
      58
      61
      55
      61
      76
      61
      78
      54
      59
      61
      70
      62
      65
      68
      70
      63
      58
      64
      81
      63
      51
      73
      71
      67
      72
      75
      56
      64
      66
      53
      57
      58
      60
      86
      79
      61
      60
      62
      72
      62
      64
      66
      66
      73
      66
      62
      67
      79
      68
      70
      61
      65
      46
      58
      59
      50
      64
      62
      55
      68
      64
      70
      53
      50
      67
      50
      70
      64
      61
      53
      45
      53
      52
      59
      62
      49
      56
      48
      49
      44
      46
      53
      52
      51
      61
      51
      65
      50
      41
      49
      55
      51
      57
      44
      57
      54
      50
      51
      53
      41
      53
      59
      52
      42
      56
      51
      46
      56
      46
      41
      58
      46
      53
      48
      43
      50
      63
      48
      53
      69
      53
      46
      49
      57
      57
      35
      43
      63
      37
      57
      43
      48
      51
      38
      41
      44
      50
      51
      50
      37
      64
      52
      47
      57
      47
      41
      43
      43
      44
      48
      48
      38
      28
      41
      44
      40
      47
      46
      49
      46
      42
      51
      48
      44
      41
      38
      52
      52
      51
      45
      52
      46
      42
      58
      35
      46
      58
      41
      42
      55
      43
      50
      52
      44
      43
      49
      54
      40
      49
      48
      36
      42
      57
      44
      38
      50
      47
      38
      45
      41
      44
      44
      36
      44
      46
      40
      40
      51
      54
      45
      44
      56
      32
      44
      42
      49
      43
      49
      34
      50
      53
      43
      35
      48
      38
      42
      41
      42
      40
      36
      29
      47
      52
      45
      48
      45
      46
      46
      30
      34
      49
      46
      39
      45
      44
      40
      35
      36
      46
      35
      26
      43
      33
      46
      47
      45
      33
      56
      37
      40
      36
      54
      35
      43
      39
      47
      36
      40
      44
      32
      40
      40
      34
      34
      40
      45
      51
      38
      45
      39
      49
      39
      44
      39
      37
      37
      35
      37
      46
      45
      40
      43
      36
      46
      41
      39
      48
      51
      37
      31
      42
      36
      38
      39
      40
      47
      41
      39
      42
      44
      41
      36
      57
      38
      48
      43
      35
      53
      36
      37
      42
      50
      36
      34
      42
      51
      39
      38
      50
      59
      43
      36
      31
      26
      41
      38
      45
      34
      48
      42
      41
      58
      35
      37
      56
      48
      48
      41
      50
      39
      44
      55
      29
      36
      37
      36
      40
      30
      43
      29
      41
      32
      48
      40
      37
      25
      48
      40
      42
      41
      51
      33
      41
      50
      50
      43
      42
      47
      30
      37
      43
      41
      42
      32
      49
      50
      45
      52
      48
      44
      50
      46
      45
      49
      53
      33
      43
      29
      36
      44
      48
      41
      39
      36
      52
      40
      52
      38
      44
      46
      49
      42
      48
      43
      46
      42
      46
      52
      41
      35
      35
      38
      47
      34
      45
      43
      39
      41
      32
      44
      57
      51
      59
      41
      33
      41
      41
      37
      54
      46
      44
      38
      44
      37
      40
      44
      38
      34
      44
      32
      37
      41
      40
      28
      33
      32
      41
      43
      19
      27
      25
      29
      27
      30
      22
      24
      22
      22
      33
      26
      27
      24
      33
      32
      37
      32
      23
      20
      22
      29
      27
      28
      26
      36
      31
      29
      33
      26
      29
      30
      23
      24
      21
      23
      32
      25
      26
      24
      22
      21
      27
      30
      26
      21
      23
      27
      23
      24
      22
      28
      21
      33
      30
      28
      21
      28
      26
      24
      22
      23
      24
      20
      26
      20
      19
      23
      27
      26
      34
      21
      21
      24
      25
      14
      21
      21
      19
      20
      24
      21
      18
      26
      24
      25
      11
      22
      22
      12
      24
      20
      19
      24
      24
      22
      22
      17
      20
      19
      30
      20
      26
      24
      23
      30
      25
      20
      21
      15
      27
      26
      23
      21
      28
      27
      29
      19
      17
      43
      36
      45
      66
     109
     120
     182
     175
     240
     263
     334
     494
     631
     809
    1024
    1072
    1156
    1253
    1288
    1332
    1240
    1161
     924
     745
     470
     327
     209
     141
     102
      70
      60
      30
      21
      17
      13
      20
      11
      13
      21
      12
      20
      10
       8
      13
      13
      16
      18
      13
      17
      17
       8
      20
      14
      26
      16
      10
       8
      16
      13
      13
      14
      11
      14
      11
      15
      16
      17
      13
      18
       6
      10
      14
       7
      15
      16
      17
      10
      16
      14
      11
       8
      18
      13
       7
      17
      12
       8
      18
       8
      11
       7
       8
       8
      13
       8
      11
       8
      12
      12
      11
       9
       7
      17
       6
      11
       8
       8
       6
       5
       6
       9
      11
       9
      13
      14
      10
      10
      10
       9
       3
       5
       8
       5
       8
       6
       5
       9
       8
      10
       5
      12
       8
       3
       6
       1
      10
       8
       9
       4
       6
      10
      12
       7
       6
       5
       3
       6
       8
       3
       3
       7
       2
      11
       5
       6
       6
       9
       4
       6
       6
       5
       8
       4
      11
       9
       6
       3
       5
       3
       3
       6
       5
       5
       3
       2
       6
       4
       8
       2
       5
       9
       1
       4
       4
       3
       6
       3
      10
       3
       4
       4
       4
       3
       3
       2
       1
       4
       8
       3
       3
       6
       1
       3
       1
       1
       3
       8
       7
       4
       2
       4
       2
       5
       2
       4
       5
       5
       2
       4
       3
       2
       4
       6
       2
       3
       2
       2
       3
       1
       4
       5
       1
       1
       1
       2
      10
       2
       1
       3
       3
       2
       5
       4
       3
       5
       4
       1
       4
       3
       2
       3
       5
       5
       1
       3
       3
       1
       2
       5
       4
       5
       3
       2
       5
       5
       1
       1
       3
       0
       3
       3
       2
       1
       2
       1
       2
       3
       3
       0
       3
       0
       3
       2
       2
       1
       4
       3
       3
       1
       1
       1
       1
       3
       3
       1
       2
       3
       4
       4
       3
       5
       5
       2
       3
       9
       9
       2
       1
       3
       5
       5
       1
       3
       3
       6
       5
       3
       3
       2
       3
       0
       3
       6
       4
       2
       4
       1
       0
       3
       3
       4
       1
       6
       1
       1
       1
       3
       4
       1
       5
       2
       3
       4
       4
       2
       0
       4
       2
       1
       2
       1
       2
       2
       5
       3
       2
       1
       3
       0
       2
       3
       3
       6
       4
       3
       1
       2
       2
       3
       4
       4
       3
       2
       1
       5
       1
       2
       4
       7
       4
       6
       1
       2
       5
       3
       3
       7
       2
       2
       2
       7
       4
       1
       6
       4
       7
      12
      10
      11
      24
      24
      31
      48
      62
      82
      96
      97
     131
     159
     195
     279
     383
     465
     639
     701
     809
     928
     978
     994
    1016
    1011
    1079
    1011
     876
     701
     508
     346
     216
     117
      83
      63
      53
      35
      20
      12
       3
       0
       0
       0
       0
       0
       0
       2
       2
       2
       1
       1
       0
       0
       0
       0
       0
       2
       0
       1
       0
       0
       1
       0
       0
       0
       1
       0
       0
       0
       0
       0
       0
       2
       0
       0
       1
       0
       3
       0
       1
       0
       0
       0
       0
       0
       0
       1
       3
       0
       0
       0
       0
       1
       0
       2
       1
       0
       1
       0
       1
       1
       1
       1
       1
       0
       0
       2
       0
       1
       1
       0
       4
       1
       2
       0
       0
       1
       0
       1
       2
       1
       0
       0
       0
       2
       0
       1
       0
       0
       0
       1
       0
       0
       0
       0
       0
       0
       0
       1
       0
       1
       0
       0
       0
       0
       0
       1
       0
       1
       0
       1
       0
       0
       2
       0
       1
       0
       0
       0
       1
       0
       0
       1
       0
       0
       2
       0
       1
       0
       0
       0
       1
       0
       0
       1
       3
       0
       0
       0
       0
       1
       1
       2
       0
       0
       1
       0
       0
       0
       2
       0
       0
       1
       0
       1
       0
       0
       2
       0
       0
       0
       1
       0
       0
       0
       0
       1
       1
       0
       0
       1
       1
       1
       1
       0
       0
       0
       1
       0
       1
       0
       1
       0
       0
       0
       1
       2
       2
       0
       1
       0
       0
       0
       0
       1
       0
       0
       0
       0
       2
       0
       0
       0
       1
       0
       0
       0
       1
       1
       0
       0
       0
       0
       1
       0
       1
       0
       0
       1
       2
       0
       0
       1
       0
       3
       3
       0
       2
       1
       0
       0
       3
       1
       1
       0
       1
       1
       0
       1
       0
       0
       0
       0
       0
       0
       0
       0
       0
       0
       1
       0
       1
       0
       0
       0
       1
       1
       1
       0
       1
       1
       0
       2
       0
       1
       0
       0
       2
       1
       0
       2
       1
       0
       0
       1
       0
       0
       0
       1
       0
       0
       0
       1
       0
       0
       0
       1
       0
       0
       0
       0
       1
       0
       2
       0
       0
       0
       1
       0
       1
       0
       1
       0
       0
       0
       1
       2
       0
       1
       0
       0
       0
       0
       0
       0
       0
       0
       0
       0
       1
       0
       0
       0
       1
       1
       1
       0
       0
       0
       1
       1
       1
       1
       0
       0
       0
       0
       1
       2
       0
       0
       0
       0
       0
       1
       1
       0
       1
       0
       0
       0
       0
       1
       0
       1
       0
       0
       0
       0
       0
       2
       0
       0
       0
       0
       1
       1
       1
       0
       0
       0
       0
       1
       1
       0
       1
       0
       0
       0
       1
       0
       1
       0
       0
       0
       0
       1
       2
       0
       0
       0
       0
       2
       0
       0
       1
       1
       0
       0
       2
       0
       0
       0
       0
       0
       0
       1
       0
       1
       0
       0
       0
       0
       1
       0
       1
       0
       0
       1
       0
       0
       0
       0
       0
       0
       0
       0
       1
       0
       0
       0
       0
       0
       0
       1
       0
       0
       1
       1
       0
       0
       1
       0
       0
       0
       0
       0
       0
       2
       0
       0
       0
       2
       0
       0
       1
       1
       0
       1
       0
       0
       0
       0
       1
       0
       0
       1
       1
       0
       0
       0
       1
       1
       0
       0
       0
       0
       0
       0
       0
       0
       2
       0
       0
       1
       0
       0
       0
       0
       0
       0
       2
       0
       0
       2
       0
       1
       0
       0
       0
       1
       0
       0
       1
       0
       2
       0
       1
       0
       0
       2
       0
       0
       0
       1
       0
       0
       0
       0
       0
       1
       0
       0
       0
       0
       0
       0
       0
       0
       0
       0
       3
       1
       0
       0
       1
       1
       1
       0
       0
       0
       1
       1
       0
       0
       0
       1
       1
       0
       0
       0
       0
       0
       0
       0
       0
       0
       0
       0
       1
       1
       0
       0
       0
       1
       2
       0
       0
       1
       0
       0
       1
       0
       0
       0
       0
       0
       0
       0
       0
       0
       0
       1
       0
       0
       1
       0
       0
       0
       0
       0
       0
       1
       2
       0
       0
       1
       0
       0
       0
       0
       0
       0
       0
       1
       1
       0
       0
       1
       0
       1
       1
       0
       2
       1
       0
       0
       0
       0
       0
       1
       0
       1
       0
       1
       0
       0
       0
       1
       1
       0
       0
       0
       0
       0
       0
       0
       1
       0
       0
       0
       0
       1
       0
       1
       0
       0
       0
       0
       0
       0
       0
       1
       1
       1
       0
       2
       0
       1
       1
       0
       0
       1
       0
       0
       0
       0
       0
       0
       0
       1
       0
       0
       1
       0
       0
       1
       0
       0
       0
       0
       0
       1
       1
       0
       0
       0
       0
       0
       0
       0
       0
       0
       1
       0
       1
       0
       0
       0
       1
       0
       0
       0
       0
       0
       0
       1
       0
       0
       1
       0
       0
       0
       1
       0
       0
       0
       0
       0
       0
       0
       0
       1
       0
       0
       0
       0
       1
       1
       0
       0
       0
       2
       0
       0
       0
       0
       1
       1
       1
       0
       0
       0
       0
       0
       0
       0
       0
       0
       0
       0
       0
       2
       0
       0
       0
       1
       0
       0
       0
       0
       0
       0
       0
       0
       0
       0
       0
       0
       0
       0
       0
       0
       1
       0
       0
       0
       0
       0
       0
       0
       0
       0
       0
       0
       0
       0
       0
       0
       0
       1
       1
       0
       0
       0
       0
       0
       0
       0
       0
       0
       0
       0
       0
       0
       0
       0
       0
       0
       0
       0
       0
       0
       0
       0
       1
       1
       0
       0
       0
       0
       0
       1
       0
       0
       1
       0
       0
       0
       0
       1
       0
       0
       0
       0
       0
       0
       0
       0
       0
       0
       0
       0
       0
       0
       0
       0
       0
       1
       0
       0
       0
       0
       0
       0
       1
       0
       0
       0
       0
       0
       0
       0
       0
       0
       0
       0
       0
       0
       1
       0
       0
       0
       0
       0
       0
       0
       1
       0
       1
       0
       0
       0
       0
       0
       0
       0
       0
       0
       1
       0
       0
       0
       0
       0
       1
       0
       0
       0
       0
       0
       0
       1
       0
       0
       0
       0
       0
       0
       0
       0
       0
       1
       0
       0
       1
       0
       0
       0
       1
       0
       0
       0
       0
       0
       0
       0
       1
       0
       0
       0
       0
       0
       0
       1
       0
       0
       0
       0
       0
       0
       0
       0
       1
       0
       0
       0
       0
       0
       0
       0
       0
       0
       0
       0
       1
       0
       0
       1
       1
       1
       0
       0
       0
       0
       0
       0
       1
       0
       1
       0
       1
       0
       0
       0
       0
       0
       0
       1
       0
       0
       0
       0
       0
       0
       0
       0
       1
       0
       1
       0
       0
       0
       0
       0
       1
       0
       0
       0
       0
       0
       0
       0
       0
       1
       0
       0
       0
       1
       0
       0
       1
       0
       0
       0
       0
       2
       0
       0
       0
       0
       0
       0
       0
       1
       0
       0
       0
       0
       1
       0
       0
       0
       0
       0
       0
       0
       0
       0
       0
       0
       1
       1
       0
       0
       0
       0
       0
       0
       0
       1
       0
       1
       0
       0
       0
       0
       0
       0
       1
       0
       0
       0
       1
       0
       0
       0
       0
       0
       0
       0
       0
       0
       0
       0
       0
       1
       0
       1
       1
       0
       0
       1
       0
       0
       0
       0
       0
       0
       0
       0
       0
       0
       0
       2
       0
       0
       0
       0
       0
       0
       0
       0
       0
       0
       0
       0
       1
       1
       0
       1
       1
       0
       0
       0
       0
       0
       1
       0
       0
       0
       0
       0
       0
       0
       0
       0
       0
       0
       0
       0
       0
       0
       0
       0
       2
       1
       0
       0
       0
       0
       0
       0
       0
       0
       0
       0
       0
       1
       0
       0
       0
       0
       0
       0
       0
       1
       0
       0
       0
       0
       0
       0
       0
       0
       0
       1
       0
       1
       0
       0
       0
       0
       1
       0
       0
       0
       0
       0
       0
       0
       1
       0
       0
       1
       0
       0
       0
       0
       1
       0
       1
       0
       0
       0
       0
       0
       0
       0
       0
       0
       0
       1
       0
       0
       0
       1
       0
       0
       0
       0
       0
       0
       0
       0
       0
       1
       0
       0
       0
       1
       0
       0
       0
       0
       0
       0
       0
       0
       0
       0
       0
       0
       0
       0
       0
       0
       0
       0
       0
       0
       0
       0
       0
       0
       0
       0
       1
       0
       0
       0
       0
       0
       0
       0
       0
       0
       0
       0
       0
       0
       0
       0
       0
       0
       0
       0
       0
       0
       0
       0
       0
       0
       1
       0
       0
       1
       0
       0
       0
       0
       0
       0
       0
       0
       0
       0
       0
       0
       0
       0
       0
       0
       1
       0
       0
       0
       0
       0
       0
       0
       0
       1
       0
       0
       0
       0
       0
       0
       0
       0
       0
       0
       0
       1
       0
       0
       0
       0
       0
       0
       0
       0
       0
       0
       1
       0
       0
       0
       0
       0
       1
       0
       0
       0
       0
       0
       1
       0
       0
       0
       1
       0
       0
       0
       0
       0
       0
       0
       0
       0
       0
       0
       0
       1
       0
       0
       0
       0
       1
       0
       0
       0
       1
       0
       1
       0
       0
       0
       0
       0
       0
       0
       0
       0
       1
       0
       1
       0
       0
       0
       0
       0
       0
       0
       1
       0
       1
       0
       0
       0
       0
       0
       0
       0
       0
       0
       0
       0
       1
       0
       0
       0
       0
       0
       0
       0
       0
       0
       0
       0
       0
       0
       0
       0
       0
       0
       0
       0
       0
       0
       0
       0
       0
       0
       1
       0
       0
       0
       0
       2
       0
       0
       0
       0
       1
       0
       0
       0
       0
       0
       0
       0
       0
       1
       1
       0
       0
       0
       0
       0
       0
       2
       0
       0
       1
       0
       0
       0
       0
       1
       0
       0
       0
       0
       0
       0
       0
       0
       0
       0
       0
       1
       0
       0
       0
       0
       1
       0
       0
       0
       0
       0
       0
       0
       0
       0
       0
       0
       1
       0
       1
       1
       0
       0
       0
       0
       0
       0
       0
       0
       1
       0
       0
       0
       1
       0
       0
       0
       0
       0
       0
       0
       0
       1
       0
       1
       0
       0
       0
       0
       1
       1
       0
       0
       0
       0
       0
       0
       0
       0
       0
       0
       0
       0
       0
       0
       0
       0
       0
       0
       1
       0
       0
       0
       0
       0
       0
       0
       0
       1
       0
       0
       1
       0
       0
       0
       1
       0
       1
       0
       0
       0
       0
       0
       0
       0
       0
       0
       1
       0
       0
       1
       0
       0
       0
       0
       0
       0
       0
       0
       0
       0
       0
       0
       0
       1
       0
       0
       1
       0
       0
       0
       0
       0
       0
       0
       0
       0
       0
       0
       0
       0
       1
       0
       1
       0
       0
       0
       0
       0
       0
       1
       2
       0
       0
       0
       0
       0
       0
       1
       0
       0
       0
       0
       0
       0
       0
       1
       0
       0
       1
       0
       0
       0
       0
       0
       0
       0
       2
       1
       0
       0
       0
       1
       0
       0
       0
       0
       0
       0
       0
       0
       0
       0
       0
       1
       1
       0
       1
       0
       0
       0
       0
       0
       0
       1
       0
       0
       0
       0
       0
       0
       0
       0
       0
       1
       1
       0
       2
       0
       0
       0
       1
       0
       1
       0
       0
       0
       0
       0
       0
       0
       0
       0
       0
       0
       0
       0
       0
       0
       0
       0
       0
       0
       0
       0
       0
       0
       0
       0
       0
       0
       0
       0
       0
       0
       0
       0
       0
       1
       1
       1
       0
       0
       1
       0
       0
       0
       0
       0
       0
       0
       0
       0
       0
       0
       0
       0
       0
       0
       0
       0
       0
       0
       0
       0
       0
       1
       0
       0
       1
       0
       1
       0
       0
       0
       0
       0
       1
       1
       0
       0
       0
       0
       0
       0
       1
       1
       0
       0
       0
       1
       0
       0
       0
       0
       0
       0
       0
       1
       0
       0
       0
       0
       0
       0
       0
       0
       0
       0
       0
       0
       0
       0
       0
       0
       0
       0
       0
       0
       0
       0
       1
       0
       0
       0
       0
       0
       0
       0
       0
       1
       0
       0
       0
       0
       0
       1
       0
       0
       0
       0
       0
       0
       0
       0
       0
       0
       0
       0
       0
       0
       1
       0
       0
       0
       1
       0
       0
       0
       0
       0
       1
       0
       0
       0
       0
       0
       0
       0
       1
       0
       1
       0
       0
       0
       0
       0
       0
       0
       1
       0
       0
       0
       0
       0
       0
       1
       0
       0
       1
       1
       0
       0
       0
       1
       0
       0
       1
       0
       0
       0
       0
       0
       0
       1
       0
       0
       0
       0
       0
       0
       1
       0
       0
       0
       0
       0
       1
       0
       2
       0
       0
       0
       0
       0
       1
       0
       0
       2
       0
       0
       0
       0
       0
       0
       0
       0
       0
       0
       0
       1
       1
       1
       0
       0
       0
       0
       0
       0
       0
       0
       0
       1
       0
       1
       1
       0
       0
       0
       0
       0
       0
       0
       0
       0
       0
       0
       0
       0
       0
       0
       0
       0
       0
       0
       0
       0
       0
       0
       0
       0
       1
       1
       1
       0
       0
       0
       0
       0
       0
       0
       0
       0
       0
       0
       0
       0
       0
       0
       0
       0
       0
       0
       0
       0
       1
       0
       0
       0
       0
       1
       0
       1
       0
       0
       0
       0
       0
       0
       0
       0
       0
       1
       0
       0
       0
       0
       0
       0
       0
       0
       0
       0
       0
       1
       0
       0
       0
       0
       0
       0
       0
       0
       0
       0
       0
       0
       0
       1
       0
       1
       0
       0
       0
       1
       0
       0
       0
       0
       0
       0
       0
       0
       0
       0
       0
       0
       0
       0
       0
       0
       0
       0
       0
       0
       0
       0
       1
       0
       0
       0
       0
       0
       0
       0
       0
       0
       0
       0
       0
       0
       0
       0
       0
       0
       0
       0
       0
       0
       0
       0
       0
       0
       1
       1
       0
       0
       0
       0
       0
       0
       0
       0
       0
       0
       0
       0
       0
       1
       0
       0
       0
       0
       0
       0
       0
       0
       0
       0
       1
       0
       0
       0
       0
       0
       1
       0
       0
       0
       0
       0
       0
       0
       0
       0
       0
       0
       0
       0
       0
       0
       0
       0
       0
       0
       0
       0
       0
       0
       0
       0
       0
       1
       1
       0
       0
       0
       0
       0
       0
       0
       0
       0
       0
       0
       0
       1
       0
       0
       0
       0
       0
       0
       0
       0
       0
       0
       0
       0
       0
       0
       0
       0
       0
       0
       0
       0
       0
       0
       0
       1
       0
       0
       0
       0
       0
       0
       0
       0
       0
       0
       0
       0
       0
       0
       0
       0
       0
       0
       0
       0
       0
       0
       0
       0
       0
       0
       0
       0
       0
       0
       0
       0
       0
       0
       0
       0
       0
       0
       0
       1
       0
       1
       0
       0
       1
       0
       0
       0
       0
       0
       0
       0
       0
       0
       1
       1
       0
       0
       1
       0
       0
       0
       0
       0
       0
       0
       0
       0
       0
       0
       0
       0
       0
       0
       0
       0
       0
       0
       0
       0
       0
       0
       0
       0
       0
       0
       0
       0
       0
       0
       0
       0
       0
       1
       1
       0
       0
       1
       0
       0
       0
       0
       0
       0
       0
       0
       0
       0
       0
       0
       0
       0
       0
       0
       0
       0
       0
       0
       0
       0
       0
       0
       0
       0
       0
       0
       0
       0
       1
       0
       0
       0
       0
       0
       0
       0
       0
       0
       0
       0
       0
       0
       1
       0
       0
       1
       0
       0
       0
       1
       0
       0
       0
       0
       0
       0
       0
       0
       0
       0
       0
       0
       1
       0
       0
       0
       0
       0
       0
       0
       0
       1
       0
       0
       1
       0
       0
       0
       1
       0
       0
       0
       1
       0
       0
       0
       0
       0
       0
       0
       0
       0
       0
       1
       0
       0
       0
       1
       0
       0
       0
       1
       0
       0
       0
       0
       1
       1
       0
       0
       1
       0
       0
       0
       0
       0
       0
       0
       1
       0
       1
       0
       0
       0
       0
       2
       0
       0
       1
       0
       0
       0
       1
       1
       0
       0
       0
       0
       0
       0
       1
       0
       1
       0
       0
       0
       0
       0
       0
       1
       1
       0
       0
       0
       0
       1
       0
       0
       0
       1
       0
       0
       0
       0
       0
       0
       0
       0
       0
       1
       0
       0
       0
       0
       0
       0
       0
       0
       0
       0
       0
       0
       0
       0
       0
       1
       0
       0
       0
       0
       0
       0
       1
       0
       0
       0
       0
       1
       0
       0
       0
       0
       0
       0
       1
       0
       1
       1
       0
       0
       1
       0
       0
       0
       0
       0
       0
       0
       1
       0
       0
       0
       0
       0
       0
       0
       0
       0
       0
       0
       0
       0
       0
       0
       0
       0
       0
       0
       0
       0
       0
       0
       0
       0
       0
       0
       0
       0
       0
       0
       0
       0
       0
       0
       0
       0
       0
       0
       0
       0
       0
       0
       0
       0
       0
       0
       0
       0
       0
       0
       0
       0
       1
       0
       0
       1
       0
       0
       1
       0
       0
       0
       0
       0
       0
       1
       0
       0
       0
       1
       0
       0
       0
       0
       0
       0
       0
       0
       0
       0
       0
       1
       1
       0
       0
       0
       0
       0
       0
       0
       0
       0
       0
       0
       0
       0
       0
       0
       0
       0
       0
       0
       0
       0
       0
       0
       0
       0
       0
       1
       0
       0
       1
       0
       0
       0
       0
       0
       0
       1
       0
       0
       0
       0
       0
       0
       0
       0
       1
       0
       0
       0
       0
       0
       0
       0
       0
       1
       0
       0
       0
       0
       0
       0
       0
       0
       0
       0
       0
       0
       0
       0
       0
       0
       0
       0
       0
       0
       1
       0
       0
       0
       0
       0
       0
       0
       0
       0
       0
       1
       0
       0
       0
       0
       0
       0
       0
       0
       0
       0
       0
       0
       0
       0
       0
       0
       0
       1
       1
       0
       0
       0
       0
       0
       0
       0
       1
       0
       0
       0
       1
       0
       0
       0
       0
       0
       0
       0
       0
       0
       0
       0
       0
       0
       0
       0
       0
       0
       0
       0
       0
       0
       1
       0
       0
       0
       0
       0
       0
       0
       0
       0
       0
       0
       0
       0
       0
       0
       0
       0
       0
       0
       0
       0
       0
       0
       0
       0
       0
       0
       0
       0
       0
       0
       0
       0
       0
       0
       0
       0
       1
       0
       0
       0
       0
       0
       0
       0
       0
       0
       0
       0
       0
       0
       0
       0
       0
       0
       0
       0
       0
       0
       0
       0
       0
       0
       0
       0
       0
       0
       0
       0
       0
       0
       0
       0
       0
       0
       0
       0
       0
       0
       0
       0
       0
       0
       0
       0
       0
       0
       0
       0
       0
       0
       0
       0
       0
       0
       0
       0
       0
       0
       0
       0
       0
       0
       0
       0
       0
       0
       0
       0
       0
       0
       0
       0
       0
       0
       0
       0
       0
       0
       0
       0
       0
       0
       0
       0
       0
       0
       0
       0
       0
       0
       0
       0
       0
       0
       0
       0
       0
       0
       0
       0
       0
       0
       0
       0
       0
       0
       0
       0
       1
       0
       0
       0
       0
       0
       0
       0
       0
       0
       0
       0
       0
       1
       0
       0
       0
       0
       0
       0
       0
       0
       0
       0
       0
       0
       0
       0
       0
       0
       0
       0
       0
       0
       0
       0
       0
       0
       0
       0
       0
       1
       0
       0
       0
       0
       0
       2
       0
       0
       1
       1
       0
       0
       0
       0
       2
       1
       1
       1
       1
       0
       1
       2
       0
       1
       1
       0
       1
       0
       0
       0
       0
       0
       0
       0
       0
       0
       0
       0
       0
       0
       0
       0
       0
       0
       0
       0
       0
       0
       0
       0
       0
       0
       0
       0
       0
       0
       0
       0
       0
       0
       0
       0
       0
       0
       0
       0
       0
       0
       0
       0
       0
       0
       0
       0
       0
       0
       0
       0
       0
       0
       0
       0
       0
       0
       0
       0
       0
       0
       0
       0
       0
       0
       0
       0
       0
       0
       0
       0
       0
       0
       0
       0
       0
       0
       0
       0
       0
       0
       0
       0
       0
       0
       0
       0
       0
       0
       0
       0
       0
       0
       0
       0
       1
       0
       0
       0
       0
       0
       0
       0
       0
       0
       0
       0
       0
       0
       0
       0
       0
       0
       0
       0
       0
       0
       0
       0
       0
       0
       0
       0
       0
       0
       0
       0
       0
       0
       0
       0
       0
       0
       0
       0
       0
       0
       0
       0
       0
       0
       0
       0
       0
       0
       0
       0
       0
       0
       0
       0
       0
       0
       0
       0
       0
       0
       0
       0
       0
       0
       0
       0
       0
       0
       0
       0
       0
       0
       0
       0
       0
       0
       0
       0
       0
       0
       0
       0
       0
       0
       0
       0
       0
       0
       0
       0
       0
       0
       0
       0
       0
       0
       0
       0
       0
       0
       0
       0
       0
       0
       0
       0
       0
       0
       0
       0
       0
       0
       0
       0
       0
       0
       0
       0
       0
       0
       0
       0
       0
       0
       1
       0
       0
       0
       0
       0
       0
       1
       0
       0
       0
       0
       0
       0
       0
       0
       0
       0
       0
       0
       0
       0
       0
       0
       0
       0
       0
       0
       0
       0
       0
       0
       0
       1
       0
       1
       0
       0
       0
       0
       0
       0
       0
       0
       0
       0
       0
       0
       1
       0
       0
       0
       0
       0
       0
       0
       0
       0
       0
       1
       0
       0
       0
       0
       0
       0
       0
       0
       0
       0
       0
       0
       0
       0
       0
       0
       0
       0
       0
       0
       0
       1
       0
       0
       0
       0
       0
       0
       0
       0
       0
       0
       0
       0
       1
       0
       0
       0
       0
       0
       0
       0
       0
       0
       0
       0
       0
       0
       0
       0
       0
       0
       0
       0
       0
       0
       0
       0
       0
       0
       0
       0
       0
       1
       0
       0
       0
       0
       0
       0
       0
       0
       0
       0
       0
       0
       0
       0
       0
       0
       0
       0
       0
       0
       0
       0
       0
       0
       0
       0
       0
       0
       0
       0
       0
       0
       0
       0
       0
       0
       0
       0
       0
       0
       0
       0
       0
       0
       0
       0
       0
       1
       0
       0
       0
       0
       0
       0
       0
       0
       0
       0
       0
       0
       0
       0
       0
       0
       0
       0
       0
       0
       0
       0
       0
       0
       0
       0
       0
       0
       0
       1
       0
       0
       0
       0
       0
       0
       0
       0
       0
       0
       0
       0
       0
       0
       0
       0
       0
       0
       0
       0
       0
       0
       0
       0
       0
       0
       0
       0
       0
       0
       0
       0
       0
       0
       0
       0
       0
       0
       0
       0
       0
       0
       0
       0
       0
       0
       0
       0
       0
       0
       0
       0
       0
       0
       0
       0
       0
       0
       0
       0
       0
       0
       0
       0
       0
       0
       0
       0
       0
       0
       0
       0
       0
       0
       0
       0
       0
       0
       0
       0
       1
       0
       0
       0
       0
       0
       0
       0
       0
       0
       0
       0
       0
       0
       0
       0
       0
       0
       0
       0
       0
       0
       0
       0
       0
       0
       0
       0
       0
       0
       0
       0
       0
       0
       0
       0
       0
       0
       0
       0
       0
       0
       0
       0
       0
       0
       0
       0
       0
       0
       0
       0
       0
       0
       0
       0
       0
       1
       0
       0
       0
       0
       0
       0
       0
       0
       0
       0
       0
       0
       0
       0
       0
       0
       0
       0
       0
       0
       0
       0
       0
       0
       0
       0
       0
       0
       0
       0
       0
       0
       0
       0
       0
       0
       0
       0
       0
       0
       0
       0
       0
       0
       1
       0
       0
       0
       0
       0
       0
       0
       0
       0
       0
       0
       0
       0
       0
       0
       0
       0
       0
       0
       0
       0
       0
       0
       0
       0
       0
       0
       0
       0
       0
       0
       0
       0
       0
       0
       0
       0
       0
       0
       0
       0
       0
       0
       0
       0
       0
       0
       0
       0
       0
       0
       0
       0
       0
       0
       0
       0
       0
       0
       0
       0
       0
       0
       0
       0
       1
       0
       0
       0
       0
       0
       0
       0
       0
       0
       0
       0
       0
       0
       0
       0
       0
       0
       0
       0
       0
       0
       0
       0
       0
       1
       0
       0
       0
       0
       0
       0
       0
       0
       0
       0
       0
       0
       0
       0
       0
       0
       0
       0
       0
       0
       0
       0
       0
       0
       0
       0
       0
       0
       0
       0
       0
       0
       0
       0
       0
       0
       0
       0
       0
       0
       0
       0
       0
       0
       0
       0
       0
       0
       0
       0
       0
       0
       0
       0
       1
       0
       0
       0
       0
       0
       0
       0
       0
       0
       0
       0
       0
       0
       0
       0
       1
       0
       0
       0
       0
       0
       0
       1
       0
       0
       0
       0
       0
       0
       0
       0
       0
       0
       0
       0
       0
       0
       0
       0
       0
       0
       0
       0
       0
       0
       0
       0
       0
       0
       0
       0
       0
       0
       0
       0
       1
       0
       0
       0
       0
       0
       0
       0
       0
       0
       0
       0
       0
       0
       0
       0
       0
       0
       0
       0
       0
       0
       0
       1
       0
       0
       0
       0
       0
       0
       0
       0
       0
       0
       0
       0
       0
       0
       0
       0
       0
       0
       0
       0
       0
       0
       0
       0
       0
       0
       0
       0
       0
       0
       0
       0
       0
       0
       0
       0
       0
       0
       0
       0
       0
       0
       0
       0
       0
       0
       0
       1
       0
       0
       0
       0
       0
       0
       0
       0
       0
       0
       0
       0
       0
       0
       0
       0
       0
       0
       0
       0
       0
       0
       0
       0
       0
       0
       0
       0
       0
       0
       0
       1
       0
       0
       0
       0
       0
       0
       0
       0
       0
       0
       0
       0
       0
       0
       0
       1
       0
       1
       0
       0
       0
       0
       0
       0
       0
       0
       1
       0
       0
       0
       0
       0
       0
       0
       0
       0
       0
       0
       0
       0
       0
       0
       0
       0
       0
       0
       0
       0
       0
       0
       0
       0
       0
       0
       0
       0
       0
       0
       0
       0
       0
       0
       0
       0
       0
       0
       0
       0
       0
       0
       0
       0
       0
       0
       0
       0
       0
       0
       0
       0
       0
       0
       0
       0
       0
       0
       0
       0
       0
       0
       0
       0
       0
       0
       0
       0
       0
       0
       1
       0
       0
       0
       0
       0
       0
       0
       0
       0
       0
       0
       0
       1
       1
       0
       0
       0
       0
       0
       0
       0
       0
       0
       0
       0
       0
       0
       0
       0
       0
       0
       0
       0
       0
       0
       0
       0
       0
       0
       0
       0
       0
       0
       0
       0
       0
       0
       0
       0
       0
       0
       0
       0
       0
       0
       0
       0
       0
       0
       0
       0
       0
       0
       0
       0
       0
       0
       0
       0
       0
       0
       0
       0
       1
       0
       0
       0
       0
       0
       0
       0
       0
       0
       0
       0
       0
       0
       0
       0
       0
       0
       0
       0
       0
       0
       0
       0
       0
       0
       0
       0
       0
       0
       0
       0
       0
       0
       0
       0
       0
       0
       0
       0
       0
       0
       0
       0
       0
       0
       1
       0
       0
       0
       0
       0
       0
       0
       0
       0
       0
       0
       0
       0
       0
       0
       0
       0
       0
       0
       0
       0
       0
       0
       0
       0
       0
       0
       0
       0
       0
       0
       0
       0
       0
       0
       0
       0
       0
       0
       0
       0
       0
       0
       0
       0
       0
       0
       0
       0
       0
       0
       0
       0
       0
       0
       0
       0
       0
       0
       0
       0
       0
       0
       0
       0
       0
       0
       0
       0
       0
       0
       0
       0
       0
       0
       0
       0
       0
       0
       0
       0
       0
       0
       0
       0
       0
       0
       0
       0
       0
       0
       0
       0
       0
       0
       0
       0
       0
       0
       0
       0
       0
       0
       0
       0
       0
       0
       0
       0
       0
       0
       0
       0
       0
       0
       0
       0
       0
       0
       0
       0
       0
       1
       0
       0
       1
       0
       0
       0
       0
       0
       0
       0
       0
       0
       0
       0
       0
       0
       0
       0
       0
       0
       0
       0
       0
       0
       0
       0
       0
       1
       0
       0
       0
       0
       0
       0
       0
       1
       0
       0
       0
       0
       0
       0
       0
       0
       0
       0
       0
       0
       0
       0
       0
       0
       0
       0
       0
       0
       0
       0
       0
       0
       0
       0
       0
       0
       0
       0
       0
       0
       0
       0
       0
       0
       0
       0
       0
       0
       0
       0
       0
       0
       0
       0
       0
       0
       0
       0
       0
       0
       0
       0
       0
       0
       0
       0
       0
       1
       0
       0
       0
       0
       0
       0
       0
       0
       0
       0
       0
       0
       0
       0
       0
       0
       0
       0
       0
       0
       0
       0
       0
       0
       0
       0
       0
       0
       0
       0
       0
       0
       0
       1
       0
       0
       0
       0
       0
       0
       0
       0
       0
       0
       0
       0
       0
       0
       0
       0
       0
       0
       0
       0
       0
       0
       0
       0
       0
       0
       0
       0
       0
       0
       0
       0
       0
       1
       0
       0
       0
       0
       0
       0
       0
       0
       0
       0
       0
       0
       0
       0
       0
       0
       0
       0
       0
       0
       0
       0
       0
       0
       0
       0
       0
       0
       0
       0
       0
       0
       0
       0
       0
       0
       0
       0
       0
       0
       0
       0
       0
       0
       0
       0
       1
       0
       0
       0
       0
       0
       0
       0
       0
       0
       1
       0
       0
       0
       0
       0
       0
       0
       0
       0
       0
       0
       0
       1
       0
       0
       0
       0
       0
       0
       0
       0
       0
       0
       0
       0
       0
       0
       0
       0
       0
       0
       0
       0
       0
       0
       0
       0
       0
       0
       0
       0
       0
       0
       0
       0
       0
       0
       0
       0
       0
       0
       0
       0
       0
       0
       0
       0
       0
       0
       0
       0
       0
       0
       0
       0
       0
       0
       0
       0
       0
       0
       0
       0
       0
       0
       1
       0
       0
       0
       0
       0
       0
       0
       0
       0
       0
       0
       0
       0
       0
       0
       0
       0
       0
       0
       0
       0
       0
       0
       0
       0
       0
       0
       0
       0
       0
       0
       0
       0
       0
       0
       0
       0
       0
       0
       0
       0
       0
       0
       0
       0
       0
       0
       0
       0
       0
       0
       0
       0
       0
       0
       0
       0
       0
       1
       0
       1
       0
       0
       0
       0
       0
       0
       0
       0
       0
       0
       0
       0
       0
       0
       0
       0
       0
       0
       0
       0
       0
       0
       0
       0
       0
       0
       0
       0
       0
       0
       0
       0
       0
       0
       0
       0
       0
       0
       0
       0
       0
       0
       0
       0
       0
       0
       0
       0
       0
       0
       1
       0
       0
       0
       0
       0
       0
       0
       0
       0
       0
       0
       0
       0
       0
       0
       0
       0
       0
       0
       0
       0
       0
       0
       0
       0
       0
       0
       0
       0
       0
       0
       0
       0
       0
       0
       0
       0
       0
       0
       0
       0
       0
       0
       0
       0
       0
       0
       0
       0
       0
       0
       0
       0
       0
       0
       0
       0
       0
       0
       0
       0
       0
       0
       0
       0
       0
       0
       0
       0
       0
       0
       0
       0
       0
       0
       0
       0
       0
       0
       0
       0
       0
       0
       0
       0
       0
       0
       0
       0
       0
       0
       0
       0
       0
       0
       0
       0
       0
       0
       0
       0
       0
       0
       0
       0
       0
       0
       0
       0
       0
       0
       0
       0
       0
       0
       0
       0
       0
       0
       0
       0
       0
       0
       0
       0
       0
       0
       0
       0
       0
       0
       0
       0
       0
       0
       0
       0
       0
       0
       0
       0
       0
       0
       0
       0
       0
       0
       0
       0
       0
       0
       0
       0
       0
       0
       0
       0
       0
       0
       0
       0
       0
       0
       0
       0
       0
       0
       0
       0
       0
       0
       0
       0
       0
       0
       0
       0
       0
       0
       0
       0
       0
       0
       0
       0
       0
       0
       0
       0
       0
       0
       0
       0
       0
       0
       0
       0
       0
       0
       0
       0
       0
       0
       0
       0
       0
       0
       0
       0
       0
       0
       0
       0
$ROI:
3
2091 2111
2937 2969
3328 3372
$PRESETS:
None
0
0
$ENER_FIT:
-1.603023 0.398142
$MCA_CAL:
3
-1.603023E+000 3.981421E-001 -1.843240E-007 keV
$SHAPE_CAL:
3
5.712108E+000 -5.708310E-004 7.647117E-007
