$SPEC_ID:
Pulser
$SPEC_REM:
DET# 2
DETDESC# DETECTOR 2
AP# GammaVision Version 7.01.03
$DATE_MEA:
03/26/2017 12:47:29
$MEAS_TIM:
1024 1095
$DATA:
0 8191
       0
       0
       0
       0
       0
       0
       0
       0
       0
       0
       0
       0
       0
       0
       0
       0
       0
       0
       0
       0
       0
       0
       0
     272
    8497
    8012
    4911
    4086
    3965
    4005
    3859
    3924
    4071
    4040
    4060
    4198
    4350
    4171
    4289
    4259
    4178
    4261
    4357
    4298
    4544
    4465
    4390
    4501
    4718
    4707
    4715
    4821
    5052
    5459
    6036
    6860
    7259
    6643
    5925
    5832
    6654
    7230
    6794
    5878
    5414
    5699
    6176
    6571
    7113
    7822
    8429
    9504
   11101
   12296
   12591
   12262
   11924
   12623
   18024
   32433
   53424
   63745
   51548
   29584
   14080
    7936
    6438
    6089
    6236
    7696
   11986
   17672
   20351
   17536
   12858
    8952
    6140
    4949
    4426
    4308
    4284
    4279
    4264
    4292
    4313
    4387
    4357
    4315
    4325
    4325
    4304
    4268
    4328
    4308
    4326
    4259
    4344
    4284
    4333
    4399
    4389
    4332
    4329
    4342
    4420
    4357
    4387
    4446
    4493
    4382
    4474
    4467
    4446
    4488
    4443
    4419
    4466
    4538
    4508
    4465
    4559
    4534
    4587
    4583
    4558
    4636
    4621
    4818
    4775
    4787
    4874
    4735
    4877
    4880
    4742
    4651
    4864
    4871
    4923
    4818
    4793
    4825
    4840
    4943
    5029
    4962
    4788
    4832
    4851
    5008
    5036
    4888
    5009
    4955
    5018
    5075
    4996
    4946
    5276
    5165
    5379
    6285
    7966
   10349
   11111
    9553
    8012
    9021
   12553
   15701
   14657
   10117
    6797
    5164
    4794
    4579
    4577
    4602
    4575
    4598
    4678
    4598
    4595
    4565
    4517
    4558
    4604
    4633
    4639
    4564
    4819
    5464
    6781
    8261
    9261
    8419
    6537
    5393
    5095
    5332
    5848
    5807
    5339
    4797
    4465
    4434
    4337
    4230
    4357
    4315
    4325
    4246
    4239
    4424
    4371
    4335
    4229
    4350
    4489
    4298
    4332
    4252
    4301
    4341
    4402
    4318
    4274
    4349
    4360
    4144
    4360
    4323
    4282
    4341
    4189
    4198
    4263
    4241
    4260
    4319
    4246
    4260
    4216
    4410
    4299
    4399
    4329
    4299
    4413
    4333
    4344
    4339
    4363
    4375
    4339
    4456
    4346
    4244
    4438
    4399
    4282
    4604
    4628
    4399
    4506
    4447
    4438
    4544
    4528
    4523
    4475
    4574
    4493
    4494
    4643
    4414
    4651
    4537
    4533
    4671
    4546
    4599
    4491
    4633
    4577
    4667
    4712
    4617
    4545
    4642
    4565
    4606
    4616
    4753
    4740
    4506
    4747
    4589
    4612
    4637
    4667
    4626
    4607
    4672
    4775
    4724
    4742
    4635
    4728
    4543
    4570
    4545
    4801
    4514
    4542
    4687
    4775
    4563
    4558
    4516
    4601
    4568
    4671
    4624
    4562
    4570
    4710
    4745
    4730
    4645
    4708
    4540
    4589
    4639
    4561
    4673
    4682
    4662
    4558
    4594
    4581
    4678
    4672
    4484
    4758
    4662
    4561
    4602
    4579
    4537
    4542
    4650
    4570
    4772
    4657
    4588
    4646
    4601
    4628
    4604
    4685
    4539
    4533
    4633
    4597
    4660
    4615
    4567
    4738
    4652
    4626
    4685
    4729
    4634
    4573
    4672
    4660
    4547
    4734
    4662
    4568
    4534
    4634
    4661
    4711
    4667
    4595
    4650
    4647
    4668
    4649
    4658
    4633
    4638
    4746
    4714
    4761
    4672
    4803
    4747
    4718
    4616
    4667
    4778
    4729
    4695
    4697
    4779
    4733
    4782
    4743
    4788
    4824
    4675
    4806
    4949
    4754
    4920
    4944
    4888
    4896
    4834
    4828
    4900
    4936
    5006
    4936
    4904
    5035
    4928
    5089
    5057
    5104
    5177
    5164
    5105
    5235
    5191
    5396
    5507
    5468
    5627
    5702
    5870
    6080
    6402
    6427
    6630
    6749
    7182
    7238
    7371
    7570
    7605
    7657
    7636
    7821
    7784
    7853
    7882
    7981
    8067
    7991
    8017
    7772
    7798
    7799
    7897
    7893
    7856
    7818
    7925
    7759
    7725
    7618
    7574
    7654
    7518
    7575
    7549
    7450
    7520
    7395
    7265
    7432
    7294
    7386
    7269
    7097
    7147
    7043
    7245
    7134
    6918
    7072
    6917
    7074
    6775
    6890
    6684
    6739
    6821
    6791
    6652
    6661
    6730
    6502
    6550
    6626
    6508
    6599
    6578
    6370
    6474
    6468
    6431
    6299
    6316
    6314
    6222
    6197
    6254
    6192
    6176
    6209
    6123
    6154
    6132
    6175
    6173
    6111
    6007
    6050
    6055
    5920
    6027
    6026
    5949
    5951
    5778
    5914
    5719
    5798
    5780
    5846
    5761
    5639
    5829
    5868
    5811
    5729
    5761
    5686
    5465
    5479
    5619
    5438
    5477
    5550
    5633
    5475
    5342
    5570
    5436
    5339
    5307
    5370
    5332
    5434
    5337
    5457
    5311
    5286
    5284
    5386
    5256
    5350
    5199
    5286
    5296
    5321
    5107
    5101
    5170
    5161
    5043
    5047
    5258
    5165
    4950
    5105
    5008
    5123
    5038
    5030
    5139
    5059
    5024
    5107
    4948
    4999
    4931
    4998
    4957
    5029
    5014
    4971
    4949
    4998
    4956
    5016
    4860
    4944
    4885
    4921
    4902
    4824
    5031
    4916
    4950
    4796
    5003
    4859
    4836
    4842
    4758
    4909
    4838
    4948
    4785
    4854
    4898
    4936
    4761
    4805
    4697
    4778
    4822
    4741
    4739
    4708
    4835
    4826
    4710
    4863
    4864
    4778
    4734
    4786
    4918
    4657
    4647
    4841
    4772
    4644
    4703
    4805
    4761
    4698
    4794
    4582
    4670
    4761
    4630
    4530
    4567
    4673
    4569
    4694
    4490
    4601
    4565
    4523
    4523
    4487
    4609
    4548
    4578
    4506
    4509
    4551
    4459
    4661
    4617
    4670
    4649
    4595
    4604
    4556
    4596
    4528
    4547
    4549
    4580
    4451
    4421
    4480
    4532
    4506
    4551
    4534
    4561
    4481
    4494
    4670
    4581
    4638
    4482
    4470
    4410
    4413
    4471
    4486
    4559
    4480
    4377
    4475
    4448
    4412
    4496
    4415
    4537
    4470
    4556
    4464
    4498
    4433
    4405
    4425
    4432
    4497
    4505
    4499
    4434
    4439
    4493
    4395
    4481
    4603
    4528
    4436
    4407
    4415
    4389
    4566
    4301
    4487
    4415
    4551
    4476
    4515
    4339
    4431
    4437
    4448
    4465
    4377
    4456
    4414
    4549
    4464
    4489
    4587
    4406
    4467
    4494
    4382
    4444
    4506
    4472
    4462
    4407
    4552
    4452
    4423
    4401
    4483
    4401
    4500
    4305
    4455
    4440
    4490
    4401
    4457
    4498
    4474
    4376
    4411
    4507
    4417
    4400
    4459
    4444
    4394
    4390
    4396
    4416
    4497
    4543
    4496
    4632
    4486
    4389
    4458
    4414
    4586
    4495
    4408
    4577
    4506
    4412
    4505
    4397
    4578
    4489
    4495
    4384
    4441
    4392
    4572
    4322
    4579
    4453
    4600
    4563
    4682
    4677
    4515
    4525
    4418
    4399
    4498
    4642
    4562
    4595
    4523
    4547
    4589
    4565
    4604
    4393
    4543
    4524
    4483
    4571
    4442
    4603
    4606
    4632
    4479
    4625
    4465
    4508
    4564
    4601
    4570
    4626
    4600
    4579
    4464
    4511
    4655
    4520
    4512
    4534
    4524
    4717
    4591
    4600
    4550
    4571
    4659
    4524
    4620
    4550
    4634
    4786
    4673
    4591
    4695
    4566
    4641
    4707
    4685
    4602
    4690
    4682
    4639
    4740
    4753
    4824
    4677
    4715
    4675
    4704
    4686
    4827
    4733
    4814
    4907
    4654
    4671
    4760
    4689
    4838
    4808
    4922
    4711
    4789
    4754
    4705
    4833
    4901
    4830
    4711
    4804
    4828
    4882
    4872
    4906
    4989
    4890
    4769
    4749
    4948
    4888
    4948
    4939
    4908
    4785
    4941
    4892
    5018
    4905
    4857
    4908
    4999
    4910
    4913
    4831
    5048
    4898
    5023
    4879
    5048
    4881
    5074
    5012
    5137
    5010
    5166
    5180
    5080
    4999
    5145
    5096
    4977
    5080
    5081
    5410
    5076
    5109
    5080
    5057
    5137
    5146
    5153
    5134
    5057
    5133
    5163
    5088
    5112
    5109
    5091
    5151
    5240
    5200
    5300
    5272
    5179
    5219
    5331
    5237
    5232
    5159
    5296
    5254
    5349
    5268
    5429
    5315
    5304
    5476
    5376
    5241
    5360
    5582
    5448
    5382
    5489
    5515
    5439
    5534
    5384
    5520
    5573
    5422
    5512
    5706
    5540
    5484
    5532
    5581
    5584
    5535
    5599
    5723
    5622
    5528
    5542
    5627
    5656
    5658
    5581
    5584
    5632
    5736
    5752
    5776
    5629
    5724
    5845
    5666
    5786
    5782
    5771
    5923
    5871
    5823
    5847
    5989
    5973
    5973
    5947
    5926
    5884
    6027
    6045
    6034
    5927
    5922
    6072
    6050
    6092
    5973
    5951
    6040
    6113
    5937
    6223
    6243
    6080
    5985
    6108
    6096
    6095
    6086
    6108
    6184
    6156
    6220
    6160
    6149
    6220
    6308
    6249
    6178
    6327
    6275
    6471
    6382
    6422
    6293
    6437
    6460
    6387
    6479
    6447
    6657
    6402
    6509
    6503
    6539
    6659
    6475
    6693
    6543
    6597
    6624
    6730
    6601
    6605
    6518
    6731
    6644
    6672
    6635
    6749
    6722
    6830
    6691
    6793
    6848
    6830
    6972
    6857
    6938
    6976
    6872
    7011
    6866
    6986
    7035
    7124
    7166
    7061
    7068
    6887
    7093
    7171
    7042
    7138
    7053
    7331
    7244
    7341
    7168
    7145
    7214
    7160
    7296
    7311
    7244
    7223
    7215
    7190
    7301
    7306
    7440
    7314
    7279
    7222
    7442
    7346
    7408
    7474
    7377
    7374
    7267
    7325
    7239
    7431
    7196
    7324
    7245
    7175
    7191
    7248
    7048
    7183
    7003
    7050
    6705
    6791
    6661
    6478
    6399
    6384
    6134
    5983
    5918
    5640
    5438
    5511
    5212
    5087
    5116
    4954
    5011
    4726
    4807
    4671
    4536
    4512
    4447
    4376
    4334
    4360
    4123
    4233
    4273
    4213
    4093
    4056
    4099
    3888
    3911
    3967
    3845
    3987
    3971
    3808
    3818
    3681
    3685
    3734
    3725
    3654
    3677
    3655
    3679
    3684
    3503
    3581
    3514
    3514
    3528
    3586
    3559
    3434
    3507
    3432
    3327
    3436
    3380
    3337
    3371
    3255
    3287
    3238
    3214
    3242
    3200
    3128
    3210
    3167
    3312
    3081
    3085
    3051
    3105
    3053
    3083
    3043
    2952
    2986
    3034
    3048
    3029
    2987
    2921
    3035
    2866
    2976
    2899
    2917
    2814
    2874
    2866
    2865
    2776
    2699
    2846
    2789
    2802
    2633
    2663
    2637
    2582
    2698
    2633
    2636
    2542
    2598
    2624
    2624
    2530
    2490
    2588
    2461
    2514
    2448
    2517
    2488
    2369
    2433
    2471
    2313
    2290
    2345
    2365
    2394
    2290
    2244
    2372
    2266
    2285
    2234
    2173
    2262
    2206
    2186
    2207
    2176
    2201
    2186
    2096
    2193
    2041
    2059
    2001
    2089
    1978
    2021
    2034
    2010
    1904
    1986
    1942
    1941
    1919
    1860
    1890
    1822
    1874
    1908
    1842
    1825
    1707
    1777
    1767
    1751
    1709
    1695
    1754
    1658
    1599
    1643
    1581
    1509
    1609
    1519
    1506
    1651
    1518
    1476
    1539
    1462
    1443
    1508
    1488
    1411
    1399
    1395
    1370
    1428
    1339
    1393
    1381
    1348
    1270
    1347
    1323
    1230
    1295
    1243
    1239
    1188
    1273
    1209
    1168
    1182
    1180
    1158
    1161
    1138
    1167
    1150
    1165
    1154
    1076
    1145
    1105
    1039
    1073
    1114
    1041
    1042
    1120
    1028
    1032
    1069
    1039
     957
    1013
     983
    1049
    1002
    1022
     996
     976
     910
     957
    1009
     973
     984
     968
     918
     962
     935
     978
     934
     983
     959
     941
     932
     937
     921
     879
     968
     886
     916
     915
     889
     933
     909
     863
     914
     907
     889
     950
     867
     883
     914
     852
     883
     883
     845
     917
     827
     875
     851
     823
     860
     835
     848
     827
     823
     844
     795
     838
     839
     808
     803
     793
     792
     800
     836
     802
     868
     827
     774
     823
     759
     820
     801
     779
     811
     788
     774
     775
     799
     788
     786
     784
     804
     803
     749
     798
     786
     741
     815
     767
     768
     767
     764
     751
     745
     754
     722
     726
     796
     731
     713
     786
     762
     807
     749
     753
     794
     709
     722
     751
     798
     767
     763
     736
     757
     722
     810
     760
     698
     741
     710
     762
     720
     739
     721
     748
     744
     745
     735
     745
     726
     706
     741
     730
     754
     763
     753
     762
     773
     729
     772
     703
     724
     749
     724
     707
     753
     758
     722
     738
     774
     795
     716
     741
     730
     718
     735
     733
     766
     683
     674
     718
     752
     693
     752
     698
     729
     772
     730
     739
     765
     699
     714
     750
     728
     718
     701
     751
     709
     754
     758
     744
     713
     751
     719
     739
     726
     737
     672
     723
     734
     769
     735
     716
     771
     740
     807
     726
     772
     709
     711
     777
     759
     783
     786
     748
     764
     730
     802
     814
     865
     789
     871
     919
     921
     932
     888
     873
     856
     880
     882
     845
     870
     854
     918
     958
     913
    1093
    1255
    1607
    2548
    4724
    8478
   15655
   26694
   42467
   66219
  102203
  153373
  215933
  272815
  310520
  316733
  291139
  236073
  166027
  101025
   54371
   26874
   12392
    5630
    2536
    1123
     771
     654
     571
     531
     513
     497
     488
     473
     448
     432
     429
     418
     404
     427
     409
     403
     370
     379
     404
     361
     383
     323
     360
     335
     325
     333
     331
     324
     320
     341
     357
     319
     303
     302
     311
     324
     320
     314
     319
     315
     287
     274
     276
     272
     294
     287
     301
     252
     253
     248
     282
     249
     256
     274
     300
     280
     232
     258
     255
     263
     268
     266
     248
     278
     247
     298
     252
     224
     258
     230
     242
     238
     256
     222
     214
     181
     235
     215
     207
     205
     194
     190
     218
     215
     202
     176
     193
     191
     177
     177
     178
     217
     202
     185
     189
     181
     162
     190
     159
     193
     162
     159
     178
     185
     170
     175
     158
     182
     194
     188
     187
     187
     182
     214
     177
     155
     157
     169
     186
     195
     153
     160
     188
     178
     187
     155
     182
     182
     188
     188
     170
     159
     161
     176
     160
     154
     173
     165
     181
     182
     171
     170
     168
     197
     166
     165
     144
     161
     168
     165
     155
     156
     184
     141
     169
     154
     167
     154
     147
     172
     158
     138
     179
     159
     153
     157
     156
     132
     151
     166
     149
     163
     189
     172
     147
     174
     151
     160
     140
     135
     154
     153
     134
     156
     157
     169
     151
     155
     136
     145
     143
     149
     163
     161
     147
     126
     160
     142
     151
     137
     127
     162
     145
     143
     167
     149
     142
     135
     143
     133
     142
     133
     121
     153
     130
     123
     134
     149
     135
     137
     152
     135
     134
     117
     152
     147
     149
     129
     130
     138
     142
     136
     148
     165
     156
     133
     129
     131
     157
     116
     133
     116
     135
     118
     142
     136
     118
     142
     140
     115
     129
     141
     149
     122
     114
     117
     136
     131
     119
     132
     155
     116
     116
     121
     117
     130
     114
     127
     117
     126
     130
     112
     138
     119
     134
     124
     138
     150
     137
     134
     137
     135
     130
     134
     129
     134
     140
     125
     137
     118
     124
     136
     125
     127
     140
     118
     127
     145
     139
     131
     154
     139
     123
     130
     152
     127
     132
     129
     128
     133
     133
     117
     117
     132
     145
     125
     128
     119
     131
     133
     110
     123
     107
     102
     107
     131
     125
     125
     139
     143
     127
     138
     112
     128
     122
     132
     122
     145
     127
     125
     115
     117
     110
     118
     123
     132
     121
     129
     123
     122
     137
      93
     111
     121
     137
     141
     119
     127
     123
     123
     124
     112
     122
     127
     117
     120
     126
     123
     132
     139
     119
     128
     118
     108
     108
     124
     121
     137
     135
     133
     127
     121
     133
     123
     116
     118
     141
     128
     109
     110
     132
     128
     137
     110
     130
     112
     111
     124
     118
     102
     121
     105
     129
     119
     113
     126
     131
     106
     115
     131
     114
     104
     106
     140
     108
      99
     122
     113
     119
     114
     119
     135
     127
     113
     116
     103
     122
     107
     120
     109
     108
     108
     106
     118
     132
     102
     121
     107
     128
     126
     145
     124
     109
     121
     115
     129
      96
     109
     117
     102
     106
     150
     110
     125
     118
     109
     130
     119
     128
     136
     125
     117
     117
     102
     107
     116
     128
     116
     128
     129
     108
     129
     107
     117
     121
     129
     106
     118
     116
     131
     112
     125
     118
      94
     112
     111
     102
     109
      92
     123
      98
     111
     127
     116
     123
     128
     115
     114
     101
     104
     100
     108
     123
     112
     102
     110
      89
      91
     106
     107
     114
     108
     109
     112
     114
      95
     111
     142
     106
     103
     102
     107
     104
     110
     111
     108
     118
     109
     107
      99
      98
     101
      98
      96
      98
     103
     126
     105
      89
     107
     131
     108
     107
     105
     100
     117
     104
     111
     101
     100
     107
     103
     115
     119
      97
      97
     118
     109
     106
     108
     116
      94
     106
     109
      97
      89
     108
     106
     115
     102
     102
     107
     102
     100
      96
      93
     101
     104
      87
     102
     109
     108
     112
     112
     117
     106
      92
      84
     114
     109
      98
      82
      99
     115
     101
     115
     116
     123
     115
     121
     100
     105
     118
     127
     101
     127
     104
      99
     117
      98
     100
      99
     101
     105
      97
      96
     111
     105
     109
     115
      96
     107
      93
     103
     109
      92
      98
      88
     112
      87
     102
     110
     114
     109
      99
     107
      98
     115
      97
     110
     111
     111
     111
      99
     116
     105
     102
     105
     115
      93
     122
     102
     103
      89
     118
     142
     103
      97
     110
     129
     102
     102
      98
      98
     117
     103
     101
     102
     103
      85
     113
     111
     107
     110
     115
     112
     116
     117
     103
      98
     102
     101
     113
     115
     104
      98
     111
      96
      97
     116
     125
     111
     109
     114
      94
     100
     118
      88
     102
     126
     102
     119
     104
      98
     109
     116
     104
     106
     113
      97
      98
     102
     102
      85
      86
     101
     109
     116
      89
      90
     107
      99
      95
     115
     119
      96
      94
      97
     108
      98
      98
     118
     117
     113
     118
      87
     126
      83
     104
     120
     108
     108
     102
      89
      88
      92
     118
      98
     104
      92
      93
      93
      93
      87
      93
     117
     103
     110
      92
      77
      96
      79
      93
      90
     105
      94
      82
     100
      81
      97
      72
      78
      85
      74
     108
      97
      99
      84
      77
     111
      78
      74
      96
     100
      92
      77
      92
      74
      93
      81
      92
      66
      93
      78
     103
      79
      82
      84
      85
      85
      96
      74
      83
      97
      79
      83
      85
      83
      73
      70
      80
      87
      82
      95
      89
      69
      77
      86
      96
      82
      78
      84
      87
      79
      66
      83
      80
      77
      93
      84
      98
      93
      75
      96
      75
      80
      92
      86
      97
      82
      96
      79
     101
      67
      67
      87
      70
     108
      90
      88
      77
      89
      84
      80
      93
      74
      81
      68
      84
      77
      78
      84
      75
     100
      87
      77
      76
      54
      66
      92
      80
      82
      88
      85
      82
      68
      89
      72
      68
      75
      76
      74
      82
      80
      59
      80
      83
      82
      77
      81
      67
      96
      77
      68
      65
      74
      79
      88
      72
      77
      64
      82
      76
      71
      74
      79
      91
      71
      72
      75
      90
      85
      76
      74
      64
      83
      79
      72
      74
      82
      77
      93
      83
      66
      70
      95
      84
      75
      69
      68
      82
      80
      69
      73
      75
      82
      70
      70
      63
      59
      77
      67
      75
      76
      80
      87
      83
      74
      53
      66
      81
      83
      79
      77
      68
      73
      67
      77
      81
      72
      56
      82
      86
      65
      81
      72
      60
      71
      77
      71
      82
      65
      81
      67
      91
      74
      91
      64
      78
      61
      74
      65
      69
      77
      64
      63
      73
      67
      79
      74
      84
      67
      67
      60
      67
      83
      67
      57
      62
      75
      79
      66
      68
      75
      56
      70
      78
      70
      72
      63
      72
      75
      71
      67
      77
      74
      84
      81
      76
      77
      67
      55
      76
      68
      66
      66
      66
      64
      76
      60
      64
      80
      78
      67
      80
      69
      68
      66
      79
      60
      62
      90
      73
      64
      59
      71
      72
      69
      65
      67
      53
      68
      54
      86
      73
      49
      64
      69
      86
      79
      69
      80
      60
      76
      74
      69
      56
      70
      70
      70
      75
      69
      67
      81
      70
      71
      67
      67
      73
      79
      71
      69
      75
      68
      63
      70
      72
      71
      83
      67
      72
      74
      62
      71
      69
      76
      69
      65
      64
      59
      74
      71
      60
      72
      70
      70
      87
      61
      69
      62
      74
      84
      81
      70
      56
      64
      62
      65
      64
      71
      54
      55
      63
      62
      65
      57
      58
      58
      77
      54
      44
      59
      70
      78
      48
      57
      47
      68
      69
      54
      51
      56
      54
      70
      52
      55
      56
      53
      55
      55
      63
      47
      58
      43
      41
      58
      57
      58
      61
      49
      57
      47
      57
      40
      56
      55
      43
      44
      43
      51
      50
      52
      51
      35
      46
      38
      55
      49
      44
      49
      34
      39
      52
      42
      36
      41
      41
      45
      50
      44
      42
      50
      35
      47
      43
      32
      45
      38
      47
      38
      38
      36
      50
      38
      30
      45
      45
      24
      36
      30
      51
      38
      43
      45
      47
      34
      39
      45
      28
      47
      37
      27
      33
      40
      35
      43
      35
      47
      45
      41
      46
      38
      38
      37
      33
      35
      37
      33
      42
      34
      35
      42
      39
      44
      22
      29
      38
      41
      31
      33
      44
      27
      24
      37
      35
      42
      40
      44
      46
      54
      65
      67
      77
      90
      95
     166
     202
     227
     302
     367
     479
     593
     760
     909
     998
    1066
    1167
    1178
    1192
    1143
     974
     832
     605
     426
     286
     204
     132
     108
      80
      62
      54
      28
      41
      30
      35
      31
      41
      32
      25
      37
      36
      32
      25
      31
      28
      37
      26
      36
      28
      36
      24
      21
      31
      21
      39
      25
      32
      18
      28
      31
      35
      19
      22
      28
      23
      29
      17
      26
      16
      29
      12
      31
      25
      20
      18
      24
      21
      20
      29
      23
      28
      26
      27
      16
      22
      22
      30
      24
      34
      27
      32
      22
      21
      23
      32
      19
      26
      24
      27
      25
      29
      31
      32
      17
      28
      12
      24
      19
      15
      25
      18
      35
      17
      21
      15
      20
      24
      26
      23
      17
      13
      22
      21
      19
      12
      27
      24
      19
      21
      24
      29
      27
      22
      22
      16
      16
      16
      23
      23
      24
      20
      28
      19
      18
      16
      20
      21
      16
      22
      16
      19
      16
      25
      19
      18
      23
      16
      13
      17
      16
       9
      20
      28
      18
      14
      12
      18
      18
      21
      14
      19
      16
      13
      17
      19
      24
      12
      22
      13
      23
      14
      21
      23
      13
      18
      16
      18
      21
      20
      18
      11
      19
      19
      23
      20
      14
      16
      21
      17
      19
      26
      17
      13
      21
      13
      18
      15
      14
      18
      19
      21
      19
      14
      17
      20
      14
      24
      17
      16
      15
       9
      13
      11
      12
      17
      28
      18
      19
      15
      13
      20
      13
      16
      19
      16
      14
      21
      14
       9
      18
      14
      16
      13
      22
      21
      22
      19
      25
      17
      18
      13
      16
      13
      18
      17
      28
      13
      19
      20
      21
      15
      15
      24
      10
      22
      21
      19
      16
      22
      19
      10
      20
      22
      11
      13
      17
      14
      20
      13
      13
      19
      17
      32
      17
      18
      18
      20
      16
      17
      24
      20
      23
      26
      21
      22
      20
      22
      17
      22
      21
      17
      20
      12
       7
      23
      27
      13
      28
      16
      21
      11
      18
      21
      21
      25
      28
      18
      13
      25
      18
      24
      19
      16
      26
      19
      14
      25
      22
      20
      14
      18
      25
      11
      24
      16
      19
      28
      24
      31
      21
      23
      17
      19
      27
      23
      19
      29
      20
      25
      21
      31
      29
      35
      34
      30
      23
      28
      24
      27
      24
      29
      27
      31
      27
      29
      24
      24
      32
      28
      21
      30
      43
      39
      29
      33
      26
      37
      38
      34
      31
      29
      36
      54
      65
      39
      47
      44
      73
      73
      52
      72
      71
      67
      80
      50
      58
      34
      29
      37
      25
      40
      35
      66
      61
      94
      88
     145
     153
     190
     261
     386
     455
     565
     618
     726
     828
     854
     900
     957
     957
     849
     813
     712
     581
     403
     289
     177
     126
      80
      65
      32
      27
      18
       9
       8
       5
       5
       3
       2
       3
       5
       2
       5
       5
       6
       3
       1
       2
       1
       5
       6
       1
       3
       3
       3
       4
       3
       3
       5
       2
       5
       5
       1
       1
       0
       5
       6
       1
       0
       4
       4
       2
       2
       4
       3
       5
       7
       4
       2
       3
       4
       3
       5
       0
       6
       4
       3
       5
       4
       3
       3
       4
       3
       1
       3
       7
       2
       5
       2
       2
       7
       5
       2
       2
       4
       2
       2
       4
       2
       5
       2
       3
       3
       4
       0
       3
       1
       5
       4
       1
       1
       3
       2
       1
       1
       2
       0
       4
       4
       1
       4
       1
       3
       2
       2
       7
       2
       3
       2
       2
       2
       2
       2
       6
       4
       4
       1
       2
       2
       7
       0
       3
       2
       2
       1
       4
       4
       5
       4
       3
       4
       1
       4
       1
       2
       2
       3
       3
       6
       0
       2
       3
       0
       3
       4
       7
       2
       4
       4
       1
       3
       4
       2
       4
       2
       4
       1
       2
       2
       3
       6
       2
       0
       4
       5
       5
       1
       4
       2
       2
       1
       2
       3
       2
       4
       2
       2
       3
       4
       2
       3
       2
       1
       2
       1
       2
       1
       1
       2
       4
       1
       0
       4
       1
       1
       1
       2
       3
       3
       2
       0
       2
       1
       0
       0
       1
       3
       2
       2
       4
       1
       0
       5
       0
       3
       3
       1
       4
       5
       1
       4
       2
       1
       1
       2
       0
       1
       1
       1
       1
       3
       1
       3
       3
       5
       4
       1
       2
       2
       2
       2
       1
       1
       2
       2
       2
       1
       2
       2
       3
       2
       0
       3
       2
       1
       4
       3
       0
       0
       2
       3
       2
       1
       1
       1
       1
       1
       1
       1
       0
       1
       0
       1
       1
       1
       1
       3
       4
       2
       0
       1
       1
       0
       2
       2
       0
       2
       4
       1
       1
       0
       1
       3
       4
       2
       3
       0
       2
       5
       0
       0
       3
       2
       1
       0
       1
       0
       0
       2
       2
       0
       6
       1
       1
       2
       4
       2
       2
       1
       1
       2
       2
       4
       1
       0
       1
       1
       1
       4
       1
       2
       0
       1
       0
       0
       1
       0
       2
       3
       2
       3
       0
       2
       1
       0
       1
       1
       1
       1
       1
       2
       0
       1
       1
       1
       2
       4
       4
       1
       3
       3
       2
       4
       0
       3
       2
       1
       1
       3
       1
       0
       1
       0
       2
       0
       3
       2
       5
       0
       0
       3
       1
       4
       1
       2
       0
       1
       3
       1
       2
       2
       2
       2
       0
       0
       1
       0
       2
       1
       2
       2
       1
       1
       1
       1
       2
       1
       1
       2
       2
       0
       0
       4
       2
       1
       2
       1
       0
       2
       1
       1
       0
       2
       4
       4
       3
       0
       0
       2
       1
       0
       1
       1
       0
       3
       0
       1
       3
       2
       4
       1
       1
       1
       2
       1
       0
       1
       2
       2
       2
       1
       0
       1
       5
       0
       0
       3
       0
       3
       1
       2
       2
       1
       4
       1
       2
       1
       2
       1
       2
       2
       2
       1
       0
       2
       3
       2
       0
       1
       1
       2
       1
       1
       2
       0
       2
       0
       1
       0
       1
       1
       0
       1
       0
       1
       5
       1
       2
       0
       1
       1
       0
       1
       1
       2
       4
       0
       2
       3
       1
       2
       2
       0
       1
       2
       3
       0
       1
       0
       1
       0
       3
       3
       1
       1
       0
       2
       0
       2
       0
       1
       2
       1
       1
       1
       1
       0
       2
       2
       0
       3
       1
       3
       1
       1
       2
       0
       3
       2
       2
       0
       0
       2
       0
       1
       0
       0
       0
       0
       0
       3
       1
       0
       1
       3
       2
       0
       3
       2
       1
       1
       1
       0
       0
       0
       1
       2
       0
       1
       0
       0
       2
       3
       1
       1
       1
       2
       1
       0
       2
       0
       2
       4
       0
       1
       1
       0
       4
       2
       1
       2
       1
       0
       1
       1
       0
       1
       0
       2
       1
       1
       0
       4
       2
       1
       1
       1
       1
       1
       1
       1
       1
       2
       2
       1
       1
       1
       2
       0
       3
       0
       1
       0
       1
       2
       0
       0
       2
       0
       0
       0
       2
       1
       0
       0
       1
       1
       0
       0
       3
       3
       1
       2
       0
       3
       2
       1
       1
       0
       3
       0
       1
       1
       0
       0
       1
       0
       0
       1
       2
       2
       0
       2
       0
       0
       3
       0
       1
       0
       0
       0
       1
       1
       1
       0
       0
       0
       1
       1
       3
       1
       1
       1
       0
       0
       2
       1
       0
       0
       1
       3
       2
       1
       0
       1
       0
       0
       1
       3
       2
       0
       0
       0
       0
       0
       1
       2
       2
       1
       1
       0
       1
       1
       0
       0
       0
       0
       0
       2
       0
       1
       2
       0
       1
       1
       0
       3
       0
       0
       2
       1
       1
       2
       2
       1
       0
       1
       2
       0
       1
       2
       1
       0
       1
       2
       0
       1
       0
       0
       0
       0
       1
       1
       0
       1
       1
       1
       1
       0
       2
       0
       2
       2
       0
       1
       0
       1
       1
       0
       0
       1
       0
       2
       3
       1
       0
       0
       1
       0
       1
       1
       0
       1
       1
       2
       1
       2
       0
       2
       2
       0
       1
       2
       1
       1
       1
       1
       1
       1
       3
       0
       0
       1
       4
       0
       1
       0
       1
       1
       0
       0
       2
       0
       1
       1
       0
       2
       0
       3
       5
       0
       1
       0
       0
       1
       0
       1
       0
       1
       0
       1
       1
       0
       1
       0
       0
       1
       2
       0
       1
       1
       0
       1
       0
       5
       1
       1
       2
       0
       2
       0
       0
       1
       1
       2
       0
       0
       1
       3
       1
       2
       0
       1
       1
       1
       2
       0
       2
       0
       1
       3
       1
       1
       0
       0
       0
       0
       2
       2
       0
       1
       1
       1
       1
       1
       0
       0
       1
       0
       0
       1
       0
       0
       1
       0
       1
       0
       2
       0
       2
       0
       0
       0
       0
       1
       0
       0
       3
       0
       0
       1
       0
       0
       0
       0
       3
       1
       1
       0
       0
       0
       1
       0
       0
       3
       0
       1
       2
       2
       2
       2
       1
       1
       0
       0
       1
       1
       0
       1
       1
       0
       1
       0
       2
       1
       1
       3
       2
       2
       1
       1
       0
       1
       1
       0
       1
       1
       0
       1
       0
       2
       0
       2
       4
       1
       0
       2
       0
       1
       1
       3
       0
       0
       0
       0
       0
       1
       1
       1
       1
       0
       0
       0
       1
       1
       0
       2
       0
       0
       0
       0
       0
       0
       2
       0
       0
       0
       0
       2
       0
       0
       1
       0
       3
       0
       1
       1
       0
       0
       1
       2
       1
       1
       0
       0
       1
       0
       1
       1
       1
       0
       1
       0
       1
       0
       0
       1
       0
       0
       1
       0
       0
       1
       1
       1
       1
       0
       2
       0
       0
       1
       0
       0
       1
       1
       3
       1
       1
       1
       1
       1
       1
       0
       0
       0
       0
       2
       1
       2
       1
       1
       3
       0
       0
       0
       1
       2
       1
       1
       1
       1
       1
       3
       1
       1
       1
       0
       1
       1
       1
       0
       1
       0
       2
       3
       0
       0
       1
       0
       0
       1
       1
       2
       0
       1
       0
       0
       1
       0
       0
       1
       1
       0
       1
       1
       1
       0
       0
       2
       0
       0
       0
       0
       0
       0
       1
       1
       2
       2
       0
       1
       0
       0
       2
       1
       0
       0
       1
       1
       1
       0
       1
       1
       0
       2
       3
       0
       0
       1
       2
       1
       0
       1
       0
       0
       2
       1
       1
       1
       2
       1
       0
       0
       1
       0
       0
       0
       0
       0
       1
       1
       1
       0
       0
       0
       1
       2
       1
       2
       0
       1
       1
       1
       0
       0
       0
       0
       0
       2
       0
       0
       0
       0
       0
       1
       1
       1
       0
       2
       0
       1
       1
       1
       1
       0
       1
       1
       0
       1
       1
       0
       0
       1
       0
       1
       1
       0
       3
       0
       0
       2
       0
       1
       1
       1
       0
       2
       0
       0
       0
       0
       0
       2
       1
       0
       0
       1
       1
       0
       0
       0
       0
       1
       0
       0
       2
       0
       0
       0
       0
       3
       1
       0
       1
       1
       2
       0
       0
       1
       0
       1
       0
       1
       1
       2
       0
       1
       0
       1
       0
       0
       2
       0
       0
       0
       0
       0
       0
       0
       1
       0
       0
       0
       0
       1
       0
       1
       0
       2
       0
       0
       0
       0
       0
       0
       2
       0
       0
       0
       0
       2
       0
       0
       0
       1
       0
       1
       0
       0
       0
       0
       0
       1
       0
       0
       0
       0
       1
       1
       0
       1
       0
       0
       0
       0
       0
       0
       0
       1
       0
       1
       0
       0
       1
       0
       1
       0
       0
       0
       0
       0
       0
       1
       0
       0
       1
       0
       0
       0
       0
       2
       0
       0
       0
       2
       0
       0
       1
       0
       0
       0
       1
       0
       0
       0
       0
       0
       0
       1
       0
       0
       1
       0
       0
       0
       0
       0
       0
       0
       0
       0
       0
       0
       0
       0
       0
       0
       0
       1
       0
       0
       0
       0
       0
       0
       0
       0
       0
       0
       0
       0
       0
       0
       0
       1
       0
       0
       1
       0
       0
       0
       0
       0
       1
       0
       0
       1
       0
       0
       1
       0
       0
       0
       0
       0
       0
       1
       0
       1
       0
       0
       0
       1
       0
       1
       0
       0
       1
       0
       0
       1
       0
       0
       1
       0
       0
       0
       1
       1
       1
       0
       1
       1
       0
       0
       1
       0
       0
       0
       0
       0
       0
       1
       0
       0
       1
       0
       0
       0
       0
       0
       0
       0
       0
       0
       0
       0
       1
       0
       0
       0
       2
       0
       3
       0
       0
       0
       2
       0
       0
       1
       1
       0
       0
       0
       0
       1
       0
       0
       0
       0
       1
       0
       0
       1
       0
       0
       0
       0
       0
       0
       0
       0
       1
       1
       0
       0
       0
       0
       1
       0
       0
       2
       0
       1
       0
       1
       1
       0
       0
       1
       0
       1
       0
       1
       1
       0
       0
       1
       1
       0
       0
       0
       0
       1
       1
       0
       0
       0
       1
       1
       0
       0
       0
       0
       0
       0
       0
       0
       1
       0
       0
       0
       0
       0
       0
       1
       0
       0
       0
       0
       1
       0
       0
       0
       0
       1
       0
       1
       0
       1
       0
       0
       1
       1
       0
       0
       1
       0
       0
       0
       0
       1
       0
       0
       1
       1
       0
       1
       1
       1
       0
       0
       1
       1
       0
       0
       0
       0
       0
       0
       0
       0
       0
       0
       0
       1
       0
       1
       0
       1
       0
       2
       1
       1
       1
       1
       2
       0
       1
       0
       0
       1
       0
       1
       1
       1
       2
       2
       1
       0
       0
       0
       0
       1
       0
       0
       0
       0
       1
       1
       1
       0
       1
       3
       0
       0
       0
       0
       0
       0
       0
       0
       0
       0
       0
       0
       0
       0
       0
       0
       0
       0
       0
       0
       0
       0
       0
       0
       0
       0
       1
       0
       0
       0
       0
       0
       0
       0
       0
       0
       0
       0
       0
       0
       0
       0
       1
       0
       1
       0
       0
       1
       0
       0
       1
       0
       0
       0
       0
       0
       1
       0
       0
       0
       0
       0
       0
       0
       0
       0
       0
       0
       1
       0
       0
       0
       0
       0
       0
       0
       0
       0
       0
       0
       0
       0
       0
       0
       0
       0
       0
       0
       0
       0
       0
       0
       1
       0
       0
       0
       0
       0
       0
       0
       0
       0
       1
       1
       0
       0
       0
       1
       0
       1
       0
       0
       0
       0
       0
       0
       0
       0
       0
       0
       0
       0
       0
       0
       0
       0
       0
       0
       0
       0
       0
       0
       0
       1
       0
       0
       0
       0
       1
       0
       0
       0
       0
       0
       0
       0
       0
       0
       0
       0
       0
       0
       0
       0
       0
       0
       0
       0
       0
       0
       0
       1
       0
       0
       0
       0
       0
       0
       0
       0
       1
       0
       0
       0
       0
       0
       1
       0
       0
       0
       0
       0
       0
       0
       1
       0
       1
       1
       1
       0
       0
       0
       0
       0
       0
       0
       1
       0
       0
       0
       0
       0
       0
       0
       0
       0
       0
       0
       0
       0
       0
       0
       0
       0
       0
       0
       1
       0
       0
       0
       0
       1
       1
       0
       0
       0
       0
       0
       0
       0
       0
       1
       0
       0
       0
       1
       0
       0
       0
       0
       0
       0
       0
       0
       0
       1
       0
       1
       0
       0
       0
       0
       0
       0
       0
       0
       0
       0
       0
       0
       0
       1
       0
       0
       0
       0
       0
       0
       0
       0
       0
       0
       0
       1
       0
       0
       1
       0
       0
       0
       0
       0
       0
       0
       0
       0
       0
       1
       0
       0
       0
       0
       0
       0
       0
       0
       0
       0
       0
       0
       0
       0
       0
       1
       0
       0
       0
       0
       0
       0
       0
       0
       0
       0
       0
       0
       0
       0
       0
       0
       1
       0
       0
       0
       0
       0
       0
       0
       0
       0
       0
       0
       1
       0
       0
       0
       0
       0
       0
       1
       0
       0
       0
       0
       0
       0
       1
       0
       0
       0
       0
       0
       1
       0
       0
       0
       0
       0
       0
       0
       0
       0
       0
       0
       0
       0
       0
       1
       0
       1
       0
       0
       1
       0
       0
       1
       1
       0
       0
       0
       0
       0
       0
       0
       0
       0
       0
       0
       1
       0
       0
       0
       0
       0
       0
       0
       1
       0
       0
       1
       0
       0
       0
       0
       0
       0
       0
       0
       1
       0
       0
       0
       0
       0
       0
       0
       0
       0
       0
       0
       0
       1
       0
       0
       0
       1
       0
       0
       0
       0
       0
       0
       0
       0
       0
       0
       0
       0
       0
       0
       0
       1
       0
       0
       0
       0
       0
       0
       0
       0
       0
       0
       0
       0
       0
       0
       0
       0
       0
       0
       0
       0
       0
       1
       0
       0
       0
       0
       0
       0
       0
       0
       0
       0
       0
       0
       0
       0
       1
       0
       0
       0
       0
       0
       0
       1
       0
       0
       1
       0
       0
       1
       0
       0
       0
       0
       0
       0
       0
       0
       0
       0
       0
       0
       0
       0
       2
       0
       0
       0
       0
       0
       0
       0
       0
       0
       0
       1
       0
       1
       1
       0
       0
       0
       1
       0
       0
       0
       0
       0
       0
       0
       0
       0
       0
       0
       0
       0
       0
       0
       0
       1
       0
       0
       0
       1
       0
       0
       0
       0
       0
       1
       0
       0
       0
       0
       0
       0
       0
       0
       0
       0
       0
       1
       0
       0
       0
       0
       0
       0
       0
       0
       0
       0
       1
       0
       0
       0
       0
       0
       0
       0
       0
       0
       0
       0
       0
       0
       0
       0
       0
       0
       0
       0
       0
       0
       0
       1
       0
       0
       0
       0
       0
       0
       0
       0
       0
       0
       0
       1
       0
       1
       0
       1
       0
       0
       0
       0
       0
       0
       1
       0
       0
       0
       0
       0
       0
       0
       0
       0
       0
       0
       0
       0
       0
       0
       0
       1
       0
       0
       0
       0
       0
       0
       0
       0
       0
       0
       0
       0
       2
       0
       0
       0
       0
       1
       0
       0
       2
       0
       0
       0
       0
       1
       0
       0
       0
       0
       0
       0
       0
       0
       1
       0
       1
       0
       0
       0
       0
       0
       0
       0
       0
       0
       1
       0
       0
       0
       1
       0
       0
       0
       0
       1
       0
       0
       0
       0
       0
       0
       0
       0
       1
       0
       0
       0
       0
       0
       0
       0
       0
       0
       0
       0
       1
       0
       0
       0
       0
       0
       0
       0
       0
       0
       0
       0
       0
       1
       0
       0
       0
       0
       0
       0
       0
       0
       0
       0
       0
       0
       0
       0
       0
       0
       0
       0
       0
       0
       0
       0
       0
       0
       0
       0
       0
       0
       0
       0
       1
       0
       0
       1
       0
       1
       0
       0
       0
       1
       0
       0
       0
       0
       0
       0
       0
       0
       1
       0
       0
       0
       0
       0
       0
       0
       0
       0
       0
       1
       0
       1
       0
       0
       0
       1
       0
       0
       0
       0
       0
       0
       0
       1
       0
       0
       0
       0
       0
       0
       0
       0
       0
       0
       0
       0
       0
       1
       0
       0
       0
       0
       2
       0
       0
       0
       0
       0
       0
       0
       0
       0
       0
       0
       0
       0
       0
       0
       0
       0
       0
       0
       0
       0
       0
       0
       0
       0
       0
       0
       0
       0
       1
       0
       0
       0
       0
       0
       0
       0
       0
       0
       0
       0
       0
       0
       0
       0
       0
       0
       0
       0
       0
       0
       0
       0
       0
       0
       1
       0
       0
       0
       0
       0
       0
       1
       0
       0
       0
       0
       0
       0
       0
       0
       0
       0
       0
       0
       1
       1
       0
       0
       0
       0
       0
       0
       0
       0
       0
       0
       0
       0
       0
       0
       0
       0
       0
       0
       0
       0
       0
       0
       0
       0
       0
       0
       0
       0
       0
       0
       0
       0
       0
       0
       0
       0
       0
       0
       1
       0
       0
       0
       0
       0
       0
       0
       0
       1
       0
       0
       0
       0
       0
       0
       0
       0
       0
       0
       0
       0
       0
       0
       0
       0
       0
       0
       0
       0
       0
       0
       0
       0
       0
       0
       0
       0
       0
       0
       0
       0
       1
       0
       0
       0
       0
       0
       0
       0
       0
       0
       0
       0
       0
       0
       0
       0
       0
       0
       0
       0
       1
       0
       0
       1
       0
       0
       0
       0
       0
       0
       0
       0
       0
       0
       1
       0
       0
       0
       0
       0
       0
       0
       0
       0
       0
       0
       0
       0
       1
       0
       0
       0
       0
       0
       0
       0
       0
       0
       0
       0
       0
       0
       0
       0
       0
       0
       0
       0
       0
       0
       0
       0
       0
       0
       0
       0
       0
       0
       0
       0
       0
       0
       0
       0
       0
       0
       0
       0
       0
       0
       0
       0
       0
       0
       0
       0
       0
       0
       0
       1
       0
       0
       0
       0
       0
       0
       0
       0
       0
       0
       0
       0
       1
       0
       0
       0
       0
       0
       0
       0
       0
       0
       0
       0
       0
       1
       0
       0
       0
       0
       0
       0
       0
       0
       0
       0
       0
       0
       0
       0
       1
       0
       0
       0
       0
       1
       0
       0
       0
       0
       0
       0
       0
       0
       0
       0
       0
       0
       0
       0
       0
       0
       0
       0
       0
       0
       0
       0
       0
       0
       0
       0
       0
       0
       1
       0
       0
       0
       0
       0
       0
       0
       0
       0
       0
       0
       0
       0
       0
       0
       0
       0
       0
       0
       0
       0
       0
       0
       0
       0
       1
       0
       0
       0
       0
       0
       0
       0
       0
       0
       0
       0
       0
       0
       0
       0
       0
       0
       0
       0
       0
       0
       0
       0
       0
       0
       0
       0
       0
       0
       0
       0
       0
       0
       0
       0
       0
       0
       0
       0
       1
       0
       0
       0
       0
       1
       0
       0
       0
       0
       0
       0
       0
       0
       0
       0
       0
       0
       0
       0
       0
       0
       0
       0
       0
       0
       0
       0
       0
       0
       0
       0
       1
       0
       0
       1
       0
       0
       0
       0
       0
       0
       0
       0
       0
       0
       0
       0
       0
       0
       1
       0
       1
       0
       0
       0
       0
       0
       0
       3
       0
       1
       2
       0
       0
       0
       0
       0
       0
       0
       0
       0
       1
       0
       0
       0
       1
       0
       0
       0
       1
       0
       0
       0
       0
       0
       1
       0
       0
       0
       0
       0
       0
       0
       0
       0
       0
       0
       0
       0
       0
       0
       0
       0
       0
       1
       0
       0
       0
       0
       0
       0
       0
       0
       0
       0
       0
       0
       1
       0
       0
       0
       0
       0
       0
       1
       0
       0
       0
       0
       0
       0
       0
       0
       0
       0
       0
       0
       0
       0
       0
       0
       0
       0
       1
       0
       0
       0
       0
       0
       0
       1
       0
       0
       0
       0
       0
       0
       0
       0
       0
       0
       0
       0
       0
       0
       0
       0
       0
       0
       0
       0
       0
       0
       0
       0
       0
       0
       0
       1
       0
       0
       0
       0
       0
       0
       0
       0
       0
       0
       0
       0
       0
       0
       0
       0
       0
       0
       0
       0
       0
       0
       0
       0
       0
       0
       0
       0
       0
       0
       0
       0
       0
       0
       0
       0
       0
       0
       0
       0
       0
       0
       0
       0
       0
       0
       1
       0
       0
       0
       0
       0
       0
       0
       0
       0
       1
       0
       0
       1
       0
       0
       0
       0
       0
       0
       0
       0
       0
       0
       0
       0
       1
       0
       0
       0
       0
       0
       0
       0
       0
       0
       0
       0
       0
       0
       0
       0
       0
       0
       0
       0
       0
       0
       0
       0
       0
       0
       0
       0
       0
       0
       0
       0
       0
       0
       0
       0
       0
       0
       0
       0
       0
       0
       0
       0
       0
       0
       0
       0
       0
       0
       0
       0
       0
       0
       0
       0
       0
       0
       0
       0
       0
       0
       0
       0
       0
       0
       0
       0
       0
       0
       0
       0
       1
       0
       0
       0
       0
       0
       0
       0
       0
       0
       0
       0
       0
       0
       0
       0
       0
       0
       1
       0
       0
       0
       0
       0
       0
       0
       0
       0
       0
       0
       0
       0
       0
       0
       0
       0
       0
       0
       0
       0
       0
       0
       0
       0
       0
       0
       0
       0
       0
       0
       0
       0
       0
       0
       0
       0
       0
       0
       0
       0
       0
       0
       0
       0
       0
       0
       0
       0
       0
       0
       0
       0
       0
       0
       0
       0
       0
       0
       0
       0
       0
       0
       0
       0
       0
       0
       0
       0
       0
       0
       0
       0
       0
       0
       0
       0
       0
       0
       0
       0
       0
       0
       0
       0
       0
       0
       0
       0
       0
       0
       0
       0
       0
       0
       0
       0
       0
       0
       0
       0
       0
       0
       0
       0
       0
       0
       0
       0
       0
       0
       0
       0
       0
       0
       0
       0
       0
       0
       0
       0
       0
       0
       0
       0
       0
       0
       0
       0
       0
       0
       0
       0
       0
       0
       1
       0
       0
       0
       0
       0
       0
       0
       0
       0
       0
       0
       0
       0
       0
       0
       0
       0
       0
       0
       0
       0
       0
       0
       0
       0
       0
       0
       0
       0
       0
       0
       0
       0
       0
       0
       0
       0
       0
       0
       0
       0
       0
       0
       1
       0
       0
       0
       0
       0
       0
       0
       0
       0
       0
       0
       0
       0
       0
       0
       0
       0
       0
       0
       0
       0
       0
       0
       0
       0
       0
       0
       0
       0
       0
       0
       0
       0
       0
       0
       0
       0
       0
       0
       0
       0
       0
       0
       0
       0
       0
       0
       1
       0
       0
       0
       0
       0
       0
       0
       0
       0
       0
       0
       0
       0
       0
       0
       0
       0
       0
       0
       0
       0
       0
       0
       0
       0
       0
       0
       0
       0
       0
       0
       0
       0
       0
       0
       0
       0
       0
       0
       0
       0
       0
       0
       0
       0
       0
       0
       0
       0
       0
       0
       0
       0
       0
       0
       1
       1
       0
       0
       0
       0
       0
       0
       0
       0
       0
       0
       0
       0
       0
       0
       0
       0
       0
       0
       0
       0
       0
       0
       0
       0
       0
       0
       0
       0
       0
       0
       0
       0
       0
       1
       0
       0
       0
       0
       0
       0
       0
       0
       0
       0
       0
       0
       0
       0
       0
       0
       0
       0
       0
       0
       0
       0
       0
       0
       0
       0
       0
       0
       0
       0
       0
       1
       0
       0
       0
       0
       0
       0
       0
       0
       0
       0
       0
       0
       0
       0
       0
       0
       0
       0
       0
       0
       0
       0
       0
       0
       0
       0
       0
       0
       0
       0
       0
       0
       0
       0
       0
       0
       0
       0
       0
       0
       0
       0
       0
       0
       0
       0
       0
       0
       0
       0
       0
       0
       0
       0
       0
       0
       0
       0
       0
       0
       0
       0
       0
       0
       0
       0
       0
       0
       0
       0
       0
       0
       0
       0
       0
       0
       0
       0
       0
       0
       0
       0
       0
       0
       0
       0
       0
       0
       0
       0
       0
       0
       0
       0
       0
       0
       0
       0
       0
       0
       0
       0
       0
       0
       0
       0
       0
       0
       0
       0
       0
       0
       0
       0
       0
       0
       0
       0
       0
       0
       0
       0
       0
       0
       0
       0
       0
       0
       0
       0
       0
       0
       0
       0
       0
       0
       0
       0
       0
       0
       0
       0
       0
       0
       0
       0
       0
       0
       0
       0
       0
       0
       0
       0
       0
       0
       0
       0
       0
       0
       0
       0
       0
       0
       0
       0
       0
       0
       0
       0
       0
       0
       0
       0
       0
       0
       0
       0
       0
       0
       0
       0
       0
       0
       0
       0
       0
       0
       0
       0
       0
       0
       0
       0
       0
       0
       0
       0
       0
       0
       0
       0
       1
       0
       0
       0
       0
       0
       0
       0
       0
       0
       0
       0
       0
       0
       0
       0
       0
       0
       0
       0
       0
       0
       0
       0
       0
       0
       0
       0
       0
       0
       0
       0
       0
       0
       0
       0
       0
       0
       0
       0
       0
       1
       0
       0
       0
       0
       0
       0
       0
       0
       0
       0
       0
       0
       1
       0
       0
       0
       0
       0
       0
       0
       0
       0
       0
       0
       0
       0
       0
       0
       0
       0
       0
       0
       0
       0
       1
       0
       0
       0
       0
       0
       0
       0
       0
       0
       0
       0
       0
       0
       0
       0
       0
       0
       0
       0
       0
       0
       0
       0
       0
       0
       0
       0
       0
       0
       0
       0
       0
       0
       0
       0
       0
       0
       0
       0
       0
       0
       0
       0
       0
       0
       0
       0
       1
       0
       0
       0
       0
       0
       0
       0
       0
       0
       0
       0
       0
       0
       0
       0
       0
       0
       0
       0
       0
       0
       0
       0
       0
       0
       0
       0
       0
       0
       0
       0
       0
       0
       0
       0
       0
       0
       0
       0
       0
       0
       0
       0
       0
       0
       0
       0
       0
       0
       0
       0
       0
       0
       0
       0
       0
       0
       0
       0
       0
       0
       0
       0
       0
       0
       0
       0
       1
       0
       0
       0
       0
       0
       0
       0
       0
       0
       0
       0
       0
       0
       0
       0
       0
       0
       0
       0
       0
       0
       0
       0
       0
       0
       0
       0
       1
       0
       0
       0
       0
       0
       0
       0
       0
       0
       0
       0
       0
       0
       0
       0
       0
       0
       0
       0
       0
       0
       1
       0
       0
       0
       0
       0
       0
       0
       0
       0
       0
       0
       0
       0
       0
       0
       0
       0
       0
       0
       0
       0
       0
       0
       0
       0
       0
       0
       0
       0
       0
       0
       0
       0
       0
       0
       0
       0
       0
       0
       0
       0
       0
       0
       0
       0
       0
       0
       0
       0
       0
       0
       0
       0
       0
       0
       0
       0
       0
       0
       0
       0
       0
       0
       0
       0
       0
       0
       0
       0
       0
       0
       0
       0
       0
       0
       0
       0
       0
       0
       0
       0
       0
       0
       0
       0
       0
       0
       0
       0
       0
       0
       0
       0
       0
       0
       0
       0
       0
       0
       0
       0
       0
       0
       0
       0
       0
       0
       0
       0
       0
       0
       0
       0
       0
       0
       0
       0
       0
       0
       0
       1
       0
       0
       0
       0
       0
       0
       0
       0
       0
       0
       0
       0
       0
       0
       0
       0
       0
       0
       0
       0
       0
       0
       1
       0
       0
       0
       0
       0
       0
       0
       0
       0
       0
       0
       0
       0
       0
       0
       0
       0
       0
       0
       0
       0
       0
       0
       0
       0
       0
       0
       0
       0
       0
       0
       0
       0
       0
       0
       0
       0
       0
       0
       0
       0
       0
       0
       0
       0
       0
       0
       0
       0
       0
       0
       0
       0
       0
       0
       0
       0
       0
       0
       0
       0
       0
       0
       0
       0
       0
       0
       0
       0
       0
       0
       0
       0
       0
       0
       0
       0
       0
       0
       0
       0
       0
       0
       0
       0
       0
       0
       0
       0
       0
       0
       0
       0
       0
       0
       0
       0
       0
       0
       0
       0
       0
       0
       0
       0
       0
       0
       0
       0
       0
       0
       0
       0
       0
       0
       0
       0
       0
       0
       0
       0
       0
       0
       0
       0
       0
       0
       0
       0
       0
       0
       0
       0
       0
       0
       0
       0
       0
       0
       0
       0
       0
       0
       0
       0
       0
       0
       0
       0
       0
       0
       0
       0
       0
       0
       0
       0
       0
       0
       0
       0
       0
       0
       0
       0
       0
       0
       0
       0
       0
       0
       0
       0
       0
       0
       0
       1
       0
       0
       0
       0
       0
       0
       0
       0
       0
       0
       0
       0
       0
       0
       0
       0
       0
       0
       0
       0
       0
       0
       0
       0
       0
       0
       0
       0
       0
       0
       0
       0
       0
       0
       0
       0
       0
       0
       0
       0
       0
       0
       0
       0
       0
       0
       0
       0
       0
       0
       0
       0
       0
       0
       0
       0
       0
       0
       0
       0
       0
       0
       0
       0
       0
       0
       0
       0
       0
       0
       0
       0
       1
       0
       1
       0
       0
       0
       0
       0
       0
       0
       0
       0
       0
       0
       0
       0
       0
       0
       0
       0
       0
       0
       0
       0
       0
       0
       1
       0
       0
       1
       0
       0
       0
       0
       0
       0
       0
       0
       0
       0
       0
       0
       0
       0
       0
       0
       0
       0
       0
       0
       0
       0
       0
       0
       0
       0
       0
       0
       0
       0
       0
       0
       0
       0
       0
       0
       0
       0
       0
       0
       0
       0
       0
       0
       0
       0
       0
       0
       0
       0
       0
       0
       0
       0
       0
       0
       0
       0
       0
       0
       0
       0
       0
       0
       0
       0
       0
       0
       0
       0
       0
       0
       0
       0
       0
       0
       0
       0
       0
       0
       0
       0
       0
       0
       0
       1
       0
       0
       0
       0
       0
       0
       0
       0
       0
       0
       0
       0
       0
       0
       0
       0
       0
       0
       0
       0
       0
       0
       0
       0
       0
       0
       0
       0
       0
       0
       0
       0
       0
       0
       0
       0
       0
       0
       0
       0
       0
       0
       0
       0
       0
       0
       0
       0
       0
       0
       0
       0
       0
       0
       0
       0
       0
       0
       0
       0
       0
       0
       0
       0
       0
       0
       0
       0
       0
       0
       0
       0
       0
       0
       0
       0
       0
       0
       0
       0
       0
       0
       0
       0
       0
       0
       0
       0
       0
       0
       0
       0
       0
       0
       0
       0
       0
       0
       0
       0
       0
       0
       0
       0
       0
       0
       0
       0
       0
       0
       0
       0
       0
       0
       0
       0
       0
       0
       0
       0
       0
       0
       0
       0
       0
       0
       0
       0
       0
       0
       0
       0
       0
       0
       0
       0
       0
       0
       0
       0
       0
       0
       0
       0
       0
       0
       0
       0
       0
       0
       0
       0
       0
       0
       0
       0
       0
       0
       0
       0
       0
       0
       0
       0
       0
       0
       0
       0
       0
       0
       0
       0
       0
       0
       0
       0
       0
       0
       0
       0
       0
       0
       0
       0
       0
       0
       0
       0
       0
       0
       0
       0
       0
       0
       0
       0
       0
       0
       0
       0
       0
       0
       0
       0
       0
       0
       0
       0
       0
       0
       0
       0
       0
       0
       0
       0
       0
       0
       0
       0
       0
       0
       0
       0
       0
       0
       0
       0
       0
       0
       0
       0
       0
       0
       0
       0
       0
       0
       0
       0
       0
       0
       0
       0
       0
       0
       0
       0
       0
       0
       0
       0
       0
       0
       0
       0
       0
       0
       0
       0
       0
       0
       0
       0
       0
       0
       0
       0
       0
       0
       0
       0
       0
       0
       0
       0
       0
       0
       0
       0
       0
       0
       0
       0
       0
       0
       0
       0
       0
       0
       0
       0
       0
       0
       0
       0
       0
       0
       0
       0
       0
       0
       0
$ROI:
3
2091 2111
2937 2969
3328 3372
$PRESETS:
None
0
0
$ENER_FIT:
-1.603023 0.398142
$MCA_CAL:
3
-1.603023E+000 3.981421E-001 -1.843240E-007 keV
$SHAPE_CAL:
3
5.712108E+000 -5.708310E-004 7.647117E-007
