$SPEC_ID:
Pulser
$SPEC_REM:
DET# 2
DETDESC# DETECTOR 2
AP# GammaVision Version 7.01.03
$DATE_MEA:
03/26/2017 10:46:00
$MEAS_TIM:
852 865
$DATA:
0 8191
       0
       0
       0
       0
       0
       0
       0
       0
       0
       0
       0
       0
       0
       0
       0
       0
       0
       0
       0
       0
       0
       0
       0
      50
    1932
    1877
    1109
     966
     945
     879
     941
     946
     929
     983
     944
     984
    1019
    1010
    1033
    1054
    1057
    1013
     979
    1054
    1002
    1003
    1032
    1040
    1044
    1063
    1149
    1094
    1207
    1232
    1362
    1633
    1699
    1512
    1302
    1201
    1183
    1190
    1254
    1196
    1251
    1260
    1345
    1451
    1532
    1494
    1544
    1702
    1787
    2038
    2312
    2665
    3010
    3455
    5183
    9393
   15861
   19481
   16003
    8540
    3675
    1912
    1472
    1545
    1635
    1842
    2826
    4266
    5047
    4387
    3206
    2164
    1484
    1125
     984
     974
    1018
     979
     986
    1026
    1057
     941
     968
     952
     995
    1003
    1041
    1027
     999
     993
     955
     950
    1005
    1054
    1018
    1033
    1057
    1011
     981
     962
    1058
    1019
    1089
    1109
    1099
     996
    1109
    1088
    1153
    1137
    1067
    1083
    1032
    1095
    1085
    1106
    1127
    1075
    1111
    1139
    1133
    1141
    1212
    1255
    1276
    1223
    1250
    1243
    1216
    1238
    1286
    1303
    1294
    1322
    1362
    1340
    1349
    1408
    1290
    1366
    1395
    1327
    1298
    1379
    1330
    1359
    1280
    1377
    1378
    1443
    1383
    1389
    1448
    1400
    1447
    1429
    1555
    1884
    2835
    4270
    4959
    4207
    3127
    3370
    5266
    7192
    7061
    4624
    2443
    1435
    1249
    1232
    1157
    1215
    1160
    1246
    1208
    1208
    1219
    1194
    1167
    1215
    1235
    1213
    1221
    1286
    1339
    1613
    2239
    3155
    3608
    3403
    2463
    1759
    1512
    1616
    1813
    1899
    1660
    1408
    1239
    1180
    1157
    1136
    1063
    1184
    1136
    1160
    1140
    1166
    1162
    1157
    1155
    1202
    1183
    1170
    1177
    1207
    1188
    1240
    1223
    1209
    1156
    1183
    1185
    1213
    1151
    1294
    1238
    1234
    1182
    1157
    1197
    1222
    1282
    1196
    1228
    1234
    1199
    1190
    1198
    1276
    1242
    1162
    1202
    1271
    1218
    1232
    1185
    1260
    1232
    1342
    1251
    1219
    1281
    1255
    1296
    1259
    1311
    1317
    1245
    1321
    1280
    1229
    1364
    1274
    1383
    1289
    1358
    1312
    1316
    1356
    1331
    1370
    1386
    1299
    1322
    1339
    1394
    1383
    1353
    1372
    1367
    1369
    1390
    1408
    1309
    1361
    1328
    1317
    1503
    1336
    1408
    1378
    1397
    1294
    1455
    1454
    1384
    1426
    1361
    1458
    1421
    1341
    1398
    1383
    1407
    1433
    1334
    1463
    1362
    1378
    1419
    1400
    1327
    1379
    1363
    1393
    1397
    1410
    1408
    1409
    1456
    1451
    1369
    1358
    1358
    1416
    1414
    1413
    1381
    1419
    1323
    1380
    1430
    1338
    1361
    1397
    1405
    1391
    1336
    1443
    1491
    1387
    1330
    1367
    1404
    1414
    1409
    1444
    1462
    1390
    1400
    1401
    1379
    1394
    1413
    1358
    1394
    1442
    1422
    1391
    1332
    1318
    1357
    1395
    1398
    1409
    1331
    1397
    1436
    1345
    1467
    1380
    1378
    1321
    1314
    1324
    1456
    1366
    1328
    1389
    1298
    1382
    1345
    1433
    1401
    1411
    1319
    1355
    1321
    1391
    1358
    1300
    1381
    1323
    1263
    1421
    1423
    1362
    1375
    1376
    1342
    1357
    1366
    1367
    1340
    1316
    1318
    1372
    1354
    1477
    1348
    1388
    1360
    1392
    1322
    1377
    1349
    1353
    1376
    1409
    1381
    1346
    1342
    1405
    1376
    1401
    1348
    1407
    1437
    1396
    1429
    1411
    1494
    1478
    1445
    1545
    1466
    1519
    1512
    1629
    1639
    1663
    1687
    1692
    1706
    1672
    1752
    1732
    1804
    1790
    1787
    1805
    1789
    1813
    1853
    1769
    1777
    1806
    1763
    1789
    1715
    1755
    1792
    1838
    1887
    1808
    1775
    1731
    1850
    1877
    1847
    1735
    1802
    1720
    1743
    1795
    1731
    1828
    1818
    1785
    1831
    1813
    1773
    1848
    1845
    1847
    1779
    1779
    1781
    1754
    1821
    1836
    1848
    1773
    1818
    1737
    1771
    1874
    1804
    1818
    1745
    1754
    1845
    1763
    1703
    1736
    1805
    1662
    1669
    1690
    1667
    1652
    1718
    1681
    1684
    1655
    1722
    1657
    1737
    1733
    1706
    1647
    1658
    1665
    1694
    1637
    1664
    1591
    1602
    1592
    1649
    1529
    1618
    1614
    1608
    1621
    1599
    1545
    1573
    1575
    1514
    1565
    1546
    1528
    1530
    1530
    1535
    1485
    1518
    1521
    1480
    1501
    1488
    1454
    1417
    1559
    1498
    1477
    1491
    1431
    1537
    1493
    1380
    1530
    1439
    1411
    1362
    1471
    1416
    1411
    1418
    1400
    1404
    1455
    1422
    1411
    1422
    1368
    1436
    1342
    1346
    1383
    1368
    1359
    1264
    1350
    1354
    1379
    1371
    1393
    1339
    1330
    1356
    1350
    1389
    1386
    1316
    1338
    1314
    1328
    1279
    1302
    1300
    1272
    1315
    1322
    1273
    1339
    1276
    1235
    1291
    1234
    1227
    1223
    1258
    1249
    1237
    1242
    1223
    1210
    1201
    1210
    1229
    1240
    1218
    1196
    1209
    1132
    1133
    1197
    1231
    1196
    1203
    1167
    1160
    1128
    1198
    1103
    1106
    1118
    1114
    1126
    1155
    1183
    1104
    1081
    1005
    1049
    1059
    1057
    1067
    1045
    1064
    1032
    1027
     973
    1077
     987
    1017
    1032
    1019
    1023
    1034
     943
    1027
    1001
     955
    1001
     973
     973
     994
     954
     993
     906
     971
     972
     919
     905
     888
     957
     947
     945
     874
     893
     923
     926
     957
     948
     908
     898
     890
     924
     879
     890
     813
     850
     904
     919
     855
     876
     876
     838
     905
     849
     866
     842
     845
     866
     867
     860
     789
     796
     803
     880
     830
     832
     887
     829
     867
     811
     802
     797
     839
     845
     817
     825
     798
     828
     853
     807
     778
     796
     825
     819
     771
     857
     843
     773
     802
     795
     809
     810
     754
     758
     782
     815
     818
     771
     762
     797
     775
     811
     837
     740
     751
     774
     784
     753
     757
     745
     772
     773
     817
     769
     774
     747
     790
     777
     733
     721
     759
     773
     774
     751
     804
     802
     718
     799
     773
     740
     771
     731
     747
     727
     799
     762
     706
     698
     751
     759
     727
     741
     708
     782
     773
     701
     727
     690
     711
     750
     741
     719
     737
     716
     751
     727
     781
     699
     763
     719
     749
     728
     749
     723
     682
     763
     667
     713
     733
     733
     692
     733
     753
     708
     694
     726
     674
     747
     717
     707
     680
     742
     703
     711
     776
     717
     721
     705
     752
     747
     694
     701
     738
     703
     734
     716
     747
     749
     720
     742
     694
     767
     701
     662
     714
     721
     741
     723
     667
     671
     773
     689
     711
     681
     732
     701
     689
     700
     727
     693
     674
     704
     728
     720
     724
     702
     716
     708
     688
     698
     746
     716
     737
     690
     722
     739
     696
     719
     751
     731
     741
     680
     713
     706
     688
     708
     773
     667
     716
     660
     731
     687
     751
     672
     687
     710
     725
     718
     714
     714
     740
     733
     694
     717
     714
     766
     731
     742
     763
     710
     698
     705
     741
     710
     677
     737
     748
     727
     685
     730
     714
     696
     705
     760
     712
     729
     731
     726
     803
     709
     725
     723
     769
     778
     733
     715
     690
     709
     739
     746
     726
     744
     686
     794
     793
     739
     790
     689
     733
     720
     736
     703
     677
     786
     759
     685
     787
     733
     691
     705
     742
     723
     745
     739
     773
     707
     752
     757
     755
     788
     756
     753
     774
     763
     766
     751
     754
     763
     779
     741
     742
     751
     765
     797
     745
     739
     776
     805
     796
     754
     754
     747
     845
     782
     734
     773
     750
     742
     778
     756
     804
     788
     771
     734
     868
     799
     794
     747
     776
     784
     757
     801
     795
     839
     790
     809
     810
     799
     765
     769
     846
     862
     866
     759
     804
     777
     826
     844
     802
     836
     783
     832
     836
     848
     855
     802
     799
     834
     861
     839
     866
     860
     859
     883
     813
     844
     854
     834
     880
     845
     923
     831
     951
     880
     861
     882
     860
     884
     846
     896
     933
     887
     899
     895
     930
     902
     937
     874
     870
     847
     897
     912
     911
     923
     886
     892
     923
     933
     911
     946
     937
     898
     935
     951
     948
     887
     915
     942
     954
     942
    1015
     969
     968
     987
     959
     938
     980
     978
     916
     997
     954
    1008
     981
     924
     973
     961
     949
     989
    1027
     986
    1015
     973
     975
    1032
     935
    1027
     991
    1050
    1041
    1045
     999
     990
     997
    1004
     981
    1028
    1019
     974
    1050
    1061
    1018
    1061
    1031
    1059
    1030
    1022
    1032
    1006
    1035
    1050
    1053
    1025
    1014
    1038
    1057
    1026
    1007
    1024
    1028
    1025
    1011
    1043
    1046
     967
    1005
     963
    1003
    1038
     975
     930
     932
     937
     929
     909
     885
     892
     823
     836
     829
     820
     764
     737
     730
     753
     711
     788
     657
     654
     654
     671
     660
     644
     622
     631
     625
     655
     631
     608
     568
     639
     545
     614
     538
     566
     609
     525
     557
     578
     566
     579
     557
     576
     563
     543
     514
     524
     566
     560
     543
     538
     497
     466
     481
     487
     544
     528
     519
     492
     494
     523
     512
     519
     463
     497
     454
     482
     477
     508
     487
     455
     486
     497
     493
     447
     480
     430
     431
     418
     444
     469
     460
     424
     452
     430
     469
     468
     439
     457
     467
     421
     465
     431
     470
     454
     430
     421
     405
     436
     388
     439
     401
     386
     397
     423
     412
     389
     414
     377
     389
     389
     402
     390
     409
     372
     393
     371
     383
     373
     320
     356
     377
     376
     335
     380
     338
     359
     336
     356
     337
     368
     370
     357
     314
     331
     315
     324
     297
     285
     323
     322
     290
     307
     332
     277
     312
     296
     331
     346
     286
     293
     309
     290
     293
     285
     285
     292
     292
     237
     283
     290
     261
     252
     278
     248
     268
     270
     278
     255
     262
     236
     279
     246
     237
     217
     250
     240
     207
     231
     218
     223
     223
     244
     206
     216
     232
     233
     201
     224
     220
     192
     223
     229
     206
     222
     219
     198
     196
     212
     216
     214
     208
     205
     194
     181
     178
     186
     195
     166
     161
     168
     187
     152
     177
     171
     168
     179
     199
     182
     185
     161
     169
     142
     172
     177
     143
     185
     145
     150
     158
     166
     152
     169
     158
     140
     151
     135
     141
     128
     158
     152
     123
     152
     158
     134
     139
     146
     122
     135
     152
     130
     118
     111
     135
     122
     131
     131
     127
     133
     115
     129
     127
     132
     121
     109
     122
     120
     126
     109
     101
     112
     118
     125
     125
     111
     106
     114
     102
     124
     118
      94
     105
     115
     112
     122
     123
     113
     126
     121
     111
     111
     101
     111
     107
     103
     101
     103
     104
     106
     130
     113
     121
     109
      86
     107
     121
     123
      99
      86
     118
     113
     103
     110
     100
     101
      99
     104
      99
      96
      95
      98
     122
      91
     102
      95
     106
     103
      88
     121
     104
     100
     116
     106
      90
      88
      96
      93
     106
     109
     105
      99
     102
      87
     109
      94
      90
      98
     105
      86
     102
     105
      96
      88
     105
     104
      95
      92
     110
      96
     110
      95
     103
     106
      96
      92
      94
      84
      92
     133
      83
      91
      99
     106
      98
      92
      89
      96
      92
      84
      95
      95
      95
      72
      91
     100
     104
      99
     105
      86
      82
      95
      94
      80
      91
     112
      92
      93
      97
     104
     108
     100
      98
      99
      91
      87
      93
      73
      88
      71
      94
      95
     103
      82
      93
      96
      83
     112
      96
      92
      92
      77
      90
      87
      76
      98
      78
      98
      96
      86
      98
      94
      93
      98
     119
      84
      84
      93
      96
     114
     104
     105
      87
     115
     114
     117
     115
     109
     110
     113
     104
     110
     107
     111
     117
     126
     130
     138
     122
     152
     195
     314
     483
    1030
    1766
    3014
    5079
    8052
   12391
   19052
   26566
   34328
   39452
   41079
   39315
   33349
   24570
   15808
    8848
    4526
    2142
     961
     389
     161
      63
      52
      54
      40
      46
      42
      40
      50
      40
      45
      36
      31
      31
      48
      31
      34
      26
      34
      40
      31
      47
      32
      31
      31
      26
      37
      30
      39
      29
      31
      30
      37
      28
      34
      24
      40
      43
      37
      31
      34
      49
      31
      54
      31
      31
      31
      33
      45
      30
      31
      32
      29
      35
      30
      27
      35
      37
      38
      37
      42
      23
      49
      36
      29
      42
      33
      37
      32
      42
      31
      34
      36
      35
      46
      37
      30
      31
      25
      29
      23
      30
      30
      17
      33
      25
      33
      42
      36
      24
      36
      34
      33
      25
      22
      34
      44
      33
      33
      33
      31
      35
      34
      30
      32
      29
      23
      40
      25
      35
      39
      30
      29
      30
      31
      29
      38
      32
      25
      27
      36
      33
      18
      24
      25
      24
      35
      25
      34
      35
      24
      24
      31
      23
      33
      43
      30
      28
      29
      35
      26
      37
      35
      38
      26
      33
      27
      31
      35
      40
      44
      27
      35
      26
      29
      33
      34
      37
      35
      33
      26
      29
      31
      25
      23
      37
      46
      41
      15
      39
      33
      23
      29
      24
      27
      26
      40
      30
      41
      23
      43
      32
      30
      36
      36
      26
      39
      25
      23
      29
      35
      35
      36
      34
      42
      26
      29
      32
      31
      20
      28
      31
      29
      28
      28
      29
      34
      27
      23
      33
      38
      24
      26
      32
      27
      34
      48
      22
      44
      45
      26
      30
      29
      22
      34
      37
      33
      34
      29
      29
      38
      29
      34
      41
      34
      31
      25
      34
      32
      24
      46
      27
      28
      31
      36
      27
      29
      30
      34
      34
      34
      31
      41
      33
      30
      33
      33
      28
      35
      35
      24
      24
      40
      29
      41
      34
      33
      26
      34
      24
      27
      31
      32
      29
      32
      33
      29
      26
      31
      34
      33
      24
      28
      28
      44
      29
      32
      38
      34
      32
      42
      30
      50
      36
      33
      40
      34
      30
      36
      27
      29
      28
      37
      30
      29
      50
      33
      25
      38
      35
      20
      28
      38
      28
      29
      31
      33
      31
      37
      33
      40
      40
      36
      32
      37
      31
      37
      32
      39
      27
      25
      32
      30
      26
      32
      28
      29
      31
      20
      33
      33
      30
      24
      33
      27
      36
      22
      30
      29
      35
      33
      29
      35
      42
      24
      25
      34
      34
      37
      30
      40
      31
      34
      42
      44
      46
      33
      35
      26
      23
      33
      28
      30
      29
      28
      37
      36
      23
      34
      38
      32
      31
      41
      25
      34
      34
      30
      32
      26
      40
      33
      42
      32
      31
      43
      39
      30
      32
      33
      33
      28
      41
      48
      46
      33
      35
      38
      26
      41
      36
      31
      32
      27
      36
      39
      24
      33
      31
      35
      25
      29
      52
      32
      31
      23
      33
      29
      39
      40
      26
      33
      30
      35
      36
      38
      33
      24
      29
      30
      47
      34
      31
      32
      38
      39
      39
      36
      33
      36
      31
      45
      31
      32
      32
      31
      25
      43
      46
      31
      45
      25
      34
      33
      37
      50
      39
      30
      44
      40
      45
      35
      36
      29
      33
      28
      39
      38
      42
      37
      40
      36
      37
      45
      40
      47
      30
      39
      33
      30
      38
      34
      39
      33
      29
      36
      32
      42
      39
      34
      38
      34
      44
      32
      37
      32
      30
      38
      34
      38
      33
      28
      33
      37
      29
      30
      31
      44
      41
      41
      32
      35
      27
      45
      41
      32
      43
      41
      42
      29
      35
      37
      47
      46
      40
      37
      24
      32
      39
      43
      46
      45
      37
      32
      50
      53
      33
      38
      40
      45
      42
      32
      40
      37
      37
      36
      45
      40
      38
      44
      42
      40
      47
      48
      39
      50
      53
      44
      40
      37
      51
      41
      40
      44
      34
      41
      37
      42
      30
      44
      40
      43
      45
      43
      40
      48
      33
      32
      42
      39
      50
      39
      39
      42
      47
      45
      47
      37
      42
      45
      30
      43
      40
      45
      41
      42
      50
      51
      40
      44
      41
      39
      34
      39
      39
      51
      43
      41
      54
      45
      44
      38
      39
      57
      43
      45
      38
      33
      45
      38
      47
      50
      45
      41
      41
      34
      42
      39
      47
      42
      51
      46
      49
      55
      45
      48
      45
      45
      44
      48
      29
      33
      36
      34
      41
      52
      38
      63
      32
      40
      42
      57
      38
      36
      56
      45
      53
      40
      46
      41
      45
      43
      50
      54
      56
      47
      41
      50
      58
      58
      42
      44
      50
      38
      42
      44
      54
      53
      54
      49
      61
      54
      61
      44
      51
      43
      58
      52
      40
      46
      50
      48
      62
      53
      38
      36
      55
      49
      59
      52
      46
      44
      50
      50
      42
      57
      40
      44
      49
      55
      57
      54
      56
      42
      46
      41
      47
      38
      45
      46
      50
      52
      42
      52
      47
      52
      54
      45
      48
      57
      50
      58
      53
      49
      57
      48
      45
      48
      46
      44
      32
      46
      40
      47
      38
      53
      50
      40
      44
      38
      58
      38
      41
      30
      40
      43
      32
      40
      35
      33
      28
      30
      33
      34
      42
      39
      31
      42
      36
      29
      32
      36
      32
      51
      27
      24
      36
      35
      44
      45
      51
      43
      37
      40
      31
      32
      37
      33
      37
      46
      30
      32
      34
      44
      38
      42
      32
      37
      34
      33
      40
      38
      35
      38
      24
      29
      34
      34
      45
      42
      39
      24
      40
      32
      35
      42
      32
      38
      42
      34
      42
      38
      32
      32
      41
      28
      49
      30
      37
      30
      31
      51
      27
      30
      47
      46
      35
      32
      40
      36
      25
      34
      32
      31
      28
      35
      34
      29
      45
      37
      37
      22
      36
      29
      42
      22
      36
      31
      34
      43
      37
      34
      36
      29
      45
      36
      32
      46
      27
      21
      36
      25
      37
      43
      40
      34
      42
      31
      37
      36
      20
      34
      42
      18
      43
      34
      32
      28
      35
      30
      40
      34
      26
      27
      43
      38
      26
      34
      32
      27
      35
      29
      32
      30
      30
      31
      33
      39
      30
      26
      27
      32
      44
      27
      32
      35
      40
      38
      23
      27
      29
      46
      29
      35
      29
      31
      37
      28
      42
      22
      29
      33
      37
      29
      34
      33
      30
      35
      33
      34
      33
      38
      37
      27
      17
      34
      29
      23
      41
      27
      31
      26
      29
      29
      33
      30
      22
      30
      23
      24
      40
      28
      25
      28
      30
      25
      26
      45
      30
      23
      47
      43
      30
      34
      33
      25
      27
      32
      30
      23
      31
      38
      32
      24
      26
      34
      34
      34
      36
      28
      41
      26
      33
      24
      25
      35
      25
      31
      26
      32
      16
      27
      23
      27
      19
      25
      29
      28
      31
      37
      32
      35
      25
      32
      35
      33
      30
      31
      40
      46
      29
      27
      36
      37
      31
      27
      26
      26
      23
      25
      28
      31
      37
      28
      28
      27
      40
      26
      31
      28
      40
      29
      31
      21
      43
      24
      30
      24
      27
      39
      34
      39
      38
      51
      27
      43
      35
      32
      30
      23
      41
      35
      28
      32
      28
      33
      37
      28
      31
      33
      31
      25
      31
      25
      45
      38
      32
      35
      22
      31
      22
      25
      32
      37
      33
      31
      35
      37
      39
      33
      35
      28
      28
      28
      35
      32
      24
      28
      35
      34
      34
      35
      39
      37
      35
      29
      32
      40
      32
      39
      31
      29
      31
      22
      23
      32
      35
      24
      34
      37
      33
      30
      34
      18
      29
      34
      24
      26
      19
      33
      31
      37
      22
      15
      26
      24
      26
      26
      27
      18
      28
      27
      14
      23
      16
      22
      21
      25
      24
      24
      15
      17
      20
      18
      17
      27
      25
      20
      19
      28
       9
      20
      19
      16
      22
      27
      16
      21
      13
      21
      21
      11
      24
      17
      20
      18
      16
      18
      16
      21
       9
      14
      15
      20
      24
      19
      16
      21
      16
      21
      23
      20
      17
      21
      21
      22
      20
      18
      13
      21
      17
      12
      18
      18
      13
      22
      12
      10
      17
      11
      15
      16
      13
      17
      17
      12
      14
      15
      15
      13
      20
      14
      22
      13
      14
      17
      27
      12
      17
      13
      19
      15
      18
      14
      11
      23
      17
      18
      18
      13
      16
      22
      13
      16
      21
       9
      22
      23
      13
      16
      32
      25
      37
      38
      49
      85
      84
      96
     143
     169
     194
     290
     387
     493
     608
     689
     828
     877
     909
     912
     982
     957
     865
     687
     572
     350
     237
     149
      95
      54
      46
      27
      19
      19
      12
      12
      11
      11
       9
      18
      19
       7
      16
      12
      10
       9
      17
      12
      17
      15
      13
      13
       8
      13
       4
      10
      11
      11
      12
      14
       8
       8
      13
      10
      10
       9
      13
       9
       8
      10
       9
       5
      13
       4
       7
       8
      11
      10
      10
       7
       9
       6
      13
       7
       3
       8
       8
       6
       9
      13
      13
      11
      10
      10
      13
       6
       8
       8
       8
      10
       8
      10
       4
       9
       5
      13
       3
       7
       8
       6
      13
       6
       2
       9
       6
       9
      11
       5
       4
       7
       2
       8
       8
       4
       8
      10
       5
       4
       9
       9
       6
       7
       5
       4
       5
       5
       3
       6
       3
      10
       5
       5
       9
       9
       3
       6
       4
       5
       2
       2
       6
       6
       2
       7
       5
       3
       7
       3
       6
       7
       2
       6
       2
       3
       1
       5
       3
       3
       7
       5
       4
       7
       3
       2
       3
       3
       5
       5
       2
       1
       6
       5
       2
       4
       5
       0
       2
       2
       6
       3
       4
       2
       4
       3
       3
       7
       3
       4
       2
       0
       3
       2
       3
       5
       0
       3
       2
       2
       1
       2
       2
       1
       2
       2
       8
       3
       0
       5
       2
       5
       5
       4
       2
       0
       2
       4
       1
       2
       3
       2
       0
       5
       1
       4
       0
       1
       2
       6
       2
       2
       2
       2
       3
       3
       1
       3
       2
       4
       4
       9
       4
       4
       2
       1
       2
       2
       1
       2
       2
       1
       3
       0
       1
       3
       6
       2
       2
       2
       3
       2
       3
       2
       3
       3
       1
       1
       2
       3
       2
       2
       3
       0
       4
       4
       3
       2
       2
       2
       5
       4
       1
       6
       4
       4
       7
       2
       2
       3
       0
       1
       5
       2
       1
       2
       2
       0
       0
       3
       2
       1
       1
       2
       1
       3
       1
       1
       1
       4
       3
       2
       2
       2
       1
       4
       4
       2
       2
       1
       6
       0
       1
       2
       3
       1
       4
       3
       4
       3
       2
       3
       3
       2
       1
       1
       2
       3
       2
       1
       1
       2
       3
       1
       4
       3
       3
       2
       1
       3
       4
       2
       2
       4
       1
       1
       2
       5
       3
       0
       3
       4
       2
       5
       3
       1
       2
       2
       1
       2
       2
       3
       4
       3
       7
       7
       0
       3
       5
       7
       6
       1
       1
       9
       2
       8
      10
       5
       6
      11
       8
      17
      14
      22
      36
      22
      33
      56
      80
      67
     109
     124
     169
     214
     277
     354
     453
     512
     626
     688
     753
     746
     709
     788
     793
     726
     607
     523
     362
     252
     162
      95
      70
      37
      33
      17
      16
       9
       5
       2
       0
       0
       1
       1
       1
       1
       2
       2
       2
       0
       1
       3
       0
       2
       1
       1
       2
       1
       0
       2
       1
       1
       1
       0
       0
       2
       1
       0
       1
       0
       1
       1
       0
       1
       1
       0
       1
       1
       1
       1
       1
       1
       2
       1
       0
       0
       0
       0
       1
       0
       0
       0
       0
       2
       1
       0
       0
       2
       1
       2
       0
       2
       0
       1
       2
       0
       0
       0
       0
       2
       1
       0
       1
       1
       2
       1
       2
       1
       2
       0
       0
       0
       0
       0
       1
       0
       1
       0
       0
       0
       0
       0
       0
       0
       1
       0
       3
       0
       0
       1
       0
       1
       0
       0
       2
       1
       0
       0
       0
       0
       0
       0
       1
       0
       0
       0
       1
       0
       1
       0
       2
       0
       1
       0
       1
       1
       0
       0
       1
       0
       0
       0
       0
       0
       0
       0
       1
       0
       0
       0
       1
       2
       0
       1
       1
       1
       1
       0
       0
       1
       2
       0
       0
       0
       0
       1
       0
       0
       2
       0
       2
       2
       0
       2
       1
       0
       0
       0
       1
       0
       0
       0
       1
       2
       2
       1
       0
       1
       1
       1
       0
       0
       0
       1
       1
       0
       2
       0
       1
       1
       0
       1
       1
       0
       1
       0
       0
       4
       0
       1
       1
       1
       0
       0
       0
       1
       1
       1
       0
       0
       1
       1
       1
       2
       2
       0
       2
       0
       0
       1
       0
       3
       0
       1
       0
       3
       0
       1
       2
       0
       0
       1
       0
       0
       0
       2
       0
       0
       0
       1
       0
       1
       2
       0
       1
       1
       0
       1
       0
       0
       0
       1
       0
       0
       2
       0
       0
       0
       0
       0
       0
       1
       0
       0
       0
       2
       0
       0
       2
       0
       0
       1
       1
       1
       0
       0
       0
       1
       0
       2
       3
       0
       1
       0
       1
       0
       1
       0
       2
       1
       0
       1
       1
       0
       0
       0
       0
       0
       0
       2
       0
       0
       0
       0
       0
       0
       1
       2
       1
       1
       0
       3
       0
       1
       0
       1
       0
       1
       0
       1
       0
       0
       1
       0
       0
       1
       0
       1
       0
       0
       0
       0
       0
       2
       0
       0
       2
       0
       1
       0
       0
       1
       0
       0
       0
       1
       1
       0
       0
       1
       0
       0
       0
       0
       0
       1
       1
       0
       1
       2
       0
       0
       0
       0
       0
       0
       2
       0
       0
       0
       0
       0
       0
       0
       1
       1
       0
       1
       0
       0
       0
       1
       0
       0
       0
       0
       1
       2
       0
       1
       0
       0
       0
       0
       0
       0
       1
       0
       1
       0
       0
       1
       0
       2
       1
       1
       1
       0
       0
       0
       1
       0
       1
       0
       0
       1
       1
       0
       0
       0
       0
       0
       0
       0
       0
       0
       0
       0
       0
       0
       0
       1
       0
       0
       4
       0
       0
       0
       0
       0
       0
       0
       0
       0
       0
       0
       0
       0
       0
       0
       0
       0
       0
       1
       1
       0
       0
       1
       1
       0
       0
       0
       0
       0
       1
       0
       0
       1
       0
       0
       1
       0
       2
       0
       0
       0
       0
       1
       1
       0
       0
       0
       0
       0
       0
       0
       0
       0
       0
       0
       0
       0
       0
       0
       0
       0
       0
       1
       0
       1
       1
       0
       0
       1
       0
       1
       1
       0
       0
       1
       1
       0
       0
       0
       0
       1
       0
       0
       1
       0
       0
       1
       0
       0
       0
       1
       0
       0
       1
       1
       0
       0
       0
       0
       0
       1
       0
       1
       0
       1
       2
       0
       1
       0
       2
       0
       0
       0
       0
       0
       0
       0
       0
       1
       0
       0
       0
       0
       0
       0
       0
       0
       0
       1
       0
       0
       2
       0
       1
       0
       1
       1
       0
       2
       2
       0
       0
       0
       1
       0
       0
       0
       0
       0
       0
       0
       0
       1
       1
       0
       0
       1
       0
       0
       1
       0
       0
       1
       0
       0
       0
       1
       0
       0
       0
       1
       0
       0
       0
       0
       1
       0
       0
       0
       0
       2
       0
       0
       1
       0
       0
       0
       0
       0
       0
       1
       0
       0
       1
       0
       2
       0
       3
       0
       1
       1
       0
       0
       0
       0
       0
       0
       0
       0
       0
       0
       0
       1
       1
       0
       3
       1
       0
       0
       0
       0
       0
       0
       0
       1
       1
       0
       1
       0
       0
       0
       0
       1
       0
       0
       0
       0
       0
       0
       1
       0
       0
       1
       1
       0
       0
       1
       1
       1
       1
       0
       0
       0
       0
       1
       0
       0
       2
       0
       1
       1
       0
       0
       0
       1
       1
       1
       0
       0
       0
       0
       0
       0
       0
       0
       0
       0
       0
       0
       0
       0
       0
       1
       1
       0
       0
       1
       0
       1
       0
       1
       0
       0
       0
       0
       0
       1
       0
       2
       0
       0
       0
       0
       0
       1
       0
       0
       0
       0
       0
       0
       0
       0
       0
       0
       0
       0
       0
       0
       0
       1
       0
       0
       0
       2
       0
       0
       0
       0
       0
       0
       0
       0
       0
       1
       0
       0
       0
       0
       0
       0
       0
       0
       0
       0
       0
       0
       0
       0
       0
       1
       0
       0
       0
       1
       1
       1
       0
       0
       2
       1
       0
       0
       0
       0
       0
       0
       0
       0
       0
       0
       0
       0
       0
       0
       1
       0
       0
       0
       0
       0
       0
       0
       0
       0
       0
       0
       0
       0
       1
       2
       0
       1
       1
       0
       0
       0
       0
       0
       0
       1
       1
       0
       0
       2
       1
       1
       0
       0
       0
       1
       0
       0
       0
       0
       1
       0
       0
       0
       0
       1
       1
       0
       1
       0
       0
       1
       1
       0
       0
       0
       0
       0
       0
       1
       0
       0
       0
       0
       1
       1
       1
       0
       0
       1
       0
       0
       0
       0
       0
       0
       0
       1
       0
       0
       0
       0
       0
       0
       0
       0
       0
       0
       0
       0
       0
       0
       0
       1
       2
       0
       0
       0
       0
       1
       0
       0
       0
       0
       0
       0
       0
       0
       0
       0
       0
       0
       1
       1
       0
       0
       0
       0
       0
       0
       0
       1
       1
       0
       3
       0
       0
       0
       0
       0
       0
       0
       0
       0
       0
       0
       0
       0
       0
       0
       0
       0
       0
       0
       0
       0
       0
       0
       2
       0
       2
       0
       0
       0
       0
       0
       0
       0
       0
       0
       0
       0
       0
       0
       1
       0
       0
       0
       0
       0
       0
       1
       0
       1
       0
       1
       0
       0
       0
       0
       0
       0
       1
       0
       0
       0
       0
       0
       0
       0
       0
       0
       1
       0
       0
       0
       0
       0
       0
       0
       0
       0
       1
       0
       0
       0
       0
       0
       1
       0
       1
       0
       0
       0
       0
       0
       0
       0
       0
       0
       0
       1
       0
       0
       0
       0
       0
       0
       0
       0
       1
       0
       0
       1
       1
       0
       0
       1
       0
       0
       0
       0
       0
       0
       0
       1
       0
       0
       0
       0
       0
       0
       0
       1
       2
       0
       0
       0
       0
       0
       0
       1
       0
       1
       0
       0
       0
       1
       0
       0
       0
       0
       1
       0
       0
       0
       1
       0
       0
       0
       0
       0
       0
       0
       0
       0
       0
       0
       0
       1
       1
       0
       0
       0
       0
       0
       0
       0
       0
       0
       0
       0
       0
       1
       2
       0
       0
       0
       0
       0
       0
       0
       0
       0
       0
       1
       0
       0
       0
       0
       0
       0
       0
       0
       0
       0
       0
       0
       0
       0
       0
       1
       0
       0
       1
       0
       0
       0
       0
       0
       0
       0
       0
       0
       0
       0
       0
       0
       0
       0
       0
       0
       0
       0
       0
       0
       2
       0
       0
       1
       0
       0
       0
       0
       0
       0
       0
       0
       0
       1
       1
       0
       0
       1
       0
       0
       0
       0
       0
       2
       1
       0
       0
       0
       0
       1
       0
       0
       0
       0
       0
       0
       0
       0
       0
       0
       0
       0
       0
       0
       0
       1
       0
       0
       0
       0
       0
       0
       0
       0
       0
       0
       1
       0
       0
       0
       0
       0
       0
       0
       1
       0
       0
       0
       0
       2
       0
       0
       1
       0
       0
       0
       0
       0
       0
       1
       0
       1
       0
       1
       0
       0
       0
       0
       1
       0
       0
       0
       0
       0
       0
       0
       0
       0
       0
       1
       0
       0
       0
       0
       0
       0
       0
       0
       0
       0
       0
       0
       0
       0
       0
       1
       0
       0
       0
       0
       0
       0
       0
       0
       0
       0
       0
       1
       0
       0
       0
       0
       0
       1
       0
       0
       0
       0
       1
       0
       0
       0
       0
       0
       0
       0
       0
       0
       0
       0
       1
       0
       0
       0
       0
       0
       0
       0
       0
       0
       0
       1
       0
       0
       0
       0
       0
       0
       0
       0
       0
       0
       1
       0
       0
       0
       0
       1
       1
       0
       0
       0
       0
       0
       0
       0
       1
       0
       0
       0
       0
       0
       0
       0
       1
       0
       1
       1
       0
       0
       0
       0
       0
       0
       1
       0
       0
       0
       0
       0
       0
       0
       0
       1
       0
       0
       0
       0
       0
       0
       1
       0
       1
       0
       0
       0
       1
       1
       0
       0
       0
       0
       0
       0
       0
       0
       0
       0
       0
       0
       0
       0
       0
       0
       1
       0
       0
       0
       0
       0
       0
       0
       0
       0
       0
       0
       0
       0
       0
       0
       0
       0
       0
       0
       0
       0
       0
       0
       0
       0
       0
       0
       0
       0
       0
       0
       0
       0
       0
       0
       0
       0
       0
       0
       1
       0
       0
       1
       0
       0
       0
       0
       0
       0
       0
       0
       0
       0
       0
       1
       0
       0
       0
       0
       0
       0
       1
       0
       0
       0
       1
       0
       0
       1
       0
       1
       0
       0
       0
       0
       0
       0
       0
       0
       0
       0
       1
       1
       0
       0
       0
       0
       0
       0
       1
       0
       1
       1
       0
       0
       0
       0
       0
       0
       0
       0
       0
       1
       0
       0
       0
       0
       0
       0
       1
       0
       0
       0
       0
       1
       0
       0
       0
       0
       0
       0
       0
       0
       0
       1
       0
       0
       1
       2
       0
       0
       1
       0
       0
       0
       1
       0
       0
       0
       0
       0
       0
       0
       0
       0
       0
       0
       0
       0
       0
       0
       1
       0
       0
       1
       0
       0
       0
       0
       0
       0
       0
       0
       0
       1
       0
       1
       0
       0
       0
       0
       0
       0
       0
       0
       1
       0
       0
       0
       0
       0
       0
       0
       0
       0
       0
       0
       1
       0
       0
       0
       0
       0
       0
       0
       0
       0
       0
       0
       0
       0
       0
       0
       0
       0
       0
       0
       0
       0
       0
       0
       1
       0
       2
       0
       0
       0
       0
       0
       0
       0
       0
       0
       0
       0
       1
       0
       0
       0
       0
       2
       0
       0
       0
       1
       0
       1
       0
       0
       0
       0
       1
       0
       1
       1
       0
       0
       1
       0
       0
       0
       0
       0
       0
       0
       0
       0
       0
       0
       0
       0
       0
       0
       1
       0
       0
       2
       0
       0
       0
       0
       0
       0
       1
       0
       0
       0
       0
       0
       0
       0
       0
       1
       0
       0
       0
       0
       0
       0
       2
       0
       1
       1
       0
       0
       0
       0
       0
       0
       0
       0
       0
       0
       0
       0
       0
       0
       0
       0
       0
       0
       0
       0
       0
       0
       0
       0
       0
       0
       1
       0
       0
       0
       0
       0
       0
       0
       0
       0
       0
       0
       0
       1
       0
       0
       0
       0
       2
       0
       0
       0
       0
       0
       0
       0
       0
       0
       0
       0
       0
       0
       0
       0
       0
       0
       0
       0
       0
       0
       1
       0
       0
       1
       0
       0
       0
       0
       0
       0
       0
       0
       0
       0
       0
       0
       2
       0
       0
       0
       0
       0
       0
       0
       0
       0
       0
       0
       0
       0
       0
       0
       0
       0
       0
       0
       0
       0
       1
       0
       0
       0
       0
       0
       0
       0
       0
       0
       1
       0
       0
       0
       0
       0
       0
       0
       0
       0
       0
       0
       0
       0
       1
       0
       0
       0
       0
       0
       0
       0
       0
       0
       0
       0
       0
       0
       0
       0
       0
       0
       0
       0
       0
       0
       0
       0
       0
       0
       0
       0
       0
       0
       0
       0
       0
       0
       0
       0
       0
       0
       0
       1
       0
       0
       0
       0
       0
       1
       0
       0
       0
       0
       0
       1
       0
       1
       0
       0
       0
       0
       0
       0
       0
       0
       0
       1
       0
       1
       0
       0
       0
       0
       0
       0
       0
       0
       0
       0
       1
       0
       0
       0
       0
       0
       0
       0
       0
       0
       0
       0
       0
       0
       0
       0
       0
       0
       0
       0
       0
       0
       0
       0
       0
       0
       1
       0
       0
       1
       0
       0
       0
       0
       0
       0
       0
       1
       0
       0
       0
       0
       0
       0
       0
       0
       0
       1
       0
       0
       0
       0
       0
       0
       0
       0
       0
       0
       0
       0
       0
       0
       0
       0
       0
       0
       0
       0
       0
       0
       0
       0
       0
       0
       1
       0
       1
       0
       1
       0
       0
       0
       0
       0
       0
       0
       0
       0
       0
       1
       1
       0
       0
       0
       0
       0
       0
       0
       0
       0
       0
       0
       0
       0
       0
       0
       0
       0
       0
       0
       0
       0
       0
       0
       0
       0
       0
       0
       0
       0
       0
       0
       0
       0
       0
       0
       0
       0
       0
       0
       0
       0
       0
       0
       0
       0
       0
       0
       0
       0
       0
       0
       1
       0
       0
       0
       0
       0
       0
       0
       1
       0
       0
       0
       0
       0
       0
       0
       1
       0
       0
       0
       0
       0
       0
       1
       0
       0
       0
       0
       0
       0
       0
       0
       0
       0
       0
       0
       0
       0
       0
       0
       0
       0
       0
       0
       0
       0
       0
       0
       0
       2
       0
       0
       0
       0
       0
       0
       0
       0
       1
       1
       0
       0
       0
       0
       0
       0
       0
       0
       0
       0
       0
       0
       0
       0
       0
       0
       0
       0
       0
       0
       0
       0
       0
       0
       0
       0
       0
       0
       0
       0
       0
       0
       0
       0
       0
       0
       2
       0
       0
       0
       0
       0
       0
       1
       0
       0
       0
       0
       0
       0
       0
       0
       0
       0
       0
       0
       0
       0
       0
       0
       0
       0
       0
       0
       0
       0
       0
       0
       0
       0
       1
       1
       0
       1
       1
       0
       0
       0
       0
       0
       0
       0
       0
       0
       0
       0
       0
       0
       0
       0
       0
       0
       0
       0
       0
       0
       0
       0
       0
       0
       0
       0
       0
       0
       0
       0
       0
       0
       0
       0
       0
       0
       0
       0
       0
       0
       0
       0
       0
       0
       0
       0
       0
       0
       0
       0
       0
       0
       0
       0
       0
       0
       0
       0
       0
       1
       0
       0
       0
       0
       0
       0
       0
       0
       0
       0
       0
       0
       0
       1
       0
       0
       0
       0
       2
       1
       0
       0
       0
       0
       0
       0
       0
       0
       0
       0
       0
       0
       0
       0
       0
       0
       0
       0
       1
       0
       0
       0
       0
       0
       0
       1
       0
       0
       0
       0
       0
       1
       0
       1
       0
       0
       0
       0
       0
       0
       0
       0
       1
       0
       0
       0
       0
       0
       0
       1
       0
       0
       0
       0
       0
       0
       1
       0
       1
       0
       0
       0
       0
       0
       0
       0
       0
       0
       0
       2
       0
       0
       0
       0
       0
       0
       0
       0
       1
       0
       0
       0
       0
       0
       0
       0
       0
       0
       0
       0
       0
       0
       0
       0
       0
       0
       0
       1
       0
       0
       0
       0
       0
       0
       0
       0
       0
       0
       0
       0
       0
       0
       0
       0
       0
       0
       0
       0
       0
       0
       0
       1
       0
       0
       0
       0
       0
       0
       0
       0
       0
       1
       0
       1
       0
       0
       0
       0
       0
       0
       0
       0
       0
       0
       0
       0
       0
       0
       0
       0
       0
       0
       0
       1
       0
       0
       1
       0
       0
       0
       0
       0
       0
       0
       0
       0
       0
       1
       1
       0
       0
       0
       0
       0
       0
       0
       0
       0
       0
       0
       0
       0
       0
       0
       0
       0
       0
       0
       0
       0
       0
       0
       0
       0
       0
       0
       0
       0
       0
       0
       0
       0
       0
       0
       0
       0
       0
       0
       0
       0
       0
       0
       1
       0
       0
       0
       0
       0
       0
       0
       0
       0
       0
       0
       0
       0
       0
       0
       0
       0
       0
       0
       0
       0
       0
       0
       0
       0
       0
       0
       0
       0
       0
       0
       0
       0
       0
       0
       0
       0
       0
       1
       0
       0
       0
       0
       0
       0
       0
       0
       0
       0
       0
       0
       0
       0
       0
       1
       0
       0
       0
       0
       0
       0
       0
       0
       0
       0
       0
       0
       0
       0
       0
       0
       1
       0
       0
       0
       0
       0
       0
       0
       0
       0
       0
       1
       0
       0
       0
       0
       0
       0
       0
       0
       0
       0
       0
       0
       0
       0
       0
       0
       0
       0
       0
       0
       0
       0
       0
       0
       0
       0
       0
       0
       0
       0
       0
       0
       0
       0
       0
       0
       0
       0
       0
       0
       0
       0
       0
       0
       0
       0
       0
       0
       0
       0
       0
       0
       0
       0
       0
       0
       0
       0
       0
       0
       0
       0
       0
       0
       0
       0
       0
       0
       0
       0
       0
       0
       0
       1
       0
       0
       0
       0
       0
       0
       1
       0
       0
       0
       0
       0
       0
       0
       0
       0
       0
       0
       0
       0
       0
       1
       0
       0
       0
       0
       0
       0
       0
       0
       0
       0
       0
       0
       0
       1
       0
       0
       0
       0
       0
       0
       0
       0
       0
       0
       0
       0
       0
       0
       0
       0
       0
       0
       0
       0
       0
       0
       0
       0
       0
       0
       0
       0
       1
       0
       0
       0
       0
       0
       0
       0
       0
       0
       0
       0
       0
       0
       0
       0
       0
       0
       0
       0
       0
       0
       0
       0
       0
       0
       0
       0
       0
       0
       0
       0
       0
       0
       0
       0
       0
       0
       0
       0
       0
       0
       0
       0
       0
       0
       0
       0
       0
       0
       0
       0
       0
       0
       0
       0
       0
       0
       0
       0
       0
       0
       1
       0
       0
       0
       0
       0
       0
       0
       0
       0
       0
       0
       0
       0
       0
       0
       0
       0
       0
       0
       1
       0
       1
       0
       0
       0
       0
       0
       0
       0
       0
       0
       0
       0
       0
       0
       0
       0
       0
       0
       0
       0
       0
       0
       0
       0
       0
       0
       0
       0
       0
       0
       0
       0
       0
       0
       0
       0
       0
       0
       0
       0
       0
       0
       0
       0
       0
       0
       0
       0
       0
       0
       0
       0
       0
       0
       0
       0
       0
       0
       0
       0
       0
       0
       0
       0
       0
       0
       0
       0
       0
       0
       0
       0
       0
       0
       0
       0
       0
       0
       0
       0
       0
       0
       0
       0
       0
       0
       0
       0
       0
       0
       0
       1
       0
       0
       0
       0
       0
       0
       0
       0
       0
       0
       0
       0
       0
       0
       0
       0
       0
       0
       0
       0
       0
       0
       0
       0
       0
       0
       0
       0
       1
       0
       0
       0
       0
       0
       0
       0
       0
       0
       0
       0
       0
       0
       1
       0
       0
       0
       0
       0
       0
       0
       0
       0
       0
       0
       1
       0
       0
       0
       0
       0
       3
       0
       2
       0
       0
       1
       0
       0
       0
       0
       1
       0
       0
       0
       0
       0
       0
       0
       0
       0
       0
       0
       0
       0
       0
       0
       0
       0
       0
       0
       0
       0
       0
       0
       0
       0
       0
       0
       0
       0
       0
       0
       0
       0
       0
       0
       0
       0
       0
       0
       0
       0
       0
       0
       0
       0
       1
       1
       0
       0
       0
       0
       0
       0
       0
       0
       0
       1
       0
       0
       0
       0
       1
       0
       0
       0
       0
       0
       1
       0
       0
       0
       0
       0
       0
       0
       0
       0
       0
       0
       0
       0
       0
       0
       0
       0
       0
       0
       0
       0
       0
       0
       0
       0
       0
       0
       0
       0
       0
       1
       0
       0
       0
       0
       0
       0
       0
       1
       0
       0
       0
       0
       0
       0
       0
       0
       0
       0
       0
       0
       0
       0
       0
       0
       0
       0
       0
       0
       0
       0
       0
       0
       0
       0
       0
       0
       0
       0
       0
       0
       0
       0
       0
       0
       0
       0
       0
       0
       0
       0
       0
       0
       0
       0
       0
       0
       0
       0
       0
       0
       1
       0
       0
       0
       0
       0
       0
       0
       0
       0
       0
       0
       0
       0
       0
       0
       0
       0
       0
       0
       0
       0
       0
       0
       0
       0
       0
       0
       0
       0
       0
       0
       0
       0
       0
       0
       0
       0
       0
       0
       0
       0
       0
       0
       0
       0
       0
       0
       0
       0
       0
       0
       0
       0
       0
       0
       1
       0
       0
       0
       1
       0
       0
       0
       0
       0
       0
       1
       0
       0
       0
       0
       0
       0
       0
       0
       0
       0
       0
       0
       0
       0
       0
       0
       0
       0
       0
       0
       0
       1
       0
       1
       0
       0
       0
       0
       0
       0
       0
       1
       0
       0
       0
       0
       0
       0
       0
       0
       0
       0
       0
       2
       0
       0
       0
       0
       0
       0
       0
       0
       0
       0
       0
       0
       1
       0
       0
       0
       0
       0
       0
       0
       0
       0
       0
       0
       0
       0
       0
       0
       0
       0
       0
       0
       0
       0
       0
       0
       0
       0
       0
       0
       0
       0
       0
       0
       0
       0
       0
       0
       0
       0
       0
       0
       0
       0
       0
       0
       0
       0
       0
       0
       0
       0
       0
       0
       0
       0
       0
       0
       0
       0
       0
       0
       0
       0
       0
       0
       0
       0
       0
       0
       0
       0
       0
       0
       0
       0
       0
       0
       0
       0
       0
       0
       0
       0
       0
       0
       0
       0
       0
       0
       0
       0
       0
       0
       0
       0
       0
       0
       0
       0
       0
       0
       0
       0
       0
       0
       0
       0
       0
       0
       0
       0
       0
       0
       0
       0
       0
       0
       0
       0
       0
       0
       0
       0
       0
       0
       0
       0
       0
       0
       0
       0
       0
       0
       0
       0
       0
       0
       0
       0
       0
       0
       0
       0
       0
       0
       0
       0
       0
       0
       0
       0
       0
       0
       0
       0
       0
       0
       0
       0
       0
       0
       0
       0
       0
       0
       0
       0
       0
       0
       0
       0
       0
       0
       0
       0
       0
       0
       0
       0
       0
       0
       0
       0
       0
       0
       0
       0
       0
       0
       0
       0
       0
       0
       0
       0
       0
       0
       0
       0
       0
       0
       0
       0
       0
       0
       0
       0
       0
       0
       0
       0
       0
       0
       0
       0
       0
       0
       0
       0
       0
       0
       0
       0
       0
       0
       0
       0
       0
       0
       1
       0
       0
       0
       0
       0
       0
       0
       0
       0
       0
       0
       0
       0
       0
       0
       0
       0
       0
       0
       0
       0
       0
       0
       0
       0
       0
       0
       0
       0
       0
       0
       0
       0
       0
       0
       0
       0
       0
       0
       0
       0
       0
       0
       0
       0
       0
       0
       0
       0
       0
       0
       0
       0
       0
       0
       0
       0
       0
       0
       0
       0
       0
       0
       0
       0
       0
       0
       0
       0
       0
       0
       0
       0
       0
       0
       0
       0
       0
       0
       0
       0
       0
       0
       0
       0
       0
       0
       0
       0
       0
       0
       0
       0
       0
       0
       0
       0
       0
       0
       0
       0
       0
       0
       0
       0
       0
       0
       0
       0
       0
       0
       0
       0
       0
       0
       0
       0
       0
       0
       0
       0
       0
       0
       0
       0
       0
       0
       0
       0
       0
       0
       0
       0
       0
       0
       0
       0
       0
       0
       0
       0
       0
       0
       0
       0
       0
       0
       0
       0
       0
       0
       0
       0
       0
       0
       0
       0
       0
       0
       0
       0
       0
       0
       0
       0
       0
       0
       0
       0
       0
       0
       0
       0
       0
       0
       0
       0
       0
       0
       0
       0
       0
       0
       0
       0
       0
       0
       0
       0
       0
       0
       0
       0
       0
       0
       0
       0
       0
       0
       0
       0
       0
       0
       0
       0
       0
       0
       0
       0
       0
       0
       0
       0
       0
       0
       0
       0
       0
       0
       0
       0
       0
       0
       0
       0
       0
       0
       0
       1
       0
       0
       0
       0
       0
       0
       0
       0
       0
       0
       0
       0
       0
       0
       0
       0
       0
       0
       0
       0
       0
       0
       0
       0
       0
       0
       0
       0
       0
       0
       0
       0
       0
       0
       0
       0
       0
       0
       0
       0
       0
       0
       0
       0
       0
       0
       0
       0
       0
       0
       0
       0
       0
       0
       0
       0
       0
       0
       0
       0
       0
       0
       0
       0
       0
       0
       0
       0
       0
       0
       0
       0
       0
       0
       0
       0
       0
       0
       0
       0
       0
       0
       0
       0
       0
       0
       0
       0
       0
       0
       0
       0
       0
       0
       0
       0
       0
       0
       0
       0
       0
       0
       0
       0
       0
       0
       0
       0
       0
       0
       0
       0
       0
       0
       0
       0
       0
       0
       0
       0
       0
       0
       0
       0
       0
       0
       0
       0
       0
       0
       0
       0
       0
       0
       0
       0
       0
       0
       0
       0
       0
       0
       0
       0
       0
       0
       0
       0
       0
       0
       0
       0
       0
       0
       0
       0
       0
       0
       0
       0
       1
       0
       0
       0
       0
       0
       0
       0
       0
       0
       0
       0
       0
       0
       0
       0
       0
       0
       0
       0
       0
       0
       0
       1
       0
       0
       0
       0
       0
       0
       0
       0
       0
       0
       0
       0
       0
       0
       0
       0
       0
       0
       0
       0
       0
       0
       0
       0
       0
       0
       0
       0
       0
       0
       1
       1
       0
       0
       0
       1
       0
       0
       0
       0
       1
       0
       0
       0
       0
       0
       0
       0
       0
       0
       0
       0
       0
       0
       0
       0
       0
       0
       0
       0
       0
       0
       0
       0
       0
       0
       0
       0
       0
       0
       0
       0
       0
       0
       0
       0
       0
       0
       0
       0
       0
       0
       0
       0
       1
       0
       0
       0
       0
       0
       0
       0
       0
       0
       0
       0
       0
       0
       1
       0
       1
       0
       0
       0
       0
       0
       0
       0
       0
       0
       0
       0
       0
       0
       0
       0
       0
       0
       0
       0
       0
       0
       0
       0
       0
       0
       0
       0
       0
       0
       0
       0
       0
       0
       0
       0
       0
       0
       0
       0
       0
       0
       0
       0
       0
       0
       0
       0
       0
       0
       0
       0
       0
       0
       0
       0
       0
       0
       0
       0
       0
       1
       0
       0
       1
       0
       0
       0
       0
       0
       0
       0
       0
       0
       0
       0
       0
       1
       0
       0
       0
       0
       0
       0
       0
       0
       0
       0
       0
       0
       0
       0
       0
       0
       0
       0
       0
       0
       0
       0
       0
       0
       0
       0
       0
       0
       0
       0
       0
       0
       0
       0
       0
       1
       0
       0
       0
       0
       0
       0
       0
       0
       0
       1
       0
       0
       0
       0
       0
       0
       0
       0
       0
       0
       0
       0
       0
       0
       0
       0
       0
       0
       0
       0
       0
       0
       0
       0
       0
       0
       0
       0
       0
       0
       0
       0
       0
       0
       0
       0
       0
       0
       0
       0
       0
       0
       0
       0
       0
       0
       0
       0
       0
       0
       0
       0
       0
       0
       0
       0
       0
       0
       0
       0
       0
       0
       0
       0
       0
       0
       0
       0
       0
       0
       0
       0
       0
       1
       0
       0
       0
       0
       0
       0
       0
       0
       0
       0
       0
       0
       0
       0
       0
       0
       0
       0
       0
       0
       1
       0
       0
       0
       1
       0
       0
       0
       0
       0
       0
       0
       0
       0
       0
       0
       0
       0
       0
       0
       0
       0
       0
       0
       0
       0
       0
       0
       0
       0
       0
       0
       0
       0
       0
       0
       0
       0
       0
       0
       0
       0
       0
       0
       0
       0
       0
       0
       0
       0
       0
       0
       0
       0
       0
       0
       0
       0
       0
       0
       0
       0
       0
       0
       0
       0
       0
       0
       0
       0
       0
       0
       0
       0
       0
       0
       0
       0
       0
       0
       0
       0
       0
       0
       0
       0
       0
       0
       0
       0
       0
       0
       0
       0
       0
       0
       0
       0
       0
       1
       0
       0
       1
       0
       0
       0
       0
       0
       0
       0
       0
       0
       0
       0
       0
       0
       0
       0
       0
       0
       0
       0
       0
       0
       0
       0
       0
       0
       0
       0
       0
       0
       0
       0
       0
       0
       0
       0
       0
       0
       0
       0
       0
       0
       0
       0
       0
       0
       0
       0
       0
       0
       0
       0
       0
       0
       0
       0
       0
       0
       0
       0
       0
       0
       0
       0
       0
       0
       0
       0
       0
       0
       0
       0
       0
       0
       0
       0
       0
       0
       0
       0
       0
       0
       0
       0
       0
       0
       0
       0
       0
       0
       0
       0
       0
       0
       0
       0
       0
       0
       0
       0
       0
       0
       0
       0
       0
       0
       0
       0
       0
       0
       0
       0
       0
       0
       0
       0
       0
       0
       0
       0
       0
       0
       0
       0
       0
       0
       0
       0
       0
       0
       0
       0
       0
       0
       0
       0
       0
       0
       0
       0
       0
       0
       0
       0
       0
       0
       0
       0
       0
       0
       0
       0
       0
       0
       0
       0
       0
       0
       0
       0
       0
       0
       0
       0
       0
       0
       0
       0
       0
       0
       0
       0
       0
       0
       0
       0
       0
       0
       0
       0
       0
       0
       0
       0
       0
       0
       0
       0
       0
       0
       0
       0
       0
       0
       0
       0
       0
       0
       0
       0
       0
       0
       0
       0
       0
       0
       0
       0
       0
       0
       0
       0
       0
       0
       0
       0
       0
       0
       0
       0
       0
       0
       0
       0
       0
       0
       0
       0
       0
       0
       0
       0
       0
       0
       0
       0
       0
       0
       0
       0
       0
       0
       0
       0
       0
       0
       0
       0
       0
       0
       0
       0
       0
       0
       0
       0
       0
       0
       0
       0
       0
       0
       0
       0
       0
       0
       0
       0
       0
       0
       0
       0
       0
       0
       0
       0
       0
       0
       0
       0
       0
       0
       0
       0
       0
       0
       0
       0
       0
       0
       0
       1
       0
       0
       0
       0
       0
       0
       0
       0
       0
       0
       0
       0
       0
       0
       0
       0
       0
       0
       0
       0
       0
       0
       0
       0
       0
       0
       0
       0
       0
       0
       0
       0
       0
       0
       0
       0
       0
       0
       0
       0
       0
       0
       0
       0
       0
       0
       0
       0
       0
       0
       0
       0
       0
       0
       0
       0
       0
       0
       0
       0
       0
       0
       0
       0
       0
       0
       0
       0
       0
       0
       0
       0
       0
       0
       0
       0
       0
       0
       0
       0
       0
       0
       0
       0
       0
       0
       0
       0
       0
       0
       0
       0
       0
       0
       0
       0
       0
       0
       0
       0
       0
       0
       0
       0
       0
       0
       0
       0
       0
       0
       0
       0
       0
       0
       0
       0
       0
       0
       0
       0
       0
       0
       0
       0
       0
       0
       0
       0
       0
       0
       0
       0
       0
       0
       0
       0
       0
       0
       0
       0
       0
       0
       0
       0
       0
       0
       0
       0
       0
       0
       0
       0
       0
       0
       0
       0
       0
       0
       0
       0
       0
       0
       0
       0
       0
       0
       0
       0
       0
       0
       0
       0
       0
       0
       0
       0
       0
       0
       0
       0
       0
       0
       0
       0
       0
       0
       0
       0
       0
       0
       0
       0
       0
       0
       0
       0
       0
       0
       0
       0
       0
       0
       0
       0
       0
       0
       0
       0
       0
       0
       0
       0
       0
       0
       0
       0
       0
       0
       0
       0
       0
       0
       0
       0
       0
       0
       0
       0
       0
       0
       0
       0
       0
       0
$ROI:
3
2091 2111
2937 2969
3328 3372
$PRESETS:
None
0
0
$ENER_FIT:
-1.603023 0.398142
$MCA_CAL:
3
-1.603023E+000 3.981421E-001 -1.843240E-007 keV
$SHAPE_CAL:
3
5.712108E+000 -5.708310E-004 7.647117E-007
