$SPEC_ID:
Pulser
$SPEC_REM:
DET# 2
DETDESC# DETECTOR 2
AP# GammaVision Version 7.01.03
$DATE_MEA:
03/26/2017 12:11:55
$MEAS_TIM:
941 992
$DATA:
0 8191
       0
       0
       0
       0
       0
       0
       0
       0
       0
       0
       0
       0
       0
       0
       0
       0
       0
       0
       0
       0
       0
       0
       0
     168
    6538
    5908
    3637
    3116
    3026
    2929
    2966
    3002
    3080
    3072
    3017
    3079
    3142
    3188
    3216
    3182
    3232
    3220
    3307
    3172
    3254
    3268
    3409
    3451
    3591
    3632
    3627
    3687
    3986
    4273
    4951
    5827
    6166
    5682
    4561
    4338
    4566
    4670
    4497
    4213
    4091
    4263
    4649
    5149
    5501
    5733
    6391
    7286
    8528
    9694
   10205
    9923
    9565
   10655
   15692
   30488
   51876
   62982
   51114
   29148
   12920
    6447
    4968
    4712
    4856
    6145
    9990
   15519
   17673
   15386
   10880
    7366
    5022
    3770
    3338
    3164
    3137
    3244
    3141
    3192
    3121
    3229
    3178
    3137
    3159
    3219
    3260
    3178
    3288
    3188
    3219
    3197
    3088
    3227
    3275
    3236
    3222
    3223
    3253
    3186
    3293
    3248
    3228
    3242
    3285
    3221
    3277
    3343
    3293
    3256
    3380
    3436
    3242
    3224
    3394
    3443
    3290
    3311
    3396
    3337
    3399
    3509
    3561
    3471
    3629
    3477
    3686
    3512
    3625
    3645
    3592
    3547
    3489
    3607
    3546
    3608
    3584
    3637
    3600
    3516
    3603
    3654
    3675
    3606
    3771
    3614
    3632
    3620
    3794
    3631
    3613
    3762
    3784
    3702
    3777
    3815
    3943
    4762
    6171
    8194
    8880
    7418
    6006
    6913
   10024
   12590
   11515
    7821
    5109
    3759
    3409
    3430
    3419
    3420
    3316
    3379
    3274
    3427
    3387
    3267
    3515
    3521
    3428
    3319
    3424
    3516
    3514
    4132
    5094
    6363
    7166
    6503
    5189
    4109
    3817
    3919
    4254
    4398
    3941
    3594
    3295
    3244
    3200
    3211
    3174
    3189
    3179
    3120
    3205
    3187
    3182
    3174
    3242
    3147
    3072
    3158
    3150
    3223
    3179
    3126
    3142
    3190
    3128
    3172
    3317
    3199
    3116
    3218
    3182
    3071
    3165
    3238
    3095
    3140
    3218
    3212
    3231
    3200
    3144
    3257
    3245
    3302
    3153
    3168
    3181
    3183
    3263
    3208
    3395
    3317
    3209
    3153
    3171
    3311
    3185
    3277
    3290
    3289
    3291
    3220
    3245
    3289
    3328
    3399
    3343
    3253
    3322
    3321
    3416
    3372
    3351
    3364
    3347
    3467
    3437
    3420
    3364
    3411
    3461
    3437
    3474
    3368
    3399
    3388
    3485
    3431
    3344
    3432
    3369
    3437
    3360
    3389
    3499
    3399
    3489
    3418
    3381
    3414
    3437
    3315
    3496
    3355
    3463
    3409
    3459
    3397
    3392
    3373
    3447
    3472
    3451
    3478
    3383
    3379
    3403
    3441
    3429
    3511
    3349
    3439
    3424
    3460
    3411
    3463
    3524
    3371
    3430
    3388
    3416
    3377
    3324
    3334
    3417
    3374
    3354
    3421
    3324
    3315
    3398
    3432
    3461
    3253
    3393
    3446
    3319
    3338
    3438
    3394
    3358
    3361
    3412
    3298
    3320
    3301
    3521
    3363
    3341
    3333
    3360
    3370
    3298
    3588
    3377
    3381
    3380
    3369
    3485
    3323
    3470
    3523
    3379
    3448
    3396
    3460
    3365
    3400
    3369
    3464
    3506
    3409
    3394
    3397
    3553
    3433
    3430
    3379
    3494
    3458
    3441
    3477
    3442
    3407
    3496
    3441
    3540
    3435
    3404
    3512
    3591
    3480
    3548
    3593
    3547
    3545
    3471
    3496
    3484
    3500
    3588
    3495
    3623
    3558
    3576
    3513
    3630
    3588
    3533
    3476
    3628
    3634
    3636
    3598
    3668
    3697
    3653
    3633
    3586
    3729
    3681
    3734
    3739
    3786
    3854
    3907
    3944
    3899
    4013
    3936
    4282
    4277
    4371
    4430
    4669
    4674
    4916
    5035
    4990
    5218
    5221
    5364
    5385
    5519
    5442
    5602
    5703
    5674
    5575
    5864
    5805
    5839
    5761
    5937
    5672
    5674
    5648
    5740
    5636
    5608
    5627
    5408
    5597
    5506
    5571
    5413
    5563
    5535
    5433
    5380
    5309
    5270
    5359
    5232
    5332
    5288
    5152
    5214
    5227
    5282
    5096
    4960
    4984
    4980
    5124
    5034
    4954
    4963
    4972
    4942
    4893
    4990
    4817
    4972
    4758
    4825
    4824
    4792
    4786
    4656
    4687
    4763
    4673
    4774
    4616
    4696
    4452
    4592
    4566
    4623
    4434
    4525
    4534
    4625
    4540
    4335
    4441
    4439
    4500
    4423
    4314
    4394
    4305
    4224
    4420
    4320
    4224
    4322
    4154
    4175
    4273
    4257
    4235
    4225
    4104
    4088
    4170
    4201
    4057
    4011
    4105
    4155
    4039
    4082
    4105
    4069
    4037
    4066
    4002
    3939
    3972
    3943
    3909
    3894
    3803
    3908
    3846
    3849
    3819
    3878
    3798
    3819
    3819
    3740
    3852
    3861
    3806
    3740
    3871
    3747
    3806
    3903
    3708
    3713
    3749
    3770
    3606
    3794
    3781
    3683
    3819
    3687
    3626
    3671
    3604
    3668
    3682
    3653
    3646
    3618
    3573
    3636
    3585
    3644
    3654
    3532
    3521
    3659
    3546
    3537
    3618
    3571
    3559
    3667
    3588
    3478
    3481
    3625
    3626
    3573
    3534
    3504
    3501
    3600
    3541
    3509
    3471
    3501
    3487
    3513
    3524
    3482
    3524
    3463
    3413
    3455
    3491
    3439
    3481
    3427
    3510
    3432
    3489
    3420
    3492
    3415
    3326
    3495
    3393
    3362
    3422
    3295
    3309
    3329
    3388
    3247
    3346
    3384
    3391
    3331
    3401
    3388
    3309
    3332
    3314
    3395
    3266
    3361
    3292
    3316
    3385
    3268
    3384
    3409
    3338
    3372
    3275
    3221
    3365
    3268
    3326
    3325
    3274
    3315
    3278
    3243
    3238
    3280
    3358
    3405
    3269
    3163
    3251
    3290
    3274
    3312
    3249
    3215
    3361
    3249
    3332
    3222
    3343
    3219
    3196
    3264
    3268
    3294
    3166
    3255
    3162
    3295
    3210
    3177
    3201
    3160
    3265
    3237
    3209
    3175
    3290
    3242
    3233
    3249
    3232
    3314
    3268
    3262
    3219
    3249
    3321
    3211
    3078
    3179
    3253
    3253
    3208
    3188
    3237
    3272
    3312
    3306
    3244
    3225
    3293
    3314
    3197
    3175
    3234
    3143
    3300
    3223
    3120
    3235
    3233
    3369
    3201
    3258
    3188
    3265
    3185
    3138
    3247
    3177
    3186
    3233
    3295
    3251
    3193
    3244
    3184
    3260
    3271
    3162
    3214
    3129
    3165
    3207
    3250
    3197
    3205
    3256
    3212
    3312
    3255
    3282
    3257
    3245
    3176
    3238
    3254
    3377
    3153
    3278
    3299
    3220
    3167
    3292
    3257
    3226
    3299
    3197
    3199
    3294
    3186
    3248
    3296
    3267
    3245
    3321
    3195
    3248
    3222
    3212
    3324
    3305
    3338
    3344
    3198
    3232
    3262
    3161
    3244
    3316
    3190
    3330
    3320
    3133
    3287
    3330
    3117
    3286
    3297
    3269
    3148
    3367
    3271
    3224
    3232
    3135
    3360
    3170
    3240
    3335
    3289
    3167
    3182
    3213
    3270
    3242
    3244
    3330
    3299
    3262
    3396
    3157
    3261
    3337
    3263
    3264
    3380
    3421
    3311
    3429
    3335
    3364
    3341
    3395
    3333
    3274
    3396
    3333
    3333
    3256
    3344
    3293
    3323
    3420
    3307
    3319
    3314
    3366
    3295
    3314
    3358
    3394
    3293
    3440
    3439
    3316
    3329
    3345
    3269
    3407
    3346
    3480
    3413
    3356
    3353
    3329
    3304
    3322
    3458
    3344
    3435
    3414
    3386
    3336
    3374
    3533
    3466
    3450
    3456
    3457
    3511
    3492
    3381
    3462
    3443
    3464
    3406
    3481
    3466
    3481
    3502
    3408
    3521
    3494
    3430
    3436
    3521
    3575
    3366
    3474
    3485
    3466
    3535
    3553
    3560
    3483
    3678
    3642
    3586
    3447
    3567
    3618
    3644
    3595
    3576
    3625
    3568
    3488
    3438
    3615
    3464
    3635
    3588
    3655
    3714
    3646
    3639
    3651
    3581
    3717
    3590
    3617
    3634
    3761
    3600
    3800
    3619
    3666
    3674
    3654
    3815
    3676
    3667
    3827
    3740
    3828
    3646
    3728
    3646
    3767
    3802
    3755
    3899
    3753
    3816
    3814
    3793
    3745
    3782
    3860
    3923
    3755
    3627
    3821
    3968
    3834
    3956
    3893
    3826
    3755
    3953
    4048
    3899
    3860
    3879
    4007
    3976
    3869
    3871
    3939
    3966
    4022
    4020
    3897
    3867
    3987
    4017
    3921
    4076
    3953
    3966
    4090
    4062
    4108
    4066
    4190
    4059
    4056
    4022
    4211
    4104
    4173
    4154
    4145
    4115
    4139
    4202
    4141
    4140
    4029
    4262
    4286
    4220
    4147
    4259
    4287
    4208
    4340
    4369
    4284
    4232
    4279
    4308
    4294
    4289
    4236
    4327
    4298
    4385
    4311
    4326
    4296
    4283
    4407
    4430
    4385
    4443
    4462
    4362
    4434
    4521
    4416
    4489
    4498
    4499
    4432
    4535
    4501
    4535
    4587
    4579
    4519
    4575
    4549
    4482
    4707
    4667
    4629
    4599
    4668
    4740
    4600
    4591
    4616
    4664
    4706
    4689
    4649
    4796
    4779
    4671
    4725
    4753
    4707
    4666
    4697
    4751
    4757
    4823
    4837
    4941
    4851
    4962
    4748
    4886
    4905
    4888
    4893
    4911
    4856
    4985
    5031
    5001
    5006
    4976
    5000
    5056
    5012
    5019
    4987
    4922
    4959
    5041
    5051
    4967
    5010
    5062
    5136
    5035
    5046
    4996
    5023
    5155
    5047
    4985
    5206
    5153
    5237
    5163
    5122
    5157
    5022
    5041
    5055
    5144
    5251
    5092
    5089
    5083
    5181
    5089
    5103
    5074
    5115
    5030
    5003
    4916
    4846
    4972
    4617
    4823
    4543
    4491
    4547
    4393
    4307
    4235
    4040
    3855
    3843
    3703
    3648
    3613
    3492
    3367
    3303
    3253
    3237
    3207
    3226
    3083
    3177
    3012
    3071
    3014
    2957
    2866
    2917
    2977
    2797
    2857
    2710
    2777
    2747
    2666
    2772
    2728
    2761
    2567
    2654
    2608
    2626
    2582
    2593
    2638
    2639
    2517
    2524
    2496
    2486
    2403
    2493
    2396
    2448
    2405
    2424
    2419
    2452
    2305
    2385
    2297
    2293
    2282
    2298
    2298
    2288
    2310
    2312
    2212
    2165
    2247
    2188
    2230
    2199
    2183
    2151
    2204
    2155
    2167
    2123
    2178
    2151
    2060
    2097
    2051
    2006
    2074
    2060
    2094
    2069
    2016
    2075
    1994
    1961
    2042
    1913
    1952
    1928
    1937
    1897
    1888
    1888
    1862
    1901
    1870
    1817
    1796
    1881
    1801
    1805
    1836
    1835
    1804
    1777
    1766
    1764
    1736
    1767
    1727
    1713
    1810
    1666
    1591
    1636
    1669
    1698
    1644
    1630
    1681
    1634
    1623
    1504
    1607
    1529
    1608
    1578
    1593
    1486
    1442
    1409
    1453
    1523
    1418
    1435
    1488
    1409
    1393
    1374
    1433
    1358
    1459
    1413
    1383
    1407
    1389
    1320
    1274
    1306
    1331
    1365
    1312
    1289
    1229
    1205
    1251
    1202
    1218
    1199
    1193
    1190
    1166
    1171
    1175
    1073
    1191
    1128
    1122
    1120
    1074
    1149
    1053
    1043
    1054
    1027
    1037
    1031
     954
     966
     977
     994
     945
     912
    1004
     966
     897
     937
     906
     929
     877
     850
     881
     890
     866
     896
     885
     863
     816
     791
     844
     780
     792
     799
     764
     792
     726
     764
     747
     753
     774
     698
     752
     745
     686
     764
     694
     750
     699
     664
     710
     676
     710
     757
     705
     710
     694
     735
     737
     645
     624
     657
     609
     692
     679
     653
     664
     686
     636
     650
     643
     650
     584
     637
     609
     628
     637
     654
     606
     603
     637
     605
     580
     586
     628
     618
     569
     592
     600
     579
     626
     600
     593
     573
     602
     584
     555
     552
     592
     570
     585
     612
     562
     573
     554
     567
     584
     535
     558
     529
     538
     576
     591
     586
     512
     599
     549
     561
     524
     557
     541
     571
     543
     553
     532
     559
     547
     531
     551
     497
     522
     506
     573
     480
     515
     529
     513
     501
     519
     521
     519
     517
     527
     551
     523
     489
     505
     512
     501
     548
     520
     512
     516
     496
     521
     519
     473
     507
     526
     469
     564
     525
     533
     514
     531
     512
     483
     505
     498
     506
     519
     493
     535
     492
     538
     479
     480
     503
     520
     501
     519
     500
     519
     445
     529
     509
     507
     507
     536
     520
     508
     475
     526
     504
     489
     536
     500
     495
     503
     442
     549
     501
     504
     513
     500
     525
     514
     500
     488
     504
     487
     513
     529
     493
     476
     525
     488
     495
     484
     502
     510
     464
     507
     522
     490
     451
     478
     496
     500
     504
     485
     511
     485
     491
     507
     508
     477
     557
     514
     488
     477
     512
     487
     507
     501
     509
     490
     516
     499
     540
     508
     514
     539
     506
     532
     499
     547
     555
     527
     522
     529
     582
     592
     593
     607
     581
     620
     606
     605
     575
     568
     565
     580
     576
     629
     653
     632
     656
     757
     875
    1217
    1817
    3429
    6304
   11401
   19406
   31101
   47854
   73453
  109040
  149960
  187884
  213174
  216779
  198931
  163496
  117244
   73918
   41033
   21232
   10693
    4871
    2042
     831
     471
     372
     353
     319
     328
     282
     280
     262
     255
     251
     277
     240
     234
     233
     238
     241
     221
     205
     231
     221
     229
     237
     202
     210
     216
     203
     218
     214
     204
     196
     218
     181
     171
     216
     217
     176
     202
     175
     175
     179
     189
     172
     171
     165
     172
     182
     165
     149
     170
     147
     146
     183
     185
     172
     148
     177
     161
     178
     179
     157
     197
     153
     171
     151
     163
     180
     162
     162
     172
     171
     135
     124
     165
     155
     141
     136
     124
     128
     138
     113
     154
     121
     134
     119
     135
     129
     116
     113
     121
     109
     122
     127
     118
     111
     138
     103
     124
     113
     125
     101
     113
     105
     108
     105
     129
     114
     112
     127
     124
     109
     122
     111
     108
     109
     105
     101
     103
     114
     113
     110
     121
     103
     121
     113
      95
     110
     113
     102
     113
     100
     105
     102
     107
     110
     110
      93
     126
      95
     119
     103
     107
      89
     106
     101
      82
      91
     120
     104
      91
     122
     101
      96
     114
     101
     105
      92
     118
     104
     108
      96
     102
     114
     113
      95
      86
      98
     105
     135
      88
      92
     113
      87
      90
     102
      91
      99
      79
      99
      99
      98
     103
     133
     114
     102
      90
     106
      78
     117
      79
      83
      88
      85
      92
      66
      93
      87
      82
      96
      88
      93
      85
      79
      83
      82
      87
      61
      91
     100
      87
     117
     115
      77
      90
      98
      89
      80
      89
      92
      86
      94
      90
      85
      82
     105
      91
      84
      86
      71
      86
      86
      88
      97
      71
      81
      86
      92
      94
      86
      90
      84
      87
      98
      92
      91
     110
      90
      74
      92
      78
      81
      80
      73
      81
      78
      71
      87
      75
      84
      70
      69
      79
      90
      63
      92
      62
      77
      74
      86
      83
      78
      73
      78
      91
      78
      76
      87
      96
      75
      74
      81
      81
      80
      91
      90
      87
      79
      90
      84
      91
      92
      97
      93
      91
      85
     102
      94
      84
      78
      94
      84
      79
      98
      90
      80
      76
      98
      94
      91
      86
      82
      80
      91
      73
      70
      88
      84
      89
      94
      80
      77
      89
      78
      72
      81
      85
      74
      83
      85
      68
      76
      82
      64
      85
      97
      95
      80
      66
      74
      81
      80
      66
      78
      73
      83
      64
      83
      78
      85
      75
      93
      59
      76
      81
      86
      81
      64
      86
      87
      76
      82
      75
      85
      84
      70
      73
      81
      67
      78
      78
      81
      73
      83
      86
      88
      84
      83
      89
      88
      88
      77
      90
      91
      66
      93
      84
      76
      82
      71
      72
      83
      82
      76
      87
      78
      83
      82
      90
      88
      64
      92
      90
      83
      94
      97
      74
      72
      88
      92
      63
      75
      93
      90
      81
      82
      78
      82
      83
      67
      61
      88
      82
      84
      86
      89
      61
      84
      92
      70
      71
      62
      74
      77
      85
      82
      78
      69
      78
      63
      77
      62
      63
      93
      74
      90
      71
      59
      73
      76
      76
      88
      77
      94
      77
      80
      92
      87
      84
      94
      74
      77
      83
      67
      67
      82
      83
      76
      82
      83
      85
      71
      74
      76
      67
      86
      91
      80
      84
     102
      72
      75
      84
      96
      75
      58
      69
      91
      71
      69
      72
      83
      84
      73
      65
      73
      75
      74
      73
      68
      77
      75
      69
      78
      75
      68
      76
      68
      68
      92
      84
      76
      75
      71
      86
      75
      69
      75
      69
      85
      71
      88
      75
      77
      81
      87
      72
      89
      78
      81
      74
      61
      66
      68
      93
      62
      81
      82
      85
      84
      91
      55
      63
      79
      87
      79
      72
      62
      71
      77
      76
      82
      82
      84
      88
     100
      79
      65
      69
      68
      76
      72
      68
      76
      81
      70
      83
      73
      66
      92
      69
      75
      86
      65
      66
      64
      74
      86
      83
      90
      79
      77
      87
      67
      87
      93
      74
      83
      72
      67
      74
      70
      82
      82
      59
      78
      63
      74
      85
      76
      81
      80
      91
      79
      89
      71
      70
      89
      82
      85
      68
      79
      78
      79
      69
      82
      78
      81
      69
      79
      70
      68
      79
      75
      77
      68
      71
      65
      73
      73
      79
      82
      68
      75
      85
      81
      73
      81
      73
      82
      83
      79
      81
      85
      88
      74
      82
      87
      75
      75
      79
      65
      78
      82
      90
      73
      83
      84
      61
      96
      82
      95
      84
      77
      72
      93
      68
      77
      72
      84
      78
      77
      85
      71
      77
      69
      68
      72
      75
      93
      84
      74
      91
      78
      91
      74
      65
      71
      69
      78
      89
      73
      86
      73
      91
      73
      88
      81
      94
      75
      68
      69
      70
      76
      84
      79
      73
      87
      73
      80
      81
      76
      73
      78
      70
      80
      80
      86
      82
      69
      70
      79
      86
      83
      92
      72
      89
      84
      81
      82
      71
      70
      81
      66
      75
      78
      72
      81
      72
      73
      97
      58
      76
      72
      64
      86
      76
      88
      72
      59
      75
      87
      82
      74
      59
      66
      71
      56
      76
      58
      68
      78
      69
      66
      57
      69
      71
      57
      64
      61
      71
      58
      60
      81
      71
      63
      51
      71
      65
      61
      76
      51
      61
      65
      66
      54
      81
      66
      53
      64
      73
      60
      64
      53
      59
      65
      65
      67
      85
      52
      60
      76
      58
      47
      59
      57
      63
      51
      50
      55
      60
      66
      70
      57
      62
      51
      47
      41
      61
      72
      57
      55
      53
      53
      60
      47
      56
      62
      64
      59
      62
      72
      66
      57
      40
      64
      52
      74
      58
      61
      53
      57
      57
      49
      66
      65
      56
      51
      43
      58
      60
      68
      56
      52
      50
      59
      55
      67
      53
      67
      55
      67
      70
      68
      49
      49
      47
      56
      62
      72
      54
      50
      64
      68
      51
      61
      56
      68
      45
      52
      54
      55
      44
      62
      63
      70
      70
      55
      50
      52
      55
      50
      66
      50
      53
      42
      50
      51
      67
      56
      58
      52
      63
      61
      50
      51
      50
      52
      60
      50
      44
      57
      61
      52
      62
      58
      52
      37
      48
      51
      51
      55
      53
      67
      53
      56
      59
      67
      67
      53
      61
      52
      69
      54
      57
      55
      56
      63
      51
      49
      56
      46
      79
      50
      50
      41
      70
      55
      43
      54
      58
      58
      44
      49
      47
      49
      57
      46
      51
      61
      50
      50
      61
      53
      55
      49
      67
      45
      58
      53
      51
      44
      41
      59
      53
      48
      58
      44
      58
      44
      64
      51
      47
      53
      40
      51
      49
      52
      48
      54
      51
      57
      51
      43
      48
      45
      51
      38
      57
      54
      69
      42
      56
      56
      39
      59
      67
      53
      44
      42
      56
      63
      55
      49
      50
      42
      54
      50
      45
      53
      56
      62
      51
      58
      63
      52
      50
      62
      39
      48
      47
      51
      58
      57
      41
      43
      52
      62
      52
      54
      50
      56
      49
      62
      50
      36
      54
      48
      52
      60
      51
      43
      51
      50
      56
      40
      57
      47
      47
      54
      43
      62
      50
      49
      51
      35
      37
      57
      41
      62
      45
      44
      50
      60
      50
      60
      53
      56
      60
      48
      46
      56
      47
      50
      66
      45
      39
      43
      61
      54
      43
      46
      56
      46
      41
      48
      44
      49
      58
      47
      66
      49
      51
      64
      42
      53
      48
      51
      52
      57
      64
      53
      59
      41
      58
      51
      61
      42
      51
      47
      58
      44
      55
      50
      44
      45
      50
      57
      54
      45
      45
      46
      44
      43
      47
      45
      45
      40
      57
      47
      44
      53
      44
      38
      42
      49
      38
      41
      36
      42
      38
      38
      31
      40
      41
      37
      31
      50
      30
      52
      26
      32
      33
      42
      23
      37
      32
      29
      28
      30
      38
      43
      41
      37
      30
      36
      33
      32
      28
      39
      31
      36
      34
      43
      50
      30
      37
      22
      32
      30
      30
      25
      32
      35
      29
      22
      33
      23
      27
      35
      23
      33
      40
      25
      29
      22
      33
      31
      30
      19
      34
      34
      28
      37
      26
      32
      25
      33
      27
      31
      30
      25
      27
      37
      20
      22
      20
      28
      32
      23
      23
      25
      30
      24
      28
      15
      22
      31
      35
      25
      31
      28
      35
      30
      26
      35
      32
      20
      38
      28
      35
      28
      25
      28
      32
      29
      27
      20
      36
      25
      31
      51
      43
      46
      60
      82
      97
     118
     162
     176
     268
     341
     418
     572
     703
     804
     921
    1012
    1040
    1021
    1083
     985
     861
     751
     542
     369
     231
     159
     108
     103
      52
      48
      36
      31
      32
      24
      24
      15
      23
      19
      17
      19
      26
      23
      12
      16
      25
      19
      20
      18
      21
      22
      24
      26
      20
      21
      11
      17
      22
      15
      20
      13
      19
      16
      12
      23
      16
      19
      20
      18
      20
      22
      18
      20
      23
      16
      10
      17
      15
      12
      25
      27
      18
      23
      20
      19
      17
      22
      18
      25
      21
      16
      16
      19
      17
      13
       9
      13
      17
      24
      20
      15
      23
      18
      16
      14
      16
      17
      17
      10
      15
      14
      14
      19
      25
      14
      21
      16
      13
      16
      14
      12
      12
      13
      19
      11
      13
      19
      11
      20
      19
      11
       9
      16
       9
      11
      13
      17
      16
      11
      13
      15
      11
       9
      13
      15
      12
      10
      13
      10
       9
       9
       7
      10
      17
      15
      11
      10
       9
      11
       9
      12
       9
      11
       9
       9
       8
      14
       9
      11
      15
       6
      15
      13
      11
      16
      11
      10
      16
       6
      11
      13
      13
       7
       6
       8
       8
      17
      13
       7
      11
      12
      15
      14
      16
      11
       9
      10
      13
       7
      13
      10
      15
      18
      13
       6
      10
       6
       9
      11
       9
       7
       9
      15
      11
       9
       8
       6
      11
       9
      11
      11
       9
      10
       6
      13
      16
       8
      11
      14
      15
      10
       7
      12
      12
      14
       8
      13
       5
      10
      15
       7
      11
       8
       8
       8
       9
       9
       9
      14
      13
      11
      10
      19
      11
      11
      11
       9
      15
      13
      15
       9
       6
       8
      10
      17
       7
       9
      11
      13
       5
      10
       9
      10
       6
      12
      11
      10
       8
      11
      10
       4
       5
      13
      11
       9
       5
       8
      10
      13
      14
      14
       9
      13
       6
      15
      14
      17
      12
      10
       9
      13
      11
      13
       6
      16
      15
      16
      12
      11
      14
      14
      11
      10
      16
       8
       6
      13
       6
      13
      15
      10
      16
      10
       9
      17
      10
      13
       9
      16
      11
      12
       9
       7
      10
      13
      11
      18
      11
      19
      18
      15
      23
      14
      13
      17
      13
      20
      12
      13
      18
      13
      13
      11
      18
       7
      15
       9
      18
      11
      14
      14
      11
      15
      21
      23
      22
      21
      16
      13
      15
      24
      28
      18
      13
      13
      18
      21
      21
      18
      24
      29
      19
      22
      21
      24
      29
      36
      32
      39
      26
      28
      48
      34
      38
      37
      32
      31
      24
      22
      19
      36
      47
      46
      49
      53
      72
      95
     142
     163
     202
     260
     338
     430
     515
     632
     733
     745
     793
     797
     833
     823
     836
     748
     651
     570
     382
     251
     152
     118
      66
      45
      45
      23
      19
      10
       9
       5
       6
       4
       1
       1
       1
       5
       5
       3
       3
       4
       1
       6
       1
       0
       2
       2
       2
       1
       6
       2
       2
       0
       2
       3
       3
       1
       1
       1
       0
       2
       7
       3
       0
       1
       2
       5
       1
       1
       5
       2
       3
       1
       1
       0
       2
       1
       1
       2
       1
       3
       1
       0
       5
       3
       4
       3
       2
       3
       1
       1
       1
       1
       2
       2
       5
       1
       0
       3
       2
       1
       0
       0
       2
       3
       1
       4
       4
       3
       4
       3
       0
       0
       1
       2
       3
       1
       3
       2
       2
       0
       2
       0
       0
       3
       1
       0
       1
       1
       5
       1
       0
       2
       2
       0
       2
       1
       0
       2
       5
       2
       3
       0
       3
       0
       1
       1
       4
       2
       4
       2
       3
       1
       2
       1
       2
       2
       1
       3
       1
       1
       0
       3
       3
       0
       3
       1
       2
       0
       3
       0
       3
       1
       4
       4
       0
       1
       1
       4
       2
       2
       5
       0
       0
       3
       3
       2
       0
       1
       3
       3
       1
       3
       0
       1
       0
       5
       0
       4
       3
       2
       4
       2
       3
       3
       3
       0
       0
       2
       1
       3
       1
       0
       1
       4
       1
       2
       0
       2
       0
       1
       1
       1
       1
       0
       4
       3
       1
       2
       1
       5
       1
       1
       0
       0
       0
       1
       2
       4
       1
       0
       0
       1
       1
       3
       2
       0
       1
       1
       0
       1
       2
       0
       0
       3
       1
       0
       1
       1
       0
       2
       1
       0
       3
       1
       1
       2
       0
       0
       0
       2
       1
       0
       4
       1
       0
       1
       0
       2
       0
       2
       2
       2
       3
       2
       0
       0
       0
       1
       0
       0
       1
       1
       3
       0
       0
       1
       2
       5
       1
       5
       1
       3
       3
       0
       4
       0
       1
       0
       0
       3
       5
       2
       0
       0
       0
       1
       2
       2
       3
       1
       3
       2
       0
       1
       2
       1
       1
       2
       0
       3
       2
       2
       1
       1
       2
       1
       3
       0
       3
       1
       1
       1
       1
       0
       3
       2
       1
       0
       0
       0
       0
       3
       0
       1
       1
       0
       1
       0
       0
       2
       1
       0
       2
       1
       0
       1
       0
       1
       1
       0
       0
       2
       0
       1
       1
       1
       2
       2
       0
       1
       0
       0
       2
       1
       3
       1
       1
       4
       3
       4
       2
       3
       1
       1
       0
       1
       2
       2
       0
       1
       1
       2
       2
       0
       0
       2
       0
       0
       0
       1
       1
       4
       1
       1
       1
       2
       2
       3
       0
       3
       3
       0
       1
       0
       0
       2
       0
       3
       2
       4
       1
       0
       1
       1
       1
       0
       1
       0
       0
       1
       0
       0
       3
       2
       1
       1
       1
       1
       0
       2
       3
       0
       1
       1
       4
       2
       1
       1
       3
       1
       0
       0
       1
       0
       1
       1
       1
       2
       1
       1
       0
       1
       2
       1
       0
       1
       1
       0
       2
       1
       0
       0
       0
       2
       0
       1
       0
       1
       1
       1
       1
       2
       1
       0
       1
       1
       1
       1
       0
       0
       0
       0
       0
       0
       1
       0
       2
       0
       0
       1
       0
       0
       0
       0
       2
       0
       1
       2
       0
       2
       1
       3
       0
       2
       1
       0
       4
       2
       1
       0
       0
       0
       0
       1
       2
       0
       1
       0
       0
       0
       0
       0
       1
       0
       0
       0
       0
       1
       0
       0
       3
       3
       0
       0
       2
       2
       1
       1
       1
       1
       0
       1
       0
       1
       0
       0
       0
       3
       1
       1
       2
       0
       0
       3
       2
       3
       0
       0
       1
       1
       0
       0
       4
       1
       1
       2
       0
       0
       1
       1
       0
       1
       0
       1
       2
       0
       2
       0
       4
       0
       0
       0
       1
       2
       1
       2
       0
       0
       2
       1
       1
       2
       0
       0
       0
       0
       1
       0
       0
       2
       0
       1
       0
       1
       0
       0
       0
       1
       0
       0
       0
       1
       1
       0
       2
       0
       1
       1
       0
       0
       1
       0
       1
       3
       0
       0
       2
       0
       0
       0
       0
       1
       0
       1
       0
       1
       0
       2
       1
       0
       2
       0
       0
       0
       1
       0
       0
       1
       3
       0
       0
       4
       1
       1
       1
       2
       1
       1
       1
       0
       0
       0
       0
       1
       0
       2
       0
       0
       2
       0
       0
       1
       1
       1
       2
       1
       0
       0
       1
       0
       0
       1
       2
       1
       0
       2
       0
       1
       0
       0
       0
       1
       0
       0
       0
       1
       1
       0
       1
       0
       0
       1
       0
       1
       0
       2
       1
       0
       0
       1
       0
       1
       2
       1
       0
       1
       0
       0
       0
       0
       0
       3
       1
       0
       3
       0
       0
       0
       0
       0
       0
       0
       0
       1
       1
       0
       0
       1
       1
       0
       0
       0
       1
       0
       1
       0
       1
       0
       0
       0
       0
       2
       1
       0
       0
       1
       1
       1
       1
       2
       0
       0
       0
       0
       0
       1
       0
       2
       0
       2
       0
       1
       0
       0
       0
       1
       0
       2
       0
       0
       2
       0
       1
       0
       2
       1
       0
       2
       0
       1
       1
       0
       1
       2
       1
       2
       0
       0
       1
       0
       0
       0
       0
       2
       1
       0
       0
       0
       0
       1
       1
       0
       0
       0
       0
       0
       0
       1
       1
       3
       0
       0
       1
       0
       1
       0
       0
       1
       0
       0
       0
       0
       0
       0
       1
       1
       0
       1
       3
       0
       0
       2
       2
       0
       0
       0
       1
       0
       0
       2
       0
       0
       0
       0
       0
       1
       0
       0
       0
       1
       0
       0
       0
       0
       1
       2
       0
       2
       1
       1
       0
       0
       0
       1
       0
       0
       0
       1
       0
       1
       1
       0
       0
       0
       2
       0
       0
       0
       1
       0
       0
       0
       3
       1
       2
       3
       0
       1
       0
       0
       1
       0
       1
       0
       0
       2
       1
       1
       1
       0
       0
       0
       1
       0
       2
       0
       0
       0
       0
       1
       0
       0
       1
       0
       1
       1
       0
       0
       1
       0
       1
       0
       4
       2
       0
       0
       1
       1
       0
       1
       0
       0
       0
       0
       1
       0
       1
       1
       0
       0
       0
       0
       1
       0
       0
       1
       2
       1
       0
       1
       1
       0
       0
       1
       0
       0
       0
       0
       0
       1
       0
       1
       0
       0
       0
       0
       0
       0
       1
       1
       0
       1
       0
       0
       2
       1
       0
       0
       0
       0
       1
       1
       0
       0
       0
       0
       0
       0
       0
       2
       0
       1
       2
       2
       1
       2
       0
       0
       1
       3
       0
       1
       1
       0
       0
       0
       0
       1
       0
       1
       0
       0
       0
       0
       1
       0
       0
       0
       0
       1
       0
       0
       2
       1
       0
       1
       1
       1
       0
       1
       0
       1
       2
       0
       1
       1
       2
       0
       0
       0
       2
       0
       0
       2
       1
       0
       0
       1
       0
       0
       1
       0
       1
       1
       1
       0
       0
       1
       0
       0
       1
       0
       0
       2
       1
       0
       0
       1
       2
       0
       0
       0
       2
       1
       0
       0
       0
       0
       1
       0
       0
       0
       0
       0
       1
       0
       0
       1
       1
       3
       1
       2
       0
       0
       1
       1
       0
       0
       1
       0
       0
       1
       1
       1
       0
       1
       0
       1
       0
       1
       0
       2
       1
       0
       1
       0
       1
       0
       0
       0
       0
       0
       0
       0
       0
       0
       1
       1
       0
       2
       0
       0
       0
       0
       0
       0
       0
       0
       0
       0
       0
       0
       1
       0
       0
       2
       1
       0
       2
       2
       0
       1
       1
       0
       1
       0
       1
       0
       0
       1
       0
       1
       2
       0
       0
       0
       1
       0
       0
       1
       0
       0
       1
       1
       0
       0
       1
       1
       0
       0
       1
       1
       1
       0
       2
       0
       0
       0
       0
       0
       0
       1
       0
       0
       0
       0
       1
       0
       0
       1
       0
       0
       0
       0
       2
       1
       0
       0
       0
       1
       0
       0
       0
       1
       1
       0
       0
       1
       0
       1
       0
       1
       0
       2
       1
       1
       1
       0
       0
       0
       1
       1
       1
       1
       1
       2
       0
       1
       2
       0
       1
       0
       1
       1
       0
       0
       0
       1
       0
       0
       2
       1
       0
       1
       1
       1
       0
       0
       1
       0
       1
       0
       0
       1
       0
       1
       0
       0
       0
       0
       1
       2
       0
       0
       0
       0
       0
       1
       0
       0
       0
       0
       0
       0
       0
       1
       0
       1
       0
       0
       0
       0
       0
       0
       0
       0
       0
       1
       0
       0
       0
       0
       0
       0
       0
       0
       0
       0
       0
       0
       0
       0
       0
       0
       0
       1
       0
       2
       1
       0
       0
       0
       0
       0
       0
       0
       1
       1
       0
       0
       0
       0
       0
       0
       0
       0
       0
       0
       0
       0
       0
       1
       0
       0
       0
       1
       0
       2
       0
       0
       1
       0
       1
       0
       0
       0
       0
       0
       0
       1
       0
       0
       0
       0
       0
       0
       0
       0
       0
       0
       0
       0
       1
       1
       1
       0
       0
       0
       1
       0
       0
       1
       0
       0
       0
       0
       0
       0
       0
       0
       1
       0
       0
       0
       0
       0
       0
       0
       0
       0
       0
       0
       2
       0
       0
       1
       1
       0
       0
       0
       0
       2
       0
       0
       1
       0
       0
       0
       0
       0
       1
       0
       0
       0
       0
       0
       0
       0
       0
       1
       1
       0
       0
       1
       0
       0
       0
       0
       0
       0
       0
       0
       0
       0
       0
       0
       0
       0
       0
       0
       0
       0
       1
       0
       0
       0
       0
       0
       0
       0
       0
       0
       0
       0
       0
       2
       0
       1
       0
       1
       0
       0
       0
       0
       0
       0
       0
       0
       0
       0
       0
       0
       1
       0
       0
       0
       0
       0
       0
       1
       1
       0
       0
       0
       1
       0
       0
       0
       1
       1
       0
       1
       0
       0
       0
       0
       0
       1
       1
       0
       0
       0
       0
       0
       0
       0
       0
       1
       0
       0
       0
       1
       0
       0
       0
       1
       0
       1
       0
       0
       1
       0
       0
       0
       0
       0
       0
       0
       0
       1
       0
       0
       0
       0
       1
       0
       1
       0
       1
       0
       1
       1
       0
       0
       0
       0
       1
       1
       0
       0
       0
       0
       0
       1
       0
       0
       0
       0
       1
       0
       0
       1
       1
       0
       0
       1
       0
       1
       1
       0
       1
       0
       0
       1
       0
       0
       1
       0
       1
       0
       0
       0
       0
       0
       0
       0
       0
       0
       0
       1
       0
       0
       0
       0
       0
       3
       0
       0
       0
       0
       0
       0
       1
       0
       0
       1
       0
       0
       1
       0
       1
       0
       0
       0
       0
       2
       0
       0
       0
       1
       0
       1
       0
       0
       0
       0
       2
       0
       0
       0
       0
       0
       1
       0
       0
       1
       0
       0
       1
       0
       0
       0
       0
       0
       0
       0
       0
       0
       0
       0
       0
       0
       0
       0
       0
       0
       0
       1
       0
       0
       0
       0
       0
       0
       0
       0
       0
       0
       0
       0
       0
       0
       1
       1
       1
       0
       0
       0
       0
       0
       1
       0
       0
       0
       0
       1
       0
       1
       0
       0
       0
       0
       0
       0
       0
       1
       0
       0
       0
       0
       0
       0
       0
       0
       0
       1
       0
       0
       0
       0
       0
       0
       0
       0
       0
       0
       0
       0
       1
       0
       1
       0
       0
       1
       1
       0
       0
       0
       0
       0
       0
       0
       0
       0
       1
       1
       0
       0
       0
       0
       0
       0
       0
       1
       0
       1
       0
       0
       0
       0
       0
       0
       0
       0
       0
       0
       0
       0
       0
       0
       0
       0
       0
       0
       0
       0
       0
       0
       0
       0
       0
       0
       0
       0
       0
       1
       0
       0
       0
       0
       1
       1
       0
       0
       0
       0
       0
       0
       0
       0
       0
       0
       0
       0
       1
       0
       0
       0
       0
       0
       0
       0
       0
       0
       0
       0
       0
       0
       0
       0
       0
       0
       0
       0
       0
       0
       0
       0
       0
       0
       1
       0
       0
       1
       0
       0
       0
       0
       0
       0
       0
       0
       0
       0
       0
       0
       0
       0
       0
       0
       0
       0
       0
       0
       0
       0
       0
       0
       0
       0
       0
       0
       0
       0
       0
       0
       0
       0
       0
       0
       0
       0
       0
       0
       1
       0
       0
       0
       1
       0
       0
       0
       0
       0
       0
       0
       0
       0
       0
       0
       0
       0
       0
       0
       0
       0
       0
       1
       0
       0
       0
       0
       0
       0
       0
       0
       0
       0
       0
       0
       0
       0
       0
       0
       0
       0
       0
       0
       0
       0
       0
       0
       0
       1
       0
       0
       0
       0
       0
       1
       0
       0
       0
       0
       0
       0
       0
       0
       0
       0
       0
       0
       0
       0
       0
       0
       0
       0
       0
       0
       0
       0
       0
       0
       0
       0
       0
       0
       0
       0
       1
       0
       0
       0
       0
       0
       0
       0
       0
       0
       0
       0
       0
       0
       0
       0
       0
       0
       0
       0
       0
       0
       0
       0
       0
       0
       0
       0
       0
       0
       0
       0
       0
       1
       0
       0
       0
       0
       0
       1
       0
       0
       0
       0
       0
       0
       0
       0
       0
       0
       0
       0
       0
       1
       0
       0
       0
       0
       0
       0
       0
       0
       0
       0
       0
       0
       0
       0
       0
       0
       0
       0
       0
       1
       0
       1
       1
       0
       0
       0
       0
       0
       0
       0
       0
       0
       0
       0
       0
       0
       0
       0
       1
       0
       0
       0
       0
       1
       0
       0
       1
       1
       0
       0
       0
       0
       1
       0
       0
       0
       0
       1
       0
       0
       0
       0
       0
       0
       0
       0
       0
       0
       0
       0
       0
       0
       0
       0
       0
       0
       1
       0
       0
       0
       0
       1
       0
       0
       0
       0
       0
       0
       0
       0
       0
       0
       0
       0
       0
       0
       0
       0
       0
       0
       0
       0
       0
       0
       0
       0
       0
       0
       0
       0
       1
       0
       0
       0
       0
       1
       1
       0
       0
       0
       0
       1
       0
       0
       0
       0
       0
       1
       0
       0
       0
       0
       0
       0
       0
       1
       0
       1
       0
       0
       0
       0
       0
       1
       0
       0
       0
       0
       0
       0
       0
       0
       0
       1
       0
       0
       0
       0
       0
       0
       0
       0
       0
       0
       0
       0
       0
       0
       0
       0
       0
       1
       0
       0
       0
       0
       0
       0
       0
       0
       0
       0
       1
       0
       0
       0
       0
       0
       0
       0
       0
       0
       0
       0
       0
       0
       0
       1
       0
       0
       0
       0
       0
       0
       1
       0
       0
       0
       1
       0
       1
       0
       0
       0
       0
       0
       0
       0
       0
       0
       0
       0
       0
       0
       0
       0
       0
       1
       0
       0
       0
       0
       0
       2
       0
       0
       0
       0
       1
       0
       0
       0
       0
       1
       0
       0
       0
       2
       0
       1
       0
       1
       0
       1
       0
       0
       0
       1
       0
       0
       0
       0
       0
       0
       0
       0
       0
       0
       0
       0
       0
       0
       0
       0
       0
       1
       0
       0
       0
       0
       0
       0
       0
       0
       0
       0
       0
       0
       0
       0
       0
       0
       1
       0
       0
       0
       0
       0
       1
       0
       0
       0
       0
       0
       1
       0
       0
       0
       0
       0
       0
       0
       0
       0
       0
       0
       0
       0
       0
       0
       0
       0
       0
       0
       0
       0
       0
       0
       0
       0
       0
       0
       0
       0
       0
       0
       0
       0
       0
       0
       0
       0
       0
       0
       0
       0
       0
       0
       0
       0
       0
       0
       0
       0
       0
       0
       0
       0
       1
       1
       0
       0
       0
       0
       0
       1
       0
       0
       0
       0
       0
       1
       0
       0
       0
       0
       0
       0
       0
       0
       0
       0
       0
       0
       0
       0
       0
       0
       0
       0
       0
       0
       0
       0
       0
       0
       0
       0
       0
       0
       0
       0
       0
       0
       0
       0
       0
       0
       0
       0
       0
       0
       0
       0
       0
       0
       0
       0
       1
       0
       0
       0
       0
       0
       0
       0
       0
       0
       0
       0
       0
       1
       0
       0
       0
       0
       0
       0
       0
       0
       1
       0
       0
       0
       0
       0
       0
       0
       0
       1
       0
       0
       0
       0
       0
       0
       0
       0
       0
       0
       0
       1
       0
       0
       0
       0
       1
       0
       0
       0
       0
       0
       0
       0
       0
       0
       1
       0
       0
       0
       0
       0
       0
       0
       0
       0
       0
       0
       0
       0
       0
       0
       0
       0
       0
       0
       0
       0
       0
       0
       0
       0
       0
       0
       0
       0
       0
       0
       0
       0
       1
       0
       0
       0
       0
       0
       0
       0
       0
       0
       0
       0
       0
       0
       0
       0
       0
       0
       0
       0
       0
       0
       0
       0
       0
       0
       0
       0
       0
       0
       0
       0
       0
       0
       0
       0
       0
       0
       0
       0
       0
       0
       0
       0
       0
       0
       0
       1
       0
       0
       0
       0
       0
       0
       0
       0
       0
       0
       0
       0
       0
       0
       0
       0
       0
       0
       0
       0
       0
       1
       0
       0
       0
       0
       1
       0
       0
       0
       0
       0
       0
       0
       0
       0
       0
       0
       0
       0
       0
       0
       0
       0
       0
       0
       0
       0
       0
       0
       0
       0
       0
       0
       0
       0
       0
       0
       0
       0
       0
       1
       0
       0
       0
       0
       1
       0
       0
       0
       0
       0
       0
       0
       0
       0
       0
       0
       0
       0
       0
       0
       0
       0
       0
       0
       0
       0
       0
       0
       0
       0
       0
       0
       0
       0
       0
       0
       0
       0
       0
       0
       0
       0
       0
       0
       0
       0
       0
       0
       0
       0
       0
       0
       0
       0
       0
       0
       0
       0
       0
       0
       0
       0
       0
       0
       0
       1
       0
       0
       0
       0
       0
       0
       0
       0
       0
       0
       0
       0
       0
       0
       0
       0
       0
       0
       0
       0
       0
       0
       0
       0
       0
       0
       0
       0
       0
       0
       0
       0
       0
       0
       0
       0
       0
       0
       0
       0
       0
       0
       0
       0
       0
       0
       0
       1
       0
       0
       0
       0
       0
       0
       0
       0
       0
       0
       0
       0
       0
       0
       0
       0
       0
       0
       0
       0
       0
       0
       0
       1
       0
       0
       0
       0
       0
       0
       0
       0
       0
       0
       0
       0
       0
       0
       0
       0
       0
       0
       0
       0
       0
       0
       0
       0
       0
       0
       0
       0
       0
       0
       0
       1
       0
       0
       0
       1
       1
       0
       0
       0
       0
       0
       0
       0
       0
       0
       0
       0
       1
       0
       0
       0
       0
       0
       0
       0
       0
       0
       0
       0
       0
       0
       0
       0
       0
       0
       0
       0
       0
       0
       0
       0
       0
       0
       0
       0
       0
       0
       0
       0
       0
       0
       0
       0
       0
       0
       0
       0
       0
       0
       0
       0
       0
       0
       0
       0
       0
       0
       0
       0
       0
       0
       0
       1
       0
       0
       0
       0
       0
       0
       0
       0
       0
       0
       0
       0
       0
       0
       0
       0
       0
       0
       0
       0
       0
       0
       0
       0
       0
       0
       0
       0
       0
       0
       0
       0
       0
       0
       0
       1
       0
       0
       0
       0
       0
       0
       0
       0
       0
       1
       1
       0
       1
       0
       0
       0
       0
       0
       0
       3
       1
       0
       4
       0
       2
       0
       2
       0
       0
       0
       0
       0
       1
       0
       0
       0
       0
       0
       0
       0
       0
       0
       0
       0
       0
       0
       0
       0
       0
       0
       0
       0
       0
       0
       0
       0
       0
       0
       0
       0
       0
       1
       0
       0
       0
       0
       0
       0
       0
       0
       0
       0
       0
       0
       0
       0
       0
       0
       0
       0
       0
       0
       0
       0
       0
       0
       0
       0
       0
       0
       0
       0
       0
       1
       0
       0
       0
       0
       0
       0
       0
       1
       0
       0
       0
       0
       0
       0
       0
       0
       0
       0
       0
       0
       0
       0
       0
       0
       0
       0
       0
       0
       0
       0
       0
       0
       0
       0
       0
       0
       0
       0
       0
       0
       0
       0
       0
       0
       0
       0
       0
       0
       0
       0
       0
       0
       0
       1
       0
       0
       0
       0
       0
       0
       0
       0
       0
       0
       0
       0
       0
       0
       0
       0
       0
       0
       0
       0
       0
       0
       0
       0
       0
       0
       0
       0
       0
       0
       0
       0
       0
       0
       0
       0
       0
       0
       0
       0
       0
       0
       0
       0
       0
       0
       0
       0
       0
       0
       0
       0
       0
       0
       0
       0
       0
       0
       0
       0
       0
       0
       0
       0
       0
       0
       0
       0
       0
       0
       0
       0
       0
       0
       0
       0
       0
       0
       0
       0
       0
       0
       0
       0
       0
       0
       0
       0
       0
       0
       1
       0
       0
       0
       0
       0
       0
       0
       0
       0
       0
       0
       0
       0
       0
       0
       0
       1
       1
       0
       0
       0
       0
       0
       0
       0
       0
       0
       0
       0
       0
       0
       0
       0
       0
       0
       0
       0
       0
       0
       1
       0
       0
       0
       0
       0
       0
       0
       0
       0
       0
       0
       0
       0
       0
       0
       0
       0
       0
       0
       0
       0
       0
       1
       0
       0
       0
       0
       0
       0
       0
       0
       0
       0
       0
       0
       0
       0
       0
       0
       0
       0
       0
       0
       0
       0
       1
       0
       0
       0
       1
       0
       0
       0
       0
       0
       0
       0
       0
       0
       0
       0
       0
       0
       0
       0
       0
       0
       0
       0
       1
       0
       0
       0
       0
       0
       0
       0
       0
       0
       0
       0
       0
       0
       0
       0
       1
       0
       0
       0
       0
       0
       0
       0
       0
       0
       0
       0
       0
       0
       0
       0
       0
       0
       0
       0
       0
       0
       0
       0
       0
       0
       0
       0
       1
       0
       0
       0
       0
       0
       0
       0
       0
       0
       0
       0
       0
       0
       0
       0
       0
       0
       0
       0
       0
       0
       0
       0
       0
       0
       0
       0
       0
       0
       0
       0
       0
       0
       0
       0
       0
       0
       0
       0
       0
       0
       0
       0
       0
       0
       0
       0
       0
       0
       0
       0
       0
       0
       0
       0
       0
       0
       0
       0
       0
       0
       0
       0
       0
       0
       0
       0
       0
       0
       0
       0
       0
       0
       0
       0
       0
       0
       0
       0
       0
       0
       0
       0
       0
       0
       0
       0
       0
       0
       0
       0
       0
       1
       0
       0
       0
       0
       0
       0
       0
       0
       0
       0
       0
       0
       0
       0
       0
       0
       0
       0
       0
       0
       0
       0
       0
       0
       0
       0
       0
       0
       0
       0
       0
       0
       0
       0
       0
       0
       0
       0
       0
       0
       1
       0
       0
       0
       0
       0
       0
       0
       0
       0
       0
       0
       0
       0
       0
       0
       0
       0
       0
       0
       1
       0
       1
       0
       0
       0
       0
       0
       0
       0
       0
       0
       0
       0
       0
       0
       0
       0
       0
       0
       0
       0
       0
       0
       0
       0
       0
       0
       0
       0
       0
       1
       0
       0
       0
       0
       0
       0
       0
       0
       0
       0
       0
       0
       0
       0
       0
       0
       0
       0
       0
       0
       0
       0
       0
       0
       0
       0
       0
       0
       0
       0
       0
       0
       0
       0
       0
       0
       0
       0
       0
       0
       0
       0
       0
       0
       0
       0
       0
       0
       0
       0
       0
       0
       0
       0
       0
       0
       0
       0
       0
       0
       0
       0
       0
       0
       0
       0
       0
       0
       0
       0
       0
       0
       0
       0
       0
       0
       0
       0
       0
       0
       0
       0
       0
       0
       0
       0
       0
       0
       0
       0
       0
       0
       0
       0
       0
       0
       0
       0
       0
       0
       0
       0
       0
       0
       0
       0
       0
       0
       0
       0
       0
       0
       0
       0
       0
       0
       0
       0
       0
       0
       0
       0
       0
       0
       0
       0
       0
       0
       0
       0
       0
       0
       0
       0
       0
       0
       0
       0
       0
       0
       1
       0
       0
       0
       0
       0
       0
       0
       0
       0
       0
       0
       0
       0
       0
       0
       0
       0
       0
       0
       0
       0
       0
       0
       0
       0
       0
       0
       0
       0
       0
       0
       0
       0
       0
       0
       0
       0
       0
       0
       0
       0
       0
       0
       0
       0
       0
       0
       0
       0
       0
       0
       0
       0
       0
       0
       0
       0
       0
       0
       0
       0
       1
       0
       0
       0
       0
       0
       0
       1
       0
       0
       0
       0
       0
       0
       0
       0
       0
       0
       0
       0
       0
       0
       0
       0
       0
       0
       0
       0
       0
       0
       0
       0
       0
       0
       0
       0
       0
       0
       0
       0
       0
       0
       0
       0
       0
       0
       0
       0
       0
       0
       0
       0
       1
       0
       0
       1
       0
       0
       0
       0
       0
       0
       0
       0
       0
       0
       0
       1
       0
       0
       0
       0
       0
       0
       0
       0
       0
       0
       0
       0
       0
       0
       0
       0
       0
       0
       0
       0
       0
       0
       0
       0
       0
       0
       0
       0
       0
       0
       0
       0
       0
       0
       0
       0
       0
       0
       0
       0
       0
       0
       0
       0
       0
       0
       0
       0
       0
       0
       0
       0
       0
       0
       0
       0
       0
       0
       0
       0
       0
       0
       0
       0
       0
       0
       0
       0
       0
       0
       0
       0
       0
       0
       0
       0
       0
       0
       0
       1
       0
       0
       0
       0
       0
       0
       0
       0
       0
       0
       0
       0
       0
       0
       0
       0
       0
       0
       0
       0
       0
       0
       0
       0
       0
       0
       1
       0
       0
       0
       0
       0
       0
       0
       0
       0
       0
       0
       0
       0
       0
       0
       0
       0
       0
       0
       0
       0
       0
       0
       0
       0
       0
       0
       0
       0
       0
       0
       0
       0
       0
       0
       0
       0
       0
       0
       0
       0
       0
       0
       0
       0
       0
       0
       0
       0
       0
       0
       0
       0
       0
       0
       0
       0
       0
       0
       0
       0
       0
       0
       0
       0
       0
       0
       0
       0
       0
       0
       0
       0
       0
       0
       0
       0
       0
       0
       0
       0
       0
       0
       0
       0
       0
       0
       0
       0
       0
       0
       0
       0
       0
       0
       0
       0
       0
       0
       0
       0
       0
       0
       0
       0
       0
       0
       0
       0
       0
       0
       0
       0
       0
       0
       0
       0
       0
       0
       0
       0
       0
       0
       0
       0
       0
       0
       0
       0
       0
       0
       0
       0
       0
       0
       0
       0
       0
       0
       0
       0
       0
       0
       0
       0
       0
       0
       0
       0
       0
       0
       0
       0
       0
       0
       0
       0
       0
       0
       0
       0
       0
       0
       0
       0
       0
       0
       0
       0
       0
       0
       0
       0
       0
       0
       0
       0
       0
       0
       0
       0
       0
       0
       0
       0
       0
       0
       0
       0
       0
       0
       0
       0
       0
       0
       0
       0
       0
       0
       0
       0
       0
       0
       0
       0
       0
       0
       0
       0
       0
       0
       0
       0
       0
       0
       0
       0
       0
       0
       0
       0
       0
       0
       0
       0
       0
       0
       0
       0
       0
       0
       0
       0
       0
       0
       0
       0
       0
       0
       0
       0
       0
       0
       0
       0
       0
       0
       0
       0
       0
       0
       0
       0
       0
       0
       0
       0
       0
       0
       0
       0
       0
       0
       0
       0
       0
       0
       0
       0
       0
       0
       0
       0
       0
       0
       0
       0
       0
       0
       0
       0
       0
       0
       0
       0
       0
       0
       0
       0
       0
       0
       0
       0
       0
       0
       0
       0
       0
       1
       0
       0
       0
       0
       0
       0
       0
       0
       0
       0
       0
       0
       0
       0
       0
       0
       0
       0
       0
       0
       0
       0
       0
       1
       0
       0
       0
       0
       0
       0
       0
       0
       0
       0
       0
       0
       0
       0
       0
       0
       0
       0
       0
       0
       0
       0
       0
       0
       0
       0
       0
       0
       0
       0
       0
       0
       0
       0
       0
       0
       0
       0
       0
       0
       0
       0
       0
       0
       0
       0
       1
       0
       0
       0
       0
       0
       0
       0
       0
       0
       0
       0
       0
       0
       0
       0
       0
       0
       0
       0
       0
       0
       0
       0
       0
       0
       0
       0
       0
       0
       0
       0
       0
       0
       0
       0
       0
       0
       0
       0
       0
       0
       0
       0
       0
       0
       0
       0
       0
       0
       0
       0
       0
       0
       1
       0
       0
       0
       0
       0
       0
       0
       0
       0
       0
       0
       0
       0
       0
       0
       0
       0
       0
       0
       0
       0
       0
       0
       0
       0
       0
       0
       0
       0
       0
       0
       0
       0
       0
       0
       0
       0
       0
       0
       0
       0
       0
       0
       0
       0
       0
       0
       0
       0
       0
       0
       0
       0
       0
       0
       0
       0
       0
       0
       0
       0
       0
       0
       0
       0
       0
       0
       0
       0
       0
       0
       0
       0
       0
       0
       0
       0
       0
       0
       0
       0
       0
       0
       0
       0
       0
       0
       0
       0
       0
       0
       0
       0
       0
       0
       0
       0
       0
       0
       0
       0
       0
       0
       0
       0
       0
       0
       0
       0
       0
       0
       0
       0
       0
       0
       0
       0
       0
       0
       0
       0
       0
       0
       0
       0
       0
       0
       0
       0
       0
       0
       0
       0
       0
       0
       0
       0
       0
       0
       0
       0
       0
       0
       0
       0
       1
       0
       0
       0
       0
       0
       0
       0
       0
       0
       0
       0
       0
       0
       0
       0
       0
       0
       0
       0
       0
       0
       0
       0
       0
       0
       0
       0
       0
       0
       0
       0
       0
       0
       0
       0
       0
       0
       0
       0
       0
       0
       0
       0
       0
       0
       0
       0
       0
       0
       0
       0
       0
       0
       0
       0
       0
       0
       0
       0
       0
       0
       0
       0
       0
       0
       0
       0
       0
       0
       0
       0
       0
       0
       0
       0
       1
       0
       0
       0
       0
       0
       0
       0
       0
       0
       0
       0
       0
       0
       0
       0
       0
       0
       0
       0
       0
       0
       0
       0
       0
       0
       0
       0
       0
       0
       0
       0
       0
       0
       0
       0
       0
       0
       0
       1
       0
       0
       0
       0
       0
       0
       0
       0
       0
       0
       0
       0
       0
       0
       0
       0
       0
       0
       0
       0
       0
       0
       0
       0
       1
       0
       0
       0
       0
       0
       0
       0
       0
       0
       0
       0
       0
       0
       0
       0
       0
       0
       0
       0
       0
       0
       0
       0
       0
       0
       0
       0
       0
       0
       0
       0
       0
       0
       0
       0
       0
       0
       0
       0
       0
       0
       0
       0
       0
       0
       0
       0
       0
       0
       0
       0
       0
       0
       0
       0
       0
       0
       0
       0
       0
       0
       0
       0
       0
       0
       0
       0
       0
       0
       0
       0
       0
       0
       0
       0
       0
       0
       0
       0
       0
       0
       0
       0
       0
       0
       0
       0
       0
       0
       0
       0
       0
       0
       0
       0
       0
       0
       0
       0
       0
       0
       0
       0
       0
       0
       0
       0
       0
       0
       0
       0
       0
       0
       0
       0
       0
       0
       0
       0
       0
       0
       0
       0
       0
       0
       0
       0
       0
       0
       0
       0
       0
       0
       0
       0
       0
       0
       0
       0
       0
       0
       0
       0
       0
       0
       0
       0
       0
       0
       0
       0
       0
       0
       0
       0
       0
       0
       0
       0
       0
       0
       0
       0
       0
       0
       0
       0
       0
       0
       0
       0
       0
       0
       0
       0
       0
       0
       0
       0
       0
       0
       0
       0
       0
       0
       0
       0
       0
       0
       0
       0
       0
       0
       0
       0
       0
       0
       0
       0
       0
       0
       0
       0
       0
       0
       0
       0
       0
       0
       0
       0
       0
       0
       0
       0
       0
       0
       0
       0
       0
       0
       0
       0
       0
       0
       0
       0
       0
       0
       0
       0
       0
       0
       0
       0
       0
       0
       0
       0
       0
       0
$ROI:
3
2091 2111
2937 2969
3328 3372
$PRESETS:
None
0
0
$ENER_FIT:
-1.603023 0.398142
$MCA_CAL:
3
-1.603023E+000 3.981421E-001 -1.843240E-007 keV
$SHAPE_CAL:
3
5.712108E+000 -5.708310E-004 7.647117E-007
