$SPEC_ID:
Pulser
$SPEC_REM:
DET# 2
DETDESC# DETECTOR 2
AP# GammaVision Version 7.01.03
$DATE_MEA:
03/26/2017 11:38:34
$MEAS_TIM:
955 993
$DATA:
0 8191
       0
       0
       0
       0
       0
       0
       0
       0
       0
       0
       0
       0
       0
       0
       0
       0
       0
       0
       0
       0
       0
       0
       0
     139
    4849
    4611
    2838
    2448
    2190
    2273
    2324
    2397
    2461
    2300
    2363
    2485
    2479
    2431
    2490
    2524
    2520
    2661
    2555
    2555
    2528
    2620
    2718
    2667
    2791
    2796
    2816
    2863
    3061
    3351
    3863
    4502
    4888
    4435
    3627
    3164
    3178
    3327
    3242
    3083
    3062
    3394
    3595
    3904
    4191
    4398
    4844
    5473
    6847
    7856
    8292
    8419
    8126
    8989
   14190
   27837
   48535
   59924
   49654
   27420
   11560
    5353
    3952
    3772
    3995
    5113
    8286
   13103
   15732
   13884
    9557
    6179
    4036
    2907
    2586
    2418
    2443
    2445
    2410
    2396
    2279
    2412
    2398
    2409
    2351
    2400
    2463
    2405
    2460
    2429
    2396
    2313
    2443
    2490
    2525
    2414
    2437
    2368
    2478
    2397
    2491
    2429
    2365
    2485
    2458
    2516
    2541
    2491
    2515
    2385
    2424
    2507
    2451
    2532
    2476
    2586
    2482
    2583
    2536
    2578
    2533
    2607
    2627
    2651
    2734
    2679
    2728
    2833
    2784
    2850
    2779
    2660
    2657
    2711
    2800
    2763
    2810
    2868
    2756
    2734
    2789
    2814
    2769
    2822
    2856
    2805
    2828
    2757
    2918
    2949
    2809
    2870
    2885
    2948
    2957
    3057
    3083
    3584
    5007
    6657
    7328
    6257
    5058
    5601
    8303
   10651
    9598
    6610
    4159
    2944
    2646
    2563
    2580
    2580
    2488
    2500
    2613
    2512
    2597
    2565
    2593
    2579
    2647
    2552
    2648
    2640
    2802
    3134
    3959
    5167
    5828
    5438
    4206
    3213
    2907
    3115
    3348
    3373
    3094
    2731
    2524
    2460
    2409
    2389
    2385
    2441
    2459
    2385
    2378
    2342
    2473
    2368
    2413
    2416
    2408
    2426
    2365
    2352
    2414
    2440
    2456
    2389
    2369
    2426
    2486
    2448
    2415
    2456
    2443
    2427
    2358
    2314
    2346
    2404
    2448
    2382
    2400
    2365
    2343
    2390
    2445
    2400
    2427
    2377
    2397
    2446
    2450
    2469
    2521
    2424
    2435
    2427
    2482
    2365
    2444
    2535
    2448
    2528
    2525
    2497
    2511
    2604
    2438
    2546
    2522
    2612
    2540
    2624
    2627
    2589
    2600
    2572
    2512
    2624
    2666
    2602
    2587
    2621
    2622
    2610
    2631
    2664
    2650
    2616
    2527
    2527
    2574
    2677
    2546
    2585
    2556
    2584
    2497
    2576
    2669
    2549
    2648
    2700
    2634
    2642
    2672
    2676
    2672
    2618
    2582
    2611
    2548
    2647
    2602
    2618
    2589
    2598
    2669
    2569
    2532
    2665
    2649
    2598
    2654
    2618
    2579
    2551
    2550
    2689
    2660
    2605
    2671
    2620
    2635
    2620
    2610
    2559
    2610
    2538
    2652
    2609
    2590
    2636
    2582
    2607
    2621
    2579
    2598
    2552
    2566
    2709
    2467
    2596
    2632
    2774
    2565
    2580
    2582
    2603
    2674
    2619
    2558
    2580
    2677
    2610
    2621
    2518
    2639
    2581
    2568
    2586
    2673
    2561
    2611
    2585
    2559
    2530
    2626
    2598
    2541
    2661
    2609
    2523
    2711
    2645
    2632
    2621
    2679
    2673
    2648
    2691
    2594
    2651
    2640
    2664
    2636
    2516
    2644
    2679
    2728
    2594
    2632
    2643
    2612
    2600
    2734
    2602
    2644
    2596
    2753
    2589
    2691
    2560
    2682
    2780
    2741
    2779
    2610
    2686
    2686
    2648
    2805
    2695
    2763
    2711
    2722
    2683
    2784
    2744
    2704
    2869
    2959
    2937
    2830
    2849
    2832
    2835
    2973
    2932
    3026
    3047
    2948
    3214
    3156
    3317
    3354
    3398
    3531
    3651
    3652
    3818
    3810
    3954
    3870
    4110
    4181
    4136
    4253
    4215
    4224
    4126
    4208
    4334
    4177
    4293
    4391
    4322
    4351
    4223
    4221
    4253
    4333
    4226
    4307
    4150
    4226
    4186
    4197
    4106
    4091
    4061
    3991
    3984
    4018
    3930
    3934
    3904
    3949
    3899
    3942
    3850
    3884
    3824
    3770
    3823
    3753
    3884
    3828
    3659
    3755
    3642
    3763
    3679
    3685
    3661
    3700
    3623
    3730
    3622
    3461
    3555
    3470
    3651
    3519
    3701
    3551
    3519
    3502
    3418
    3502
    3414
    3451
    3489
    3376
    3443
    3414
    3465
    3382
    3424
    3378
    3377
    3403
    3333
    3378
    3367
    3229
    3351
    3221
    3242
    3204
    3236
    3288
    3157
    3197
    3310
    3203
    3209
    3070
    3109
    3089
    3078
    3184
    2982
    3061
    3091
    3015
    3014
    3152
    3071
    3002
    3095
    3026
    2999
    2932
    3015
    2989
    3023
    2940
    2931
    2889
    2896
    2924
    2865
    2868
    2824
    2847
    2863
    2969
    2799
    2923
    2811
    2751
    2889
    2866
    2873
    2819
    2808
    2887
    2763
    2856
    2729
    2832
    2731
    2811
    2722
    2825
    2730
    2717
    2666
    2756
    2754
    2704
    2749
    2707
    2666
    2650
    2658
    2637
    2695
    2693
    2603
    2643
    2747
    2718
    2697
    2653
    2648
    2666
    2603
    2598
    2701
    2557
    2610
    2577
    2560
    2502
    2527
    2661
    2587
    2559
    2500
    2510
    2541
    2637
    2573
    2533
    2492
    2570
    2548
    2469
    2505
    2544
    2396
    2547
    2618
    2416
    2507
    2480
    2518
    2431
    2482
    2359
    2497
    2386
    2464
    2547
    2425
    2336
    2459
    2411
    2446
    2390
    2450
    2426
    2476
    2339
    2428
    2387
    2419
    2384
    2398
    2527
    2449
    2470
    2388
    2460
    2390
    2411
    2423
    2431
    2445
    2347
    2463
    2406
    2418
    2452
    2348
    2320
    2384
    2338
    2358
    2397
    2432
    2345
    2290
    2370
    2301
    2393
    2463
    2365
    2310
    2381
    2316
    2331
    2350
    2338
    2400
    2350
    2354
    2288
    2372
    2246
    2293
    2405
    2372
    2313
    2369
    2379
    2380
    2349
    2401
    2331
    2361
    2303
    2276
    2258
    2275
    2259
    2338
    2285
    2292
    2305
    2461
    2383
    2319
    2399
    2368
    2400
    2363
    2344
    2335
    2315
    2356
    2303
    2372
    2309
    2266
    2283
    2285
    2322
    2282
    2244
    2382
    2429
    2281
    2268
    2314
    2398
    2314
    2360
    2307
    2262
    2260
    2279
    2317
    2392
    2277
    2317
    2367
    2361
    2346
    2275
    2277
    2349
    2220
    2290
    2293
    2250
    2384
    2332
    2320
    2322
    2345
    2330
    2280
    2277
    2388
    2352
    2299
    2324
    2326
    2350
    2462
    2388
    2399
    2320
    2270
    2330
    2346
    2353
    2297
    2334
    2360
    2382
    2398
    2378
    2372
    2311
    2282
    2329
    2416
    2363
    2416
    2359
    2331
    2259
    2365
    2386
    2270
    2333
    2328
    2407
    2357
    2360
    2362
    2364
    2325
    2429
    2421
    2367
    2390
    2382
    2423
    2324
    2324
    2317
    2373
    2313
    2374
    2350
    2308
    2351
    2384
    2373
    2421
    2304
    2483
    2407
    2390
    2321
    2349
    2333
    2343
    2371
    2375
    2310
    2361
    2343
    2345
    2385
    2338
    2435
    2366
    2400
    2391
    2359
    2430
    2393
    2357
    2389
    2423
    2403
    2390
    2480
    2418
    2482
    2465
    2403
    2339
    2309
    2479
    2343
    2377
    2398
    2427
    2441
    2397
    2390
    2311
    2456
    2395
    2377
    2492
    2470
    2465
    2424
    2433
    2390
    2499
    2499
    2530
    2493
    2461
    2404
    2494
    2411
    2491
    2494
    2460
    2437
    2512
    2504
    2506
    2495
    2481
    2530
    2476
    2499
    2440
    2488
    2466
    2544
    2490
    2612
    2498
    2633
    2516
    2457
    2544
    2525
    2563
    2571
    2568
    2504
    2480
    2479
    2466
    2556
    2495
    2473
    2520
    2560
    2573
    2576
    2478
    2660
    2540
    2564
    2510
    2602
    2580
    2485
    2557
    2565
    2524
    2608
    2627
    2626
    2606
    2606
    2590
    2578
    2610
    2567
    2559
    2635
    2618
    2618
    2591
    2750
    2627
    2544
    2632
    2582
    2665
    2626
    2668
    2607
    2670
    2701
    2651
    2615
    2668
    2580
    2744
    2707
    2680
    2664
    2747
    2661
    2695
    2717
    2813
    2655
    2680
    2704
    2710
    2696
    2806
    2724
    2769
    2703
    2812
    2680
    2859
    2761
    2744
    2714
    2786
    2697
    2776
    2821
    2771
    2821
    2787
    2804
    2779
    2795
    2891
    2819
    2895
    2835
    2990
    2969
    2783
    2779
    2902
    2870
    2855
    2870
    2896
    2821
    2933
    2919
    2880
    2909
    2940
    2906
    2967
    2990
    2999
    2893
    3001
    2931
    2989
    2892
    2998
    2911
    3025
    2977
    2988
    3090
    2903
    2963
    3035
    3000
    3059
    2979
    3116
    3103
    3084
    3147
    3131
    3094
    3042
    3110
    3074
    3030
    3141
    3117
    3160
    3149
    3181
    3118
    3202
    3212
    3073
    3124
    3259
    3172
    3308
    3139
    3241
    3206
    3234
    3154
    3313
    3345
    3293
    3184
    3297
    3249
    3450
    3250
    3278
    3306
    3403
    3231
    3363
    3317
    3345
    3322
    3260
    3384
    3356
    3275
    3351
    3357
    3391
    3496
    3433
    3339
    3451
    3392
    3330
    3542
    3412
    3507
    3473
    3402
    3513
    3422
    3484
    3395
    3511
    3436
    3556
    3588
    3501
    3576
    3605
    3517
    3585
    3505
    3509
    3455
    3558
    3680
    3531
    3609
    3696
    3665
    3596
    3570
    3533
    3614
    3736
    3674
    3711
    3584
    3681
    3644
    3704
    3738
    3523
    3669
    3685
    3687
    3693
    3722
    3731
    3773
    3735
    3763
    3659
    3779
    3637
    3596
    3545
    3566
    3533
    3501
    3593
    3470
    3347
    3368
    3431
    3431
    3382
    3288
    3192
    3141
    2936
    3039
    2870
    2816
    2661
    2717
    2568
    2544
    2466
    2496
    2334
    2437
    2331
    2270
    2274
    2285
    2194
    2154
    2114
    2157
    2084
    2107
    2155
    2091
    2012
    1987
    1959
    1982
    1952
    1959
    1890
    2008
    1934
    1845
    1838
    1835
    1822
    1887
    1880
    1835
    1761
    1802
    1787
    1737
    1834
    1786
    1747
    1856
    1681
    1720
    1718
    1658
    1724
    1730
    1682
    1727
    1606
    1700
    1680
    1590
    1654
    1660
    1593
    1528
    1553
    1614
    1580
    1545
    1605
    1569
    1491
    1661
    1562
    1500
    1518
    1531
    1570
    1545
    1496
    1530
    1510
    1435
    1491
    1409
    1414
    1503
    1446
    1484
    1454
    1399
    1333
    1433
    1372
    1370
    1349
    1287
    1317
    1262
    1307
    1295
    1357
    1306
    1260
    1344
    1257
    1253
    1256
    1287
    1267
    1260
    1242
    1227
    1217
    1233
    1238
    1186
    1222
    1182
    1144
    1133
    1198
    1103
    1192
    1157
    1139
    1176
    1138
    1093
    1115
    1054
    1059
    1122
    1071
    1040
    1049
    1046
    1058
    1044
    1059
    1011
    1017
     942
     980
    1068
     945
     929
    1028
     894
     987
     999
     898
     903
     886
     965
     885
     851
     880
     862
     940
     862
     894
     876
     824
     812
     887
     831
     795
     770
     784
     793
     770
     791
     728
     763
     743
     687
     743
     741
     767
     692
     703
     673
     650
     633
     669
     684
     655
     659
     651
     626
     650
     614
     590
     614
     583
     621
     606
     591
     612
     585
     609
     542
     590
     593
     549
     546
     544
     539
     522
     530
     554
     505
     514
     529
     541
     497
     498
     487
     463
     516
     446
     459
     443
     436
     489
     481
     484
     490
     436
     449
     457
     487
     453
     456
     446
     481
     441
     426
     432
     446
     414
     417
     442
     384
     440
     461
     394
     425
     405
     367
     382
     446
     434
     432
     414
     391
     389
     387
     404
     407
     412
     409
     408
     408
     404
     405
     382
     421
     385
     415
     378
     407
     359
     393
     368
     384
     380
     401
     360
     391
     373
     363
     366
     363
     391
     341
     392
     340
     380
     379
     377
     390
     368
     352
     377
     341
     345
     368
     363
     362
     315
     365
     350
     372
     357
     337
     329
     319
     342
     340
     357
     327
     364
     332
     337
     339
     371
     321
     366
     316
     326
     356
     320
     323
     331
     361
     319
     308
     361
     312
     335
     359
     297
     335
     318
     360
     336
     330
     336
     333
     328
     337
     326
     347
     342
     342
     322
     362
     334
     344
     326
     319
     320
     336
     332
     309
     327
     319
     334
     333
     331
     327
     310
     318
     336
     300
     321
     348
     312
     294
     326
     303
     322
     301
     331
     326
     336
     336
     300
     314
     305
     326
     353
     332
     328
     333
     351
     329
     315
     281
     330
     318
     319
     325
     305
     314
     301
     334
     313
     311
     361
     299
     346
     316
     331
     312
     312
     314
     298
     350
     308
     328
     352
     337
     358
     342
     294
     353
     325
     321
     337
     322
     374
     329
     373
     373
     317
     340
     322
     342
     319
     369
     360
     359
     375
     378
     396
     414
     401
     397
     421
     414
     419
     426
     367
     372
     396
     396
     426
     436
     436
     483
     628
     796
    1311
    2318
    4351
    7906
   13792
   21966
   34038
   52206
   75989
  105266
  132187
  150601
  154367
  142834
  118140
   86219
   54455
   30896
   16310
    8039
    3564
    1469
     581
     294
     223
     214
     179
     178
     173
     164
     180
     178
     181
     150
     162
     143
     162
     144
     165
     117
     174
     137
     119
     127
     139
     147
     128
     104
     143
     106
     125
     127
     128
     117
     109
     133
     102
     106
     111
     106
     107
     110
     115
      97
     123
     117
     121
     124
     105
      91
     120
      96
     105
      99
     105
     114
     118
      91
     101
     100
      92
     112
     107
      94
     108
     114
     120
     118
     105
      91
      98
     103
      97
     103
      87
      97
      82
      86
      84
      78
      96
      81
      94
      75
      75
      85
      83
      68
      70
      84
      66
      71
      69
      91
      90
      63
      79
      69
      70
      83
      69
      68
      67
      80
      76
      73
      66
      71
      83
      68
      68
      72
      65
      87
      82
      74
      79
      62
      58
      82
      65
      79
      62
      69
      68
      85
      71
      59
      63
      58
      78
      72
      78
      70
      81
      72
      73
      67
      67
      80
      69
      76
      72
      69
      81
      61
      69
      62
      68
      61
      81
      57
      69
      68
      64
      64
      67
      79
      51
      62
      65
      72
      65
      56
      61
      66
      72
      75
      75
      79
      66
      57
      72
      66
      72
      60
      77
      61
      79
      82
      62
      53
      52
      70
      65
      58
      59
      59
      58
      64
      67
      62
      62
      76
      54
      66
      64
      63
      62
      64
      57
      68
      68
      63
      51
      59
      57
      55
      81
      71
      52
      69
      67
      68
      45
      48
      60
      53
      57
      64
      62
      67
      59
      67
      47
      58
      58
      63
      59
      68
      59
      56
      54
      61
      65
      57
      59
      64
      68
      41
      69
      48
      50
      53
      57
      72
      57
      59
      63
      48
      65
      57
      59
      64
      58
      64
      56
      60
      53
      67
      52
      49
      61
      64
      52
      65
      63
      66
      63
      65
      58
      55
      71
      47
      63
      65
      57
      65
      62
      55
      56
      66
      62
      60
      63
      50
      47
      54
      64
      48
      66
      52
      45
      53
      43
      64
      49
      53
      67
      57
      50
      62
      57
      69
      72
      64
      64
      63
      68
      74
      64
      59
      62
      56
      61
      55
      50
      57
      67
      63
      78
      58
      50
      47
      43
      69
      61
      54
      61
      65
      66
      57
      54
      54
      58
      65
      59
      52
      52
      70
      51
      50
      59
      56
      62
      58
      64
      59
      46
      55
      55
      46
      56
      66
      67
      64
      57
      58
      47
      60
      53
      80
      57
      55
      62
      60
      60
      57
      67
      61
      45
      55
      61
      54
      63
      69
      61
      63
      57
      56
      56
      71
      44
      71
      43
      62
      58
      55
      70
      55
      70
      67
      49
      56
      71
      64
      58
      63
      66
      60
      65
      66
      73
      53
      63
      56
      53
      71
      59
      61
      46
      56
      48
      60
      55
      59
      54
      65
      69
      49
      57
      62
      51
      64
      59
      62
      58
      64
      62
      66
      60
      60
      62
      52
      52
      61
      65
      48
      56
      63
      49
      59
      57
      63
      54
      68
      56
      66
      57
      66
      69
      55
      73
      59
      57
      65
      49
      58
      53
      53
      72
      66
      55
      54
      60
      49
      68
      72
      62
      45
      41
      51
      50
      60
      57
      56
      59
      59
      64
      73
      64
      64
      58
      61
      57
      58
      73
      68
      40
      56
      61
      47
      61
      65
      67
      69
      56
      57
      48
      66
      56
      60
      77
      49
      56
      46
      53
      72
      70
      42
      63
      48
      59
      77
      51
      55
      55
      62
      62
      55
      58
      63
      58
      70
      59
      66
      57
      61
      61
      63
      70
      63
      54
      68
      64
      59
      61
      72
      38
      55
      43
      59
      48
      70
      74
      52
      63
      54
      72
      63
      50
      65
      68
      73
      74
      54
      49
      63
      72
      59
      61
      51
      49
      70
      73
      60
      69
      69
      53
      76
      57
      59
      61
      57
      60
      61
      63
      69
      63
      71
      75
      50
      68
      57
      69
      76
      73
      67
      70
      72
      63
      60
      64
      60
      60
      66
      51
      64
      53
      65
      56
      63
      66
      54
      68
      55
      61
      58
      55
      74
      75
      63
      55
      60
      54
      48
      68
      52
      61
      58
      54
      79
      66
      56
      64
      68
      66
      74
      64
      70
      49
      58
      66
      59
      74
      58
      57
      67
      66
      64
      58
      62
      68
      68
      63
      68
      61
      59
      69
      71
      63
      56
      77
      42
      58
      61
      61
      62
      71
      59
      70
      71
      54
      70
      61
      62
      66
      69
      61
      67
      61
      63
      53
      62
      62
      55
      73
      63
      63
      51
      58
      72
      52
      71
      75
      56
      71
      64
      63
      74
      73
      66
      63
      69
      90
      50
      58
      67
      71
      54
      66
      71
      49
      71
      57
      67
      56
      66
      71
      58
      58
      45
      65
      60
      61
      82
      75
      59
      73
      59
      61
      67
      64
      70
      70
      67
      88
      69
      71
      63
      72
      71
      68
      67
      68
      63
      69
      63
      63
      77
      70
      67
      62
      72
      74
      67
      62
      64
      61
      59
      56
      63
      52
      54
      61
      58
      53
      56
      46
      54
      66
      57
      55
      59
      44
      62
      48
      62
      49
      55
      46
      63
      54
      51
      59
      75
      50
      57
      65
      54
      51
      55
      45
      56
      50
      58
      54
      52
      61
      45
      62
      53
      43
      63
      44
      53
      50
      50
      50
      55
      51
      57
      55
      50
      40
      39
      40
      53
      43
      53
      45
      45
      38
      54
      52
      51
      42
      52
      44
      41
      52
      56
      61
      58
      45
      60
      52
      43
      59
      52
      47
      34
      44
      56
      62
      44
      61
      43
      48
      37
      47
      52
      49
      47
      48
      50
      48
      45
      60
      62
      38
      37
      57
      45
      54
      44
      46
      39
      41
      57
      45
      59
      51
      49
      48
      44
      38
      42
      45
      44
      39
      48
      57
      51
      49
      38
      43
      43
      57
      53
      49
      55
      47
      37
      35
      46
      46
      58
      42
      44
      41
      60
      52
      45
      42
      38
      36
      46
      49
      56
      39
      58
      49
      46
      41
      40
      54
      34
      45
      40
      40
      53
      60
      34
      53
      45
      37
      49
      46
      44
      59
      52
      44
      54
      52
      37
      51
      51
      36
      25
      48
      45
      53
      37
      44
      42
      46
      56
      47
      45
      50
      39
      50
      41
      54
      46
      53
      62
      52
      36
      43
      42
      49
      38
      40
      38
      39
      49
      40
      40
      31
      55
      39
      31
      40
      47
      34
      31
      43
      38
      38
      43
      40
      37
      46
      37
      41
      58
      53
      41
      38
      45
      53
      34
      45
      39
      41
      37
      49
      41
      48
      60
      46
      37
      45
      36
      53
      43
      36
      41
      56
      40
      42
      50
      35
      47
      42
      41
      42
      43
      41
      46
      44
      40
      32
      38
      43
      46
      36
      37
      48
      37
      46
      53
      35
      39
      47
      37
      36
      35
      45
      58
      42
      46
      37
      49
      54
      43
      44
      42
      47
      42
      44
      46
      38
      44
      38
      39
      42
      42
      44
      42
      56
      35
      38
      47
      46
      47
      50
      50
      53
      45
      38
      43
      50
      27
      49
      51
      34
      58
      51
      52
      49
      51
      38
      42
      54
      57
      50
      39
      61
      44
      50
      45
      59
      27
      53
      53
      50
      38
      46
      40
      43
      54
      40
      37
      48
      57
      46
      40
      46
      36
      31
      61
      43
      61
      51
      50
      45
      46
      44
      38
      42
      42
      37
      40
      42
      48
      58
      43
      49
      48
      46
      27
      31
      46
      40
      47
      52
      30
      50
      43
      43
      50
      37
      35
      38
      39
      42
      41
      24
      31
      33
      34
      30
      30
      27
      33
      33
      42
      26
      33
      32
      36
      30
      31
      23
      30
      34
      38
      35
      24
      32
      29
      32
      28
      30
      33
      23
      28
      30
      26
      34
      27
      22
      25
      34
      33
      31
      25
      36
      28
      29
      28
      26
      20
      30
      27
      28
      27
      26
      24
      29
      22
      29
      32
      19
      23
      30
      31
      33
      32
      25
      27
      18
      24
      23
      32
      19
      30
      24
      33
      20
      26
      19
      20
      22
      17
      28
      31
      17
      31
      35
      31
      24
      34
      20
      21
      29
      15
      23
      27
      26
      20
      24
      24
      31
      23
      13
      22
      29
      26
      21
      17
      31
      21
      16
      26
      24
      20
      16
      36
      20
      24
      19
      23
      23
      26
      20
      31
      35
      26
      25
      41
      51
      76
      91
     102
     123
     175
     207
     247
     321
     438
     548
     702
     811
     937
     943
    1040
    1100
    1078
    1036
     942
     781
     583
     373
     256
     177
     106
      73
      48
      51
      37
      22
      21
      19
      14
      19
      16
      14
      12
      16
      24
      27
      12
      29
      12
      11
      17
      11
      20
      17
      16
      20
      10
      17
      18
      14
      15
      13
      12
      17
      19
      15
      15
      13
      15
       8
      13
      16
      13
      13
      19
      11
      14
      15
      11
       8
      14
      12
      17
       9
      19
      17
      19
      10
      17
      16
      14
      14
      12
       9
      19
      11
      10
      14
      12
      12
      15
      16
       9
      12
      23
       7
      13
      14
      17
       6
       7
      15
      10
      14
       9
      13
      10
      16
      12
      13
      19
      13
      10
       8
      13
      10
       8
       6
      11
      14
       8
       8
      10
      11
      14
       8
       9
      12
      12
       4
       8
       7
      10
       9
      10
       6
      10
       5
       8
       9
       7
       9
      12
       7
      14
      10
       9
       5
      10
       6
       7
       7
       7
       7
       7
       7
       4
       9
       4
       7
      12
       9
       6
      11
       8
      11
      12
       5
      11
       8
       8
       5
       5
      10
      10
      13
       5
       5
       6
       3
       7
      10
       9
       5
       6
      10
       3
       6
       5
      12
       8
       6
      14
       8
       4
       8
       5
       9
       5
       7
       8
       8
       3
       9
       6
       9
       8
       6
       7
       2
       3
       5
      13
       9
      11
       6
       6
       8
       6
       9
      11
       7
       7
       7
       7
       6
       4
       9
       7
       4
       8
      10
       9
       5
       4
       8
       4
       5
       4
       8
       5
       8
       4
       8
       6
       9
       2
      10
      11
       8
       4
       9
      10
       9
       6
       7
       8
       2
       7
      12
       6
       5
       5
       6
       6
       8
       6
       6
       8
       6
       9
       4
      12
       7
       3
       3
       9
       7
       7
       9
       7
       4
       4
       7
       9
       4
      11
       9
       1
       8
       9
       7
       5
       7
      15
       5
       4
       5
       5
       6
       7
       5
       7
       4
       7
       7
      11
       4
       8
       4
       4
       6
       9
       4
       7
       8
       8
       5
       6
       9
       7
      10
       7
       7
       5
       4
       9
       7
       8
       6
       8
       5
      10
       9
       6
      13
       7
       3
       8
       8
       9
       9
       9
       5
      11
       6
       8
      10
      10
       9
      15
       9
      13
      11
      13
      10
      13
       9
      13
      11
      15
       9
      10
       8
      10
      13
      15
      12
      13
      15
      13
       5
      11
      18
      11
      13
      20
      12
       9
      19
      20
      23
      17
      20
      28
      22
      16
      20
      19
      15
      19
      14
      16
      18
      33
      33
      55
      77
      78
     109
     119
     165
     192
     214
     317
     446
     511
     623
     690
     737
     784
     858
     856
     827
     905
     772
     671
     547
     400
     267
     167
     115
      75
      43
      29
      20
      12
      13
       1
       5
       5
       6
       5
       3
       2
       1
       2
       1
       3
       0
       0
       3
       1
       2
       1
       1
       1
       0
       1
       2
       3
       0
       1
       1
       0
       1
       2
       1
       1
       2
       3
       0
       0
       2
       0
       0
       2
       3
       2
       2
       1
       0
       1
       2
       3
       3
       0
       2
       2
       1
       1
       0
       1
       0
       3
       0
       1
       1
       1
       2
       1
       1
       4
       3
       2
       1
       3
       1
       1
       2
       1
       2
       2
       5
       4
       1
       1
       2
       1
       1
       2
       1
       0
       0
       2
       3
       0
       0
       2
       3
       1
       0
       2
       1
       1
       1
       2
       0
       1
       2
       3
       1
       1
       1
       1
       1
       2
       1
       3
       4
       4
       1
       0
       2
       1
       0
       0
       1
       1
       1
       2
       1
       0
       1
       2
       3
       0
       0
       2
       3
       1
       1
       0
       3
       0
       1
       1
       1
       3
       2
       2
       0
       1
       3
       0
       0
       1
       2
       1
       1
       3
       1
       2
       2
       2
       0
       3
       0
       0
       1
       2
       0
       1
       2
       1
       2
       0
       2
       3
       1
       1
       2
       1
       0
       2
       1
       0
       1
       2
       0
       1
       3
       0
       0
       1
       2
       2
       2
       2
       1
       1
       1
       0
       1
       4
       1
       3
       2
       0
       0
       1
       0
       1
       0
       1
       1
       0
       2
       0
       2
       0
       2
       1
       1
       2
       0
       2
       2
       0
       2
       2
       0
       1
       0
       0
       0
       2
       0
       1
       0
       0
       1
       1
       1
       2
       0
       1
       0
       0
       0
       3
       1
       0
       0
       1
       0
       1
       1
       0
       1
       1
       0
       1
       4
       2
       2
       0
       2
       0
       1
       2
       0
       0
       2
       0
       0
       0
       2
       0
       0
       1
       0
       0
       1
       3
       1
       0
       3
       1
       4
       2
       1
       1
       2
       3
       1
       0
       2
       1
       3
       0
       0
       0
       1
       0
       0
       1
       1
       0
       0
       1
       0
       0
       6
       1
       1
       0
       1
       0
       2
       1
       4
       3
       1
       0
       2
       0
       1
       0
       2
       1
       1
       0
       0
       1
       0
       3
       1
       1
       1
       1
       1
       0
       0
       0
       1
       1
       0
       0
       0
       1
       0
       1
       0
       1
       0
       0
       0
       1
       0
       0
       0
       0
       0
       2
       2
       1
       1
       3
       1
       1
       3
       1
       1
       0
       1
       1
       0
       0
       0
       1
       0
       0
       1
       2
       0
       2
       1
       0
       1
       2
       2
       0
       1
       0
       0
       2
       2
       0
       1
       0
       0
       1
       1
       1
       2
       1
       1
       1
       1
       2
       1
       1
       2
       1
       0
       0
       1
       0
       0
       0
       0
       0
       2
       1
       0
       0
       0
       2
       0
       2
       1
       0
       0
       0
       0
       1
       0
       0
       1
       0
       1
       1
       2
       1
       0
       1
       1
       0
       1
       1
       0
       0
       1
       2
       0
       3
       0
       1
       1
       1
       1
       1
       1
       0
       0
       0
       1
       1
       0
       1
       2
       0
       1
       2
       0
       1
       2
       1
       0
       0
       0
       0
       1
       0
       1
       0
       2
       0
       0
       1
       2
       1
       1
       0
       0
       0
       1
       1
       2
       2
       1
       0
       0
       2
       1
       0
       1
       1
       0
       1
       0
       2
       1
       1
       4
       0
       0
       0
       0
       2
       0
       0
       0
       0
       1
       0
       1
       0
       1
       0
       1
       0
       1
       0
       0
       0
       0
       0
       0
       0
       1
       0
       0
       1
       2
       4
       1
       1
       0
       0
       0
       1
       0
       0
       0
       1
       0
       0
       0
       0
       0
       2
       0
       0
       2
       1
       0
       1
       1
       1
       1
       0
       0
       0
       2
       3
       0
       1
       1
       0
       0
       1
       1
       0
       0
       1
       2
       0
       0
       1
       0
       0
       0
       0
       0
       1
       0
       0
       1
       2
       0
       1
       2
       1
       2
       1
       0
       0
       0
       0
       1
       0
       0
       0
       0
       0
       1
       0
       0
       0
       0
       0
       0
       1
       1
       1
       0
       0
       1
       2
       1
       0
       1
       1
       1
       1
       0
       1
       0
       0
       1
       1
       2
       0
       0
       0
       0
       0
       1
       0
       1
       0
       1
       0
       1
       0
       0
       0
       2
       1
       0
       1
       1
       0
       0
       0
       0
       0
       0
       0
       0
       0
       1
       0
       2
       2
       1
       1
       0
       1
       0
       1
       0
       0
       0
       1
       0
       0
       0
       1
       0
       0
       2
       1
       0
       1
       0
       2
       0
       0
       1
       1
       0
       2
       0
       0
       1
       0
       1
       0
       0
       0
       0
       2
       0
       0
       0
       0
       1
       1
       0
       0
       1
       0
       0
       1
       0
       0
       0
       0
       1
       0
       2
       0
       1
       1
       0
       1
       1
       0
       0
       1
       1
       0
       0
       1
       0
       0
       0
       1
       2
       0
       1
       0
       1
       0
       1
       0
       0
       0
       1
       0
       0
       0
       1
       1
       0
       0
       0
       1
       0
       1
       0
       0
       0
       0
       1
       1
       0
       0
       1
       0
       0
       0
       0
       0
       4
       0
       0
       0
       0
       2
       3
       0
       0
       0
       0
       0
       0
       1
       0
       2
       0
       1
       0
       1
       0
       1
       0
       2
       2
       0
       0
       0
       0
       0
       1
       1
       1
       0
       0
       1
       1
       3
       0
       0
       0
       0
       1
       0
       0
       2
       0
       1
       0
       1
       0
       0
       2
       0
       0
       0
       1
       2
       1
       0
       0
       1
       1
       0
       1
       0
       0
       1
       0
       2
       0
       0
       0
       1
       0
       0
       0
       1
       1
       1
       1
       0
       0
       1
       0
       1
       0
       0
       0
       1
       0
       0
       0
       0
       4
       0
       0
       0
       1
       0
       1
       0
       0
       0
       0
       0
       1
       0
       2
       1
       1
       0
       1
       0
       0
       1
       0
       1
       1
       0
       0
       1
       0
       0
       0
       0
       0
       0
       1
       0
       1
       0
       0
       1
       1
       0
       0
       0
       2
       0
       0
       1
       0
       0
       1
       0
       0
       0
       0
       0
       0
       0
       0
       0
       1
       0
       0
       3
       0
       0
       0
       0
       0
       1
       0
       0
       1
       0
       0
       0
       0
       1
       0
       1
       0
       0
       1
       0
       1
       0
       1
       0
       2
       0
       0
       0
       1
       0
       0
       1
       0
       1
       0
       0
       0
       1
       1
       1
       0
       0
       0
       2
       1
       0
       1
       0
       0
       1
       0
       0
       0
       0
       0
       0
       0
       1
       0
       0
       1
       0
       0
       0
       0
       0
       0
       0
       0
       0
       0
       0
       0
       1
       0
       0
       0
       1
       2
       1
       0
       0
       0
       0
       1
       0
       0
       0
       2
       1
       0
       0
       0
       1
       0
       1
       0
       0
       0
       0
       0
       0
       0
       0
       2
       0
       0
       0
       0
       0
       1
       2
       0
       1
       1
       0
       0
       2
       0
       1
       1
       0
       0
       0
       0
       1
       0
       2
       0
       1
       0
       0
       1
       0
       0
       0
       1
       1
       0
       0
       0
       0
       0
       1
       0
       0
       0
       0
       0
       0
       0
       0
       0
       0
       0
       0
       1
       0
       1
       0
       0
       0
       0
       0
       1
       0
       0
       0
       1
       0
       1
       0
       0
       1
       1
       1
       0
       0
       1
       0
       0
       0
       1
       0
       0
       0
       1
       0
       0
       1
       0
       0
       0
       0
       1
       0
       0
       1
       0
       0
       0
       1
       0
       0
       1
       1
       0
       0
       0
       0
       0
       0
       0
       1
       0
       0
       0
       0
       0
       2
       0
       0
       1
       1
       0
       1
       0
       1
       2
       0
       1
       0
       0
       0
       0
       0
       0
       1
       1
       1
       0
       0
       0
       0
       0
       0
       0
       0
       0
       1
       0
       1
       0
       0
       1
       0
       0
       0
       1
       1
       0
       0
       0
       0
       1
       0
       0
       2
       1
       0
       0
       1
       1
       0
       0
       0
       0
       0
       0
       0
       0
       1
       0
       0
       1
       0
       1
       0
       0
       0
       0
       0
       1
       0
       2
       0
       0
       1
       0
       0
       1
       1
       0
       0
       1
       2
       0
       1
       1
       1
       0
       0
       0
       0
       0
       1
       0
       0
       0
       0
       0
       1
       0
       0
       2
       0
       0
       0
       0
       0
       1
       0
       0
       1
       0
       0
       0
       1
       0
       0
       0
       0
       0
       0
       0
       0
       1
       1
       0
       0
       0
       0
       0
       0
       0
       0
       0
       0
       0
       2
       0
       0
       1
       0
       0
       0
       0
       1
       0
       1
       0
       0
       0
       0
       0
       0
       0
       0
       0
       1
       0
       1
       0
       0
       0
       1
       0
       1
       1
       0
       1
       0
       0
       0
       0
       0
       0
       1
       0
       0
       0
       0
       0
       0
       0
       0
       0
       0
       0
       0
       0
       0
       0
       0
       0
       0
       1
       1
       0
       0
       0
       1
       0
       0
       0
       0
       0
       0
       0
       0
       0
       0
       0
       0
       0
       0
       0
       0
       1
       0
       0
       0
       0
       0
       0
       0
       0
       0
       0
       0
       0
       0
       0
       0
       0
       0
       0
       0
       0
       0
       0
       0
       0
       0
       0
       1
       0
       0
       0
       0
       3
       0
       0
       1
       1
       0
       0
       0
       0
       0
       0
       1
       0
       2
       0
       0
       1
       0
       0
       0
       0
       1
       0
       0
       1
       0
       0
       0
       0
       0
       0
       0
       0
       0
       0
       0
       2
       0
       0
       0
       0
       0
       0
       0
       0
       0
       0
       1
       1
       0
       0
       0
       0
       0
       0
       1
       0
       0
       0
       0
       1
       0
       0
       0
       0
       0
       1
       0
       0
       0
       0
       0
       0
       0
       0
       0
       0
       1
       0
       1
       0
       0
       0
       0
       0
       0
       0
       0
       1
       0
       0
       0
       0
       0
       0
       0
       0
       1
       0
       0
       0
       0
       0
       0
       1
       0
       1
       0
       0
       0
       1
       0
       0
       0
       0
       0
       0
       0
       0
       0
       0
       0
       0
       0
       0
       0
       0
       1
       0
       0
       0
       0
       0
       0
       1
       1
       0
       0
       1
       0
       0
       0
       1
       0
       1
       0
       0
       0
       0
       0
       0
       0
       0
       0
       0
       0
       0
       0
       0
       0
       1
       1
       0
       0
       0
       0
       0
       0
       0
       0
       0
       0
       0
       0
       0
       1
       0
       1
       0
       0
       0
       1
       0
       2
       0
       0
       1
       0
       0
       0
       0
       0
       0
       0
       0
       1
       0
       0
       0
       0
       0
       0
       1
       1
       1
       0
       0
       0
       1
       0
       0
       1
       0
       0
       0
       0
       0
       0
       0
       0
       0
       1
       1
       0
       0
       0
       1
       1
       1
       0
       0
       1
       0
       1
       0
       0
       1
       2
       0
       1
       1
       0
       0
       0
       0
       1
       0
       0
       0
       0
       1
       0
       0
       0
       0
       1
       0
       0
       0
       0
       0
       0
       1
       0
       0
       0
       0
       1
       0
       0
       0
       0
       1
       1
       0
       0
       0
       0
       0
       0
       0
       0
       0
       0
       0
       0
       0
       0
       0
       0
       0
       1
       0
       0
       0
       0
       0
       0
       0
       0
       0
       0
       0
       1
       0
       0
       0
       0
       0
       0
       0
       0
       0
       1
       0
       0
       1
       0
       0
       0
       0
       1
       0
       0
       0
       0
       0
       0
       0
       0
       0
       0
       0
       0
       0
       0
       0
       0
       0
       0
       0
       0
       0
       1
       0
       0
       0
       1
       0
       1
       0
       0
       0
       0
       0
       0
       0
       1
       0
       0
       0
       0
       0
       0
       0
       0
       0
       0
       0
       0
       0
       2
       0
       0
       0
       0
       0
       0
       0
       0
       0
       1
       0
       0
       0
       0
       0
       0
       0
       0
       0
       0
       0
       0
       0
       0
       0
       0
       0
       0
       0
       0
       0
       0
       0
       0
       0
       0
       0
       1
       0
       0
       0
       0
       0
       0
       0
       0
       0
       0
       0
       0
       0
       0
       1
       0
       0
       0
       1
       0
       1
       0
       0
       0
       0
       0
       0
       0
       0
       0
       0
       0
       0
       0
       0
       1
       0
       0
       1
       0
       0
       0
       0
       0
       0
       0
       0
       0
       0
       1
       0
       0
       0
       0
       0
       0
       0
       1
       0
       0
       0
       0
       1
       0
       0
       0
       0
       0
       1
       0
       0
       0
       0
       0
       0
       0
       0
       0
       0
       0
       0
       0
       0
       0
       0
       0
       0
       0
       0
       0
       0
       0
       0
       0
       1
       0
       0
       0
       0
       0
       0
       0
       0
       0
       0
       0
       0
       0
       0
       0
       0
       0
       0
       0
       1
       0
       0
       0
       0
       0
       0
       0
       0
       0
       0
       1
       0
       0
       1
       0
       0
       1
       0
       0
       0
       0
       0
       0
       0
       0
       0
       0
       0
       0
       0
       0
       0
       0
       0
       0
       0
       0
       0
       0
       0
       1
       0
       1
       0
       0
       0
       0
       1
       0
       0
       0
       0
       0
       0
       0
       0
       0
       0
       0
       0
       0
       0
       0
       0
       0
       0
       0
       0
       0
       0
       0
       0
       0
       0
       0
       0
       0
       0
       0
       0
       0
       0
       0
       0
       0
       0
       0
       0
       0
       0
       0
       0
       0
       0
       0
       0
       0
       0
       1
       0
       0
       0
       0
       0
       0
       0
       1
       0
       0
       0
       0
       0
       0
       0
       0
       0
       0
       0
       0
       0
       1
       0
       0
       0
       0
       0
       0
       0
       0
       0
       0
       0
       0
       1
       0
       0
       0
       0
       0
       0
       0
       0
       0
       0
       0
       0
       0
       0
       0
       1
       0
       0
       0
       0
       0
       0
       1
       0
       0
       0
       0
       0
       0
       0
       0
       0
       0
       0
       0
       1
       0
       0
       0
       0
       0
       0
       0
       1
       1
       0
       0
       0
       0
       0
       0
       0
       0
       0
       0
       1
       0
       0
       0
       0
       0
       0
       0
       0
       0
       0
       0
       0
       0
       0
       0
       0
       0
       0
       0
       0
       0
       0
       0
       0
       0
       0
       0
       0
       0
       0
       0
       0
       0
       0
       0
       0
       0
       0
       0
       0
       0
       0
       0
       0
       0
       0
       0
       0
       0
       0
       1
       0
       0
       0
       0
       0
       0
       0
       0
       0
       1
       0
       0
       1
       0
       0
       0
       0
       1
       0
       0
       1
       0
       1
       1
       0
       0
       0
       0
       0
       0
       1
       0
       0
       0
       0
       1
       0
       0
       0
       0
       0
       0
       0
       0
       0
       2
       0
       1
       1
       0
       0
       0
       1
       0
       0
       0
       0
       0
       0
       0
       2
       0
       0
       0
       0
       0
       0
       0
       0
       0
       0
       0
       0
       1
       0
       1
       0
       1
       0
       0
       0
       0
       0
       0
       0
       0
       1
       0
       0
       0
       0
       1
       0
       0
       1
       0
       0
       0
       0
       0
       0
       0
       0
       0
       0
       0
       0
       0
       0
       0
       0
       0
       0
       0
       0
       0
       0
       0
       1
       0
       0
       0
       0
       0
       0
       0
       0
       0
       0
       0
       0
       0
       1
       0
       0
       1
       0
       0
       0
       0
       0
       0
       1
       0
       0
       0
       0
       0
       0
       0
       0
       0
       0
       0
       0
       1
       0
       1
       0
       1
       1
       0
       0
       0
       0
       0
       0
       0
       0
       0
       0
       0
       0
       0
       0
       0
       0
       0
       0
       0
       0
       0
       0
       0
       0
       0
       0
       0
       0
       0
       0
       1
       0
       0
       1
       0
       0
       0
       0
       0
       0
       0
       0
       0
       0
       0
       0
       0
       0
       0
       0
       0
       0
       1
       0
       0
       1
       0
       0
       0
       0
       0
       0
       0
       0
       0
       1
       1
       2
       0
       0
       0
       1
       0
       0
       0
       0
       0
       0
       0
       0
       0
       0
       0
       0
       1
       0
       0
       0
       0
       0
       0
       0
       0
       0
       0
       0
       0
       0
       0
       0
       1
       0
       0
       0
       0
       0
       0
       0
       0
       1
       0
       0
       0
       0
       0
       0
       0
       1
       0
       0
       0
       0
       0
       0
       0
       0
       0
       0
       0
       0
       0
       0
       0
       1
       0
       0
       0
       0
       0
       0
       0
       0
       0
       0
       0
       0
       0
       0
       0
       0
       0
       0
       0
       0
       0
       0
       0
       0
       0
       0
       0
       0
       0
       0
       0
       0
       1
       0
       0
       0
       0
       0
       0
       0
       0
       0
       0
       0
       0
       0
       0
       1
       0
       0
       0
       0
       0
       0
       0
       0
       0
       0
       0
       0
       0
       0
       0
       0
       0
       1
       0
       0
       0
       0
       0
       0
       0
       0
       0
       1
       0
       0
       0
       0
       0
       0
       0
       0
       0
       1
       0
       0
       0
       0
       0
       0
       0
       0
       0
       0
       0
       0
       0
       1
       0
       0
       0
       0
       0
       0
       0
       0
       0
       0
       0
       0
       0
       0
       0
       1
       0
       0
       0
       0
       0
       0
       0
       0
       0
       0
       0
       0
       0
       0
       0
       1
       0
       0
       0
       0
       0
       0
       0
       0
       0
       0
       0
       1
       1
       0
       0
       0
       0
       0
       0
       0
       0
       0
       0
       0
       0
       0
       0
       0
       0
       0
       0
       0
       0
       0
       0
       0
       0
       0
       0
       0
       0
       0
       0
       0
       0
       0
       0
       1
       0
       0
       0
       0
       0
       0
       0
       0
       0
       0
       0
       0
       0
       0
       0
       0
       0
       0
       0
       0
       0
       1
       0
       0
       0
       0
       0
       0
       0
       0
       0
       1
       0
       0
       0
       0
       0
       0
       0
       0
       0
       0
       0
       0
       0
       0
       0
       0
       0
       0
       0
       0
       0
       0
       0
       0
       0
       0
       0
       0
       0
       0
       0
       0
       0
       0
       0
       0
       0
       0
       0
       0
       0
       0
       0
       0
       0
       0
       0
       0
       0
       0
       0
       0
       0
       0
       0
       0
       0
       0
       0
       0
       0
       0
       0
       0
       0
       0
       0
       0
       1
       0
       0
       0
       0
       0
       0
       0
       0
       0
       0
       0
       0
       0
       0
       0
       0
       0
       0
       0
       0
       0
       0
       0
       0
       0
       0
       0
       0
       1
       0
       0
       0
       0
       0
       0
       0
       0
       0
       0
       0
       0
       0
       0
       0
       0
       0
       0
       0
       0
       0
       0
       0
       0
       1
       0
       0
       0
       0
       1
       0
       0
       0
       0
       0
       0
       0
       0
       0
       0
       0
       0
       0
       0
       0
       0
       0
       0
       0
       0
       0
       0
       0
       0
       0
       0
       0
       0
       0
       0
       0
       0
       0
       0
       0
       0
       0
       0
       0
       0
       0
       0
       0
       0
       0
       0
       0
       0
       0
       0
       0
       0
       0
       0
       0
       0
       0
       0
       0
       0
       0
       0
       0
       0
       1
       0
       0
       1
       0
       0
       0
       0
       0
       0
       0
       0
       0
       0
       0
       0
       0
       0
       0
       0
       0
       0
       0
       0
       1
       0
       0
       0
       0
       0
       0
       0
       0
       0
       1
       0
       0
       0
       0
       0
       0
       0
       0
       1
       0
       0
       0
       1
       0
       0
       0
       0
       0
       0
       0
       0
       2
       1
       1
       1
       1
       2
       1
       1
       0
       2
       0
       0
       1
       1
       1
       0
       0
       0
       1
       0
       2
       1
       0
       0
       0
       0
       0
       0
       0
       0
       0
       0
       0
       0
       0
       0
       0
       0
       0
       0
       0
       0
       0
       0
       0
       0
       0
       0
       0
       0
       0
       0
       0
       0
       0
       0
       0
       0
       0
       0
       0
       0
       0
       0
       0
       0
       1
       0
       0
       0
       0
       0
       0
       0
       0
       0
       0
       0
       0
       0
       0
       0
       0
       0
       0
       0
       0
       0
       0
       0
       0
       0
       0
       0
       0
       0
       0
       0
       0
       0
       0
       0
       0
       0
       0
       0
       0
       0
       0
       0
       0
       0
       0
       0
       0
       0
       0
       0
       0
       0
       0
       0
       0
       0
       0
       0
       0
       1
       1
       0
       0
       0
       0
       0
       0
       0
       0
       0
       0
       0
       0
       0
       0
       0
       0
       0
       0
       0
       0
       0
       0
       0
       0
       1
       1
       0
       0
       0
       0
       0
       0
       0
       0
       0
       0
       0
       0
       0
       0
       0
       0
       0
       0
       0
       0
       0
       0
       0
       0
       0
       0
       0
       0
       0
       0
       1
       0
       0
       0
       0
       0
       0
       0
       0
       0
       0
       0
       0
       0
       0
       0
       0
       0
       0
       0
       0
       0
       0
       0
       0
       0
       0
       0
       0
       0
       0
       0
       0
       0
       0
       0
       0
       0
       0
       0
       0
       0
       0
       0
       0
       1
       0
       0
       0
       1
       0
       0
       0
       0
       0
       0
       0
       0
       0
       0
       0
       0
       0
       0
       0
       0
       0
       0
       0
       0
       0
       0
       0
       0
       0
       0
       0
       0
       0
       0
       0
       0
       0
       0
       0
       0
       0
       0
       0
       0
       0
       0
       0
       0
       0
       0
       0
       0
       0
       0
       0
       0
       0
       0
       0
       0
       0
       0
       0
       0
       0
       0
       0
       0
       0
       0
       0
       0
       0
       0
       0
       0
       0
       0
       0
       0
       0
       0
       0
       0
       0
       0
       0
       1
       0
       0
       0
       0
       0
       0
       0
       0
       0
       0
       0
       0
       0
       0
       0
       0
       0
       0
       0
       0
       0
       0
       0
       0
       0
       0
       0
       0
       0
       0
       0
       0
       1
       0
       0
       0
       0
       0
       0
       0
       0
       0
       0
       0
       0
       0
       0
       0
       0
       0
       0
       0
       0
       0
       0
       0
       0
       0
       0
       0
       0
       0
       0
       0
       0
       0
       0
       0
       0
       0
       0
       0
       0
       0
       0
       0
       0
       0
       0
       0
       0
       0
       0
       0
       0
       0
       0
       0
       0
       0
       1
       0
       0
       0
       0
       0
       0
       0
       0
       0
       0
       0
       0
       0
       0
       0
       0
       0
       0
       0
       0
       0
       0
       0
       0
       1
       1
       0
       0
       0
       0
       0
       0
       0
       0
       0
       0
       0
       0
       0
       0
       0
       0
       1
       0
       0
       0
       0
       0
       0
       0
       0
       0
       0
       0
       0
       0
       0
       0
       0
       1
       0
       0
       0
       0
       0
       0
       0
       0
       0
       0
       0
       0
       0
       0
       0
       0
       0
       0
       0
       0
       0
       0
       0
       0
       0
       0
       0
       0
       0
       0
       0
       0
       0
       0
       0
       0
       0
       0
       0
       0
       0
       0
       0
       0
       0
       0
       0
       0
       0
       0
       0
       0
       0
       1
       0
       0
       0
       0
       0
       0
       0
       0
       0
       0
       0
       0
       0
       0
       0
       0
       0
       0
       0
       0
       0
       0
       0
       0
       0
       0
       0
       0
       0
       0
       0
       0
       0
       0
       0
       0
       0
       0
       0
       0
       0
       0
       0
       0
       0
       0
       0
       0
       0
       0
       0
       0
       0
       0
       0
       0
       0
       0
       0
       0
       0
       0
       0
       0
       0
       1
       0
       0
       0
       0
       0
       0
       0
       0
       0
       0
       0
       0
       0
       1
       0
       0
       0
       0
       0
       0
       0
       0
       0
       1
       0
       0
       0
       0
       0
       0
       0
       0
       0
       0
       0
       0
       0
       0
       0
       0
       0
       0
       1
       0
       0
       0
       0
       0
       0
       0
       0
       0
       0
       0
       0
       0
       0
       0
       0
       0
       0
       0
       0
       0
       0
       0
       0
       0
       0
       0
       0
       0
       0
       0
       0
       1
       0
       0
       0
       0
       0
       0
       0
       0
       0
       0
       0
       0
       0
       0
       0
       0
       0
       0
       0
       0
       0
       0
       0
       0
       0
       0
       0
       0
       0
       0
       0
       0
       0
       0
       0
       0
       0
       0
       1
       0
       0
       0
       0
       0
       0
       0
       0
       0
       0
       0
       0
       0
       0
       0
       0
       0
       0
       0
       0
       0
       0
       0
       0
       1
       0
       0
       0
       0
       0
       0
       0
       0
       0
       0
       0
       0
       0
       0
       0
       0
       0
       0
       0
       0
       0
       0
       1
       0
       0
       0
       0
       0
       0
       0
       0
       0
       0
       0
       0
       0
       0
       0
       0
       0
       0
       0
       0
       0
       0
       0
       0
       0
       0
       0
       0
       0
       0
       0
       0
       0
       0
       0
       0
       0
       0
       0
       0
       0
       0
       0
       0
       0
       0
       0
       0
       0
       0
       0
       0
       0
       0
       0
       0
       0
       0
       0
       0
       0
       0
       0
       0
       0
       0
       0
       0
       0
       0
       0
       0
       0
       0
       0
       0
       0
       0
       0
       0
       0
       0
       1
       0
       0
       0
       0
       0
       0
       0
       0
       0
       0
       0
       0
       0
       1
       0
       0
       0
       0
       0
       0
       0
       0
       0
       0
       0
       0
       0
       0
       0
       0
       0
       0
       0
       0
       0
       0
       0
       0
       0
       0
       0
       0
       0
       0
       0
       0
       0
       0
       0
       0
       0
       0
       0
       0
       0
       0
       0
       0
       0
       0
       1
       0
       0
       0
       0
       0
       0
       0
       0
       0
       0
       0
       0
       0
       0
       0
       0
       0
       0
       0
       0
       0
       0
       0
       0
       0
       0
       0
       0
       0
       0
       0
       0
       0
       0
       0
       0
       0
       0
       1
       0
       0
       0
       0
       0
       0
       0
       0
       0
       0
       0
       0
       0
       0
       0
       0
       0
       0
       0
       0
       0
       1
       0
       0
       0
       0
       0
       0
       0
       0
       0
       0
       0
       0
       0
       0
       0
       0
       0
       0
       0
       0
       0
       0
       0
       0
       0
       0
       0
       0
       0
       0
       0
       0
       0
       0
       0
       0
       0
       1
       1
       0
       0
       0
       0
       0
       0
       0
       0
       0
       0
       0
       0
       0
       0
       0
       0
       0
       0
       0
       0
       1
       0
       0
       0
       0
       0
       1
       1
       0
       0
       0
       0
       0
       0
       0
       0
       0
       1
       0
       0
       0
       0
       0
       0
       0
       0
       0
       0
       0
       0
       0
       0
       0
       0
       1
       0
       0
       0
       0
       0
       0
       0
       0
       0
       0
       0
       0
       0
       0
       0
       0
       0
       0
       0
       0
       0
       0
       0
       0
       0
       0
       0
       0
       0
       0
       0
       0
       0
       0
       0
       0
       0
       0
       0
       0
       0
       0
       0
       0
       0
       0
       0
       0
       0
       0
       0
       0
       0
       0
       0
       0
       0
       0
       0
       0
       0
       0
       0
       0
       0
       0
       0
       0
       0
       0
       0
       0
       0
       0
       0
       0
       0
       0
       0
       0
       0
       1
       0
       0
       0
       0
       0
       0
       0
       0
       0
       0
       0
       0
       0
       0
       0
       0
       0
       0
       0
       0
       0
       0
       0
       0
       0
       0
       0
       0
       0
       0
       0
       0
       0
       0
       0
       0
       0
       0
       0
       0
       0
       0
       0
       0
       0
       0
       0
       0
       0
       0
       0
       0
       0
       0
       0
       0
       0
       0
       0
       0
       0
       0
       0
       0
       0
       0
       0
       0
       0
       0
       0
       0
       0
       0
       0
       0
       0
       0
       0
       0
       0
       0
       0
       0
       0
       0
       0
       0
       1
       0
       0
       0
       0
       0
       0
       0
       0
       0
       0
       0
       0
       0
       0
       0
       0
       0
       0
       0
       0
       0
       0
       0
       0
       0
       0
       0
       1
       1
       0
       0
       0
       0
       0
       0
       0
       0
       0
       0
       0
       0
       0
       0
       0
       0
       0
       0
       0
       0
       0
       0
       0
       0
       0
       0
       0
       0
       0
       0
       0
       0
       0
       0
       0
       0
       0
       0
       0
       0
       0
       0
       0
       0
       0
       0
       0
       0
       0
       0
       0
       0
       0
       0
       0
       0
       0
       0
       0
       0
       0
       0
       0
       0
       0
       0
       0
       0
       0
       0
       0
       0
       0
       0
       0
       0
       0
       0
       0
       1
       0
       1
       0
       0
       0
       0
       0
       0
       0
       0
       0
       0
       0
       0
       0
       0
       0
       0
       0
       0
       0
       0
       0
       0
       0
       0
       0
       0
       0
       0
       0
       0
       0
       0
       0
       0
       0
       0
       0
       0
       0
       0
       0
       0
       0
       0
       0
       0
       0
       0
       0
       0
       0
       0
       0
       0
       0
       0
       0
       1
       0
       0
       0
       0
       0
       0
       0
       0
       0
       0
       0
       0
       0
       0
       0
       0
       0
       0
       0
       0
       0
       0
       0
       0
       0
       0
       0
       0
       0
       0
       0
       0
       0
       0
       0
       0
       0
       0
       0
       0
       0
       0
       0
       0
       0
       0
       0
       0
       0
       0
       0
       0
       0
       0
       0
       0
       0
       0
       0
       0
       0
       0
       0
       0
       0
       0
       0
       0
       0
       0
       0
       0
       0
       0
       0
       0
       0
       0
       0
       0
       0
       0
       0
       0
       0
       0
       0
       0
       0
       0
       0
       0
       0
       0
       0
       0
       0
       0
       0
       0
       0
       0
       0
       0
       0
       0
       0
       0
       0
       0
       0
       0
       0
       0
       0
       0
       0
       0
       0
       0
       0
       0
       0
       0
       0
       0
       0
       0
       0
       0
       0
       0
       0
       0
       0
       0
       0
       0
       0
       0
       0
       0
       0
       0
       0
       0
       0
       0
       0
       0
       0
       0
       0
       0
       0
       0
       0
       0
       0
       0
       0
       0
       0
       0
       0
       0
       0
       0
       0
       0
       0
       0
       0
       0
       0
       0
       0
       0
       0
       0
       0
       0
       0
       0
       0
       0
       0
       0
       0
       0
       0
       0
       1
       0
       0
       0
       0
       0
       0
       0
       0
       0
       0
       0
       0
       0
       0
       0
       0
       0
       0
       0
       0
       0
       0
       0
       0
       0
       0
       0
       0
       0
       0
       0
       0
       1
       0
       0
       0
       0
       0
       0
       0
       0
       0
       0
       0
       0
       0
       0
       0
       0
       0
       0
       0
       0
       1
       0
       0
       0
       0
       0
       0
       0
       0
       0
       0
       0
       0
       0
       0
       0
       0
       0
       0
       0
       0
       0
       0
       0
       0
       0
       0
       0
       0
       0
       0
       0
       0
       0
       0
       0
       0
       0
       0
       0
       0
       0
       0
       0
       0
       0
       0
       0
       0
       0
       0
       0
       0
       0
       0
       0
       0
       0
       0
       0
       0
       0
       0
       1
       0
       0
       0
       0
       0
       0
       0
       0
       0
       0
       0
       0
       0
       0
       0
       0
       0
       0
       0
       0
       0
       0
       0
       0
       0
       0
       0
       0
       0
       0
       0
       0
       0
       0
       0
       0
       0
       0
       0
       0
       0
       0
       0
       0
       0
       0
       0
       0
       0
       0
       0
       0
       0
       0
       0
       0
       0
       0
       0
       0
       0
       0
       0
       0
       0
       0
       0
       0
       0
       0
       0
       0
       0
       0
       0
       0
       0
       0
       0
       0
       0
       0
       0
       0
       0
       0
       0
       0
       0
       0
       0
       0
       0
       0
       0
       0
       0
       0
       0
       0
       0
       0
       0
       0
       0
       0
       0
       0
       0
       0
       0
       0
       0
       0
       0
       0
       0
       0
       0
       0
       0
       0
       0
       0
       0
       0
       0
       0
       0
       0
       0
       0
       0
       0
       0
       0
       0
       0
       0
       0
       0
       0
       0
       0
       0
       0
       0
       0
       0
       0
       0
       0
       0
       0
       0
       0
       0
       0
       0
       0
       0
       0
       0
       0
       0
       0
       0
       0
       0
       0
       0
       0
       0
       0
       0
       0
       0
       0
       0
       0
       0
       0
       0
       0
       0
       0
       0
       0
       0
       0
$ROI:
3
2091 2111
2937 2969
3328 3372
$PRESETS:
None
0
0
$ENER_FIT:
-1.603023 0.398142
$MCA_CAL:
3
-1.603023E+000 3.981421E-001 -1.843240E-007 keV
$SHAPE_CAL:
3
5.712108E+000 -5.708310E-004 7.647117E-007
