$SPEC_ID:
Pulser
$SPEC_REM:
DET# 2
DETDESC# DETECTOR 2
AP# GammaVision Version 7.01.03
$DATE_MEA:
03/26/2017 10:25:13
$MEAS_TIM:
1147 1169
$DATA:
0 8191
       0
       0
       0
       0
       0
       0
       0
       0
       0
       0
       0
       0
       0
       0
       0
       0
       0
       0
       0
       0
       0
       0
       0
      90
    3089
    2886
    1792
    1410
    1476
    1424
    1424
    1494
    1472
    1558
    1366
    1528
    1532
    1526
    1599
    1539
    1540
    1558
    1601
    1560
    1586
    1612
    1667
    1604
    1654
    1689
    1768
    1839
    1821
    2066
    2261
    2646
    2901
    2506
    1947
    1792
    1772
    1852
    1814
    1865
    1927
    2024
    2146
    2362
    2463
    2533
    2641
    3003
    3408
    4110
    4686
    4965
    5381
    5711
    8370
   16087
   27938
   34814
   28646
   15725
    6553
    3260
    2438
    2322
    2368
    2966
    4553
    7307
    8739
    7656
    5467
    3578
    2339
    1770
    1435
    1527
    1525
    1422
    1346
    1441
    1421
    1426
    1374
    1456
    1526
    1452
    1439
    1493
    1459
    1495
    1506
    1498
    1435
    1402
    1493
    1514
    1524
    1496
    1514
    1477
    1474
    1561
    1525
    1509
    1559
    1531
    1573
    1506
    1610
    1563
    1536
    1479
    1550
    1614
    1529
    1565
    1618
    1587
    1563
    1713
    1642
    1680
    1765
    1735
    1816
    1809
    1782
    1847
    1861
    1815
    1889
    1842
    1899
    1896
    1810
    1820
    1876
    1830
    1902
    1945
    1930
    1939
    1832
    1865
    1895
    1976
    1974
    1881
    1945
    2009
    1964
    1992
    1962
    1960
    2046
    2075
    2232
    2646
    3812
    5700
    6552
    5464
    4075
    4598
    6950
    9556
    9108
    6097
    3305
    2020
    1796
    1687
    1623
    1669
    1678
    1783
    1627
    1739
    1682
    1723
    1786
    1717
    1745
    1717
    1698
    1799
    1924
    2192
    2951
    4144
    4684
    4532
    3352
    2372
    2064
    2281
    2461
    2518
    2258
    1956
    1684
    1620
    1659
    1659
    1530
    1581
    1558
    1646
    1654
    1637
    1643
    1627
    1639
    1617
    1596
    1667
    1632
    1639
    1572
    1681
    1647
    1624
    1660
    1610
    1675
    1672
    1631
    1657
    1591
    1600
    1665
    1534
    1620
    1666
    1636
    1628
    1640
    1602
    1662
    1651
    1646
    1636
    1582
    1650
    1678
    1681
    1649
    1664
    1692
    1692
    1735
    1683
    1727
    1731
    1748
    1715
    1741
    1725
    1665
    1764
    1776
    1798
    1795
    1797
    1801
    1775
    1786
    1777
    1800
    1863
    1903
    1855
    1866
    1729
    1814
    1868
    1756
    1831
    1772
    1818
    1822
    1785
    1779
    1838
    1857
    1934
    1828
    1837
    1827
    1941
    1840
    1807
    1861
    1855
    1860
    1874
    1908
    1806
    1895
    1832
    1728
    1849
    1873
    1786
    1879
    1920
    1884
    1866
    1759
    1818
    1881
    1852
    1845
    1842
    1841
    1780
    1891
    1858
    1754
    1839
    1817
    1879
    1846
    1770
    1817
    1801
    1863
    1795
    1886
    1880
    1903
    1872
    1868
    1807
    1866
    1892
    1795
    1887
    1843
    1884
    1858
    1870
    1835
    1826
    1813
    1823
    1848
    1866
    1736
    1883
    1923
    1813
    1852
    1852
    1851
    1856
    1832
    1913
    1857
    1825
    1807
    1856
    1866
    1860
    1852
    1860
    1909
    1862
    1849
    1932
    1909
    1801
    1865
    1834
    1905
    1910
    1847
    1799
    1849
    1894
    1945
    1860
    1852
    1790
    1972
    1893
    1840
    1876
    1875
    1912
    1924
    1883
    1884
    1952
    1887
    1853
    1959
    1926
    1872
    1862
    1893
    1897
    1960
    1792
    1913
    1883
    1905
    1949
    1927
    1926
    1927
    1879
    1888
    1893
    1941
    1929
    1976
    1945
    1840
    1914
    1990
    1852
    1982
    1921
    1986
    1981
    1876
    1977
    1953
    1972
    2015
    1990
    1977
    2028
    2094
    2088
    2088
    2272
    2221
    2314
    2430
    2428
    2304
    2475
    2528
    2557
    2599
    2676
    2702
    2866
    2767
    2842
    2807
    2896
    2873
    2854
    2866
    2818
    2782
    2855
    2870
    2791
    2858
    2696
    2804
    2839
    2820
    2737
    2780
    2680
    2775
    2809
    2767
    2683
    2850
    2622
    2640
    2602
    2549
    2626
    2641
    2586
    2624
    2676
    2668
    2527
    2611
    2562
    2770
    2663
    2617
    2621
    2583
    2587
    2570
    2554
    2610
    2553
    2492
    2548
    2594
    2554
    2636
    2512
    2543
    2515
    2463
    2492
    2504
    2479
    2585
    2468
    2465
    2441
    2514
    2372
    2437
    2484
    2443
    2426
    2398
    2435
    2376
    2442
    2298
    2433
    2336
    2383
    2447
    2353
    2230
    2236
    2297
    2252
    2276
    2261
    2162
    2215
    2227
    2220
    2167
    2252
    2085
    2127
    1996
    2025
    2123
    2048
    2089
    2133
    2020
    2071
    1963
    2015
    2022
    1904
    1974
    1881
    2080
    1954
    1914
    1853
    1943
    1853
    1888
    1870
    1922
    1957
    1910
    1856
    1875
    1895
    1862
    1832
    1803
    1791
    1848
    1752
    1843
    1821
    1806
    1798
    1744
    1661
    1834
    1769
    1815
    1809
    1752
    1762
    1770
    1757
    1699
    1755
    1674
    1797
    1738
    1717
    1721
    1647
    1712
    1661
    1659
    1635
    1712
    1718
    1656
    1691
    1718
    1694
    1663
    1674
    1738
    1687
    1659
    1690
    1604
    1625
    1578
    1657
    1634
    1611
    1612
    1630
    1613
    1648
    1536
    1567
    1645
    1573
    1636
    1574
    1622
    1557
    1445
    1533
    1575
    1525
    1568
    1593
    1524
    1571
    1577
    1501
    1563
    1473
    1571
    1536
    1499
    1533
    1530
    1484
    1551
    1481
    1517
    1504
    1489
    1490
    1454
    1491
    1403
    1472
    1434
    1449
    1471
    1404
    1499
    1336
    1395
    1429
    1520
    1388
    1407
    1398
    1437
    1365
    1452
    1411
    1435
    1382
    1427
    1413
    1425
    1340
    1321
    1343
    1425
    1345
    1322
    1365
    1316
    1332
    1375
    1285
    1332
    1371
    1348
    1344
    1320
    1315
    1313
    1339
    1367
    1353
    1327
    1336
    1311
    1326
    1276
    1288
    1275
    1298
    1352
    1343
    1305
    1297
    1299
    1318
    1293
    1275
    1239
    1245
    1303
    1238
    1325
    1298
    1245
    1251
    1293
    1276
    1324
    1297
    1238
    1266
    1267
    1251
    1239
    1265
    1275
    1253
    1350
    1228
    1260
    1238
    1188
    1214
    1269
    1234
    1263
    1257
    1176
    1319
    1229
    1249
    1213
    1239
    1272
    1164
    1198
    1205
    1150
    1214
    1211
    1234
    1183
    1170
    1242
    1176
    1233
    1151
    1277
    1150
    1228
    1214
    1168
    1228
    1212
    1250
    1218
    1242
    1237
    1229
    1206
    1127
    1232
    1182
    1215
    1235
    1125
    1174
    1155
    1139
    1160
    1124
    1232
    1197
    1136
    1161
    1155
    1214
    1215
    1226
    1190
    1246
    1215
    1192
    1169
    1196
    1258
    1156
    1166
    1177
    1242
    1239
    1182
    1155
    1077
    1213
    1171
    1225
    1173
    1176
    1186
    1192
    1160
    1134
    1130
    1207
    1161
    1182
    1203
    1169
    1148
    1154
    1108
    1168
    1156
    1183
    1133
    1184
    1233
    1159
    1177
    1160
    1171
    1186
    1206
    1159
    1184
    1191
    1213
    1163
    1201
    1190
    1181
    1232
    1184
    1165
    1165
    1213
    1139
    1255
    1179
    1130
    1165
    1167
    1210
    1181
    1217
    1160
    1173
    1192
    1190
    1167
    1185
    1180
    1233
    1177
    1166
    1169
    1187
    1196
    1179
    1117
    1233
    1209
    1212
    1208
    1219
    1277
    1191
    1200
    1223
    1162
    1188
    1233
    1217
    1282
    1200
    1141
    1212
    1158
    1185
    1191
    1187
    1223
    1179
    1244
    1187
    1275
    1244
    1245
    1217
    1227
    1237
    1221
    1242
    1206
    1179
    1231
    1264
    1221
    1199
    1223
    1171
    1221
    1194
    1234
    1282
    1261
    1250
    1285
    1239
    1207
    1156
    1251
    1271
    1207
    1249
    1210
    1247
    1204
    1182
    1202
    1245
    1293
    1256
    1265
    1321
    1306
    1261
    1271
    1233
    1254
    1282
    1305
    1321
    1276
    1267
    1270
    1229
    1310
    1248
    1281
    1304
    1258
    1301
    1204
    1263
    1282
    1275
    1311
    1318
    1267
    1349
    1266
    1338
    1296
    1314
    1320
    1280
    1359
    1347
    1326
    1376
    1372
    1323
    1336
    1264
    1357
    1321
    1383
    1334
    1322
    1389
    1328
    1394
    1285
    1354
    1355
    1353
    1405
    1341
    1359
    1381
    1455
    1360
    1427
    1420
    1388
    1356
    1431
    1395
    1440
    1378
    1371
    1310
    1386
    1408
    1361
    1389
    1441
    1457
    1399
    1402
    1410
    1417
    1429
    1442
    1492
    1442
    1411
    1488
    1461
    1402
    1424
    1431
    1422
    1451
    1453
    1437
    1436
    1445
    1403
    1463
    1443
    1459
    1488
    1472
    1477
    1435
    1422
    1508
    1517
    1534
    1570
    1527
    1524
    1547
    1535
    1481
    1577
    1525
    1532
    1531
    1549
    1612
    1566
    1564
    1591
    1587
    1571
    1551
    1513
    1579
    1572
    1502
    1488
    1558
    1608
    1624
    1612
    1567
    1616
    1527
    1573
    1668
    1547
    1626
    1682
    1665
    1632
    1581
    1681
    1634
    1653
    1638
    1632
    1717
    1703
    1651
    1673
    1733
    1716
    1707
    1734
    1679
    1686
    1714
    1685
    1765
    1735
    1717
    1716
    1725
    1715
    1685
    1735
    1767
    1663
    1697
    1713
    1792
    1746
    1776
    1761
    1811
    1705
    1755
    1672
    1836
    1753
    1743
    1748
    1803
    1740
    1800
    1723
    1879
    1812
    1853
    1803
    1810
    1819
    1806
    1813
    1821
    1914
    1813
    1789
    1789
    1868
    1829
    1868
    1885
    1831
    1847
    1806
    1840
    1839
    1873
    1796
    1816
    1810
    1848
    1771
    1787
    1795
    1842
    1720
    1712
    1621
    1638
    1668
    1624
    1555
    1529
    1452
    1485
    1425
    1419
    1423
    1276
    1280
    1300
    1227
    1255
    1248
    1173
    1163
    1179
    1119
    1131
    1168
    1096
    1120
    1122
    1075
    1038
    1115
    1036
    1091
     953
    1052
     999
    1048
     962
     933
    1005
     952
     951
     936
     966
    1020
     947
     935
     953
     916
     897
     950
     929
     853
     887
     906
     881
     902
     929
     866
     886
     867
     851
     848
     815
     861
     853
     837
     833
     829
     836
     867
     850
     812
     827
     820
     783
     776
     774
     773
     794
     866
     790
     752
     801
     792
     767
     764
     726
     777
     768
     777
     734
     726
     813
     731
     642
     758
     734
     679
     742
     722
     687
     707
     691
     662
     684
     743
     709
     656
     686
     689
     684
     694
     674
     653
     681
     628
     610
     624
     614
     666
     661
     615
     584
     656
     565
     622
     588
     573
     582
     613
     551
     580
     550
     587
     558
     558
     600
     531
     556
     589
     535
     513
     495
     514
     528
     555
     537
     543
     495
     499
     519
     505
     513
     522
     505
     475
     497
     481
     506
     495
     465
     496
     461
     488
     448
     474
     435
     430
     440
     456
     409
     420
     432
     424
     411
     445
     371
     406
     383
     353
     388
     374
     416
     371
     364
     356
     351
     368
     380
     329
     322
     334
     332
     337
     337
     331
     336
     319
     338
     311
     326
     308
     352
     305
     279
     322
     276
     340
     275
     311
     284
     273
     302
     292
     284
     292
     270
     311
     279
     258
     264
     255
     265
     246
     248
     246
     249
     252
     264
     272
     262
     242
     215
     250
     270
     250
     227
     244
     279
     217
     248
     212
     221
     223
     235
     225
     233
     234
     228
     207
     216
     214
     187
     242
     223
     207
     206
     191
     222
     226
     196
     199
     200
     213
     210
     193
     191
     195
     186
     189
     189
     210
     194
     205
     178
     195
     200
     188
     193
     165
     163
     201
     168
     157
     202
     178
     186
     183
     194
     181
     170
     170
     154
     181
     167
     170
     160
     185
     168
     179
     171
     191
     157
     155
     167
     143
     179
     182
     178
     191
     148
     153
     177
     198
     171
     173
     177
     151
     164
     156
     196
     155
     171
     160
     164
     155
     174
     159
     160
     153
     148
     175
     152
     173
     159
     172
     171
     156
     171
     159
     180
     158
     178
     168
     189
     167
     144
     152
     157
     164
     165
     158
     160
     187
     143
     158
     171
     170
     168
     152
     143
     144
     139
     170
     150
     162
     157
     157
     138
     151
     140
     164
     150
     173
     123
     150
     147
     143
     137
     148
     149
     137
     150
     173
     154
     134
     155
     144
     124
     148
     160
     133
     131
     159
     167
     149
     149
     144
     140
     153
     144
     159
     141
     140
     143
     147
     158
     144
     141
     135
     141
     156
     135
     144
     150
     141
     175
     153
     157
     165
     145
     171
     155
     149
     157
     153
     150
     139
     129
     150
     144
     165
     130
     158
     151
     152
     143
     153
     165
     162
     181
     200
     160
     164
     180
     196
     174
     188
     208
     172
     178
     195
     167
     171
     180
     192
     195
     216
     228
     255
     356
     519
     926
    1697
    3216
    5619
    9162
   14712
   22736
   34036
   47944
   61710
   71432
   74157
   70774
   59240
   43805
   27835
   15689
    8098
    3720
    1800
     727
     264
     113
      86
      70
      77
      63
      87
      72
      80
      72
      66
      59
      67
      57
      55
      56
      68
      63
      66
      52
      50
      50
      63
      56
      67
      63
      52
      54
      71
      55
      50
      54
      49
      67
      69
      58
      46
      55
      37
      46
      60
      61
      44
      49
      45
      40
      57
      54
      70
      61
      61
      41
      56
      54
      46
      60
      52
      52
      53
      48
      41
      54
      56
      58
      46
      52
      43
      56
      46
      48
      59
      51
      62
      45
      49
      54
      54
      56
      56
      43
      38
      52
      49
      47
      46
      44
      51
      45
      47
      43
      40
      41
      38
      42
      41
      43
      49
      30
      43
      36
      47
      47
      56
      46
      44
      34
      39
      27
      48
      35
      44
      48
      47
      44
      51
      40
      32
      45
      44
      49
      43
      38
      44
      52
      45
      40
      34
      46
      47
      31
      43
      41
      49
      58
      49
      34
      46
      39
      29
      44
      54
      49
      59
      43
      36
      45
      37
      45
      48
      34
      44
      48
      46
      36
      52
      41
      48
      58
      50
      41
      39
      40
      50
      46
      37
      46
      57
      34
      41
      38
      48
      32
      42
      50
      40
      52
      56
      44
      40
      47
      48
      37
      42
      40
      42
      43
      37
      45
      54
      34
      48
      36
      39
      45
      49
      38
      57
      52
      46
      52
      46
      50
      31
      38
      49
      44
      54
      37
      44
      43
      50
      47
      41
      48
      44
      51
      59
      54
      48
      34
      49
      49
      54
      41
      40
      36
      50
      46
      41
      42
      47
      44
      38
      35
      33
      40
      46
      40
      42
      35
      43
      37
      35
      37
      44
      31
      39
      48
      37
      46
      52
      49
      38
      39
      44
      54
      43
      49
      56
      43
      39
      33
      49
      48
      48
      42
      39
      56
      53
      36
      33
      39
      29
      38
      46
      52
      43
      50
      48
      55
      46
      57
      52
      50
      46
      39
      35
      44
      48
      55
      40
      54
      53
      40
      52
      39
      41
      45
      43
      39
      49
      37
      46
      42
      46
      56
      50
      45
      49
      43
      50
      46
      41
      39
      41
      48
      51
      53
      51
      46
      52
      34
      35
      50
      46
      44
      41
      45
      50
      60
      37
      48
      44
      49
      50
      34
      39
      32
      45
      39
      52
      43
      57
      34
      46
      50
      51
      44
      41
      41
      36
      47
      47
      63
      38
      50
      49
      51
      31
      48
      43
      55
      40
      55
      41
      33
      44
      36
      48
      51
      50
      45
      51
      37
      43
      41
      58
      34
      50
      42
      51
      39
      49
      52
      34
      46
      59
      49
      33
      54
      46
      59
      43
      42
      44
      49
      47
      49
      42
      59
      48
      43
      51
      52
      48
      55
      52
      42
      62
      43
      55
      43
      48
      57
      53
      48
      29
      57
      52
      49
      51
      51
      49
      50
      48
      40
      60
      67
      53
      50
      40
      46
      45
      50
      42
      43
      33
      46
      44
      45
      42
      61
      44
      52
      40
      56
      40
      56
      51
      53
      40
      53
      54
      51
      61
      48
      48
      61
      54
      51
      49
      58
      73
      59
      47
      43
      47
      55
      51
      51
      49
      53
      47
      50
      56
      47
      39
      54
      50
      48
      56
      43
      58
      61
      44
      48
      52
      54
      50
      55
      47
      48
      49
      48
      54
      50
      48
      59
      39
      58
      50
      63
      44
      52
      45
      52
      57
      57
      50
      49
      59
      50
      58
      51
      54
      53
      64
      48
      53
      56
      51
      51
      51
      57
      47
      65
      48
      59
      50
      56
      48
      68
      56
      67
      44
      51
      47
      61
      48
      53
      58
      62
      54
      40
      66
      50
      52
      50
      50
      45
      58
      40
      52
      64
      79
      60
      45
      59
      55
      52
      61
      50
      58
      47
      55
      61
      53
      51
      61
      46
      64
      56
      62
      53
      69
      72
      66
      58
      52
      59
      66
      63
      70
      57
      55
      56
      69
      48
      76
      59
      85
      55
      47
      42
      56
      63
      57
      64
      60
      58
      64
      50
      59
      53
      57
      57
      62
      60
      71
      62
      46
      73
      57
      58
      59
      68
      54
      60
      67
      61
      60
      56
      57
      58
      67
      68
      59
      56
      53
      72
      61
      59
      56
      63
      52
      59
      77
      68
      59
      44
      81
      65
      57
      77
      65
      59
      57
      74
      61
      53
      54
      72
      72
      57
      62
      69
      55
      64
      72
      53
      68
      69
      62
      65
      76
      51
      65
      74
      59
      66
      72
      55
      54
      76
      57
      70
      71
      73
      59
      64
      72
      55
      62
      57
      78
      71
      69
      62
      56
      67
      64
      63
      62
      67
      67
      74
      78
      71
      78
      63
      74
      63
      68
      72
      59
      64
      69
      73
      73
      81
      72
      77
      51
      67
      72
      73
      70
      70
      72
      85
      74
      67
      66
      75
      62
      61
      59
      56
      73
      73
      64
      65
      73
      80
      59
      65
      73
      78
      77
      68
      69
      75
      51
      72
      57
      66
      59
      56
      62
      69
      55
      72
      62
      59
      63
      56
      55
      57
      46
      70
      65
      55
      52
      59
      56
      53
      46
      47
      44
      55
      42
      59
      55
      54
      51
      37
      46
      53
      57
      58
      47
      52
      53
      41
      55
      50
      57
      53
      47
      60
      47
      48
      54
      57
      47
      43
      57
      47
      57
      41
      55
      45
      45
      51
      40
      33
      52
      56
      48
      55
      46
      58
      54
      56
      55
      53
      48
      44
      40
      44
      49
      36
      50
      62
      55
      50
      50
      51
      36
      57
      73
      48
      45
      50
      55
      55
      58
      54
      46
      51
      42
      45
      45
      42
      44
      62
      55
      41
      44
      47
      40
      44
      51
      54
      49
      44
      41
      42
      58
      40
      50
      49
      52
      55
      47
      48
      39
      44
      49
      41
      33
      45
      46
      51
      62
      52
      47
      56
      46
      54
      38
      38
      44
      41
      36
      43
      43
      44
      48
      42
      44
      47
      37
      38
      39
      39
      42
      30
      46
      34
      50
      43
      48
      58
      44
      34
      43
      48
      32
      58
      36
      51
      38
      48
      44
      50
      49
      44
      52
      41
      36
      54
      51
      64
      54
      41
      44
      37
      45
      42
      41
      41
      35
      44
      52
      43
      43
      40
      39
      36
      40
      44
      44
      43
      46
      38
      43
      53
      53
      49
      42
      50
      42
      41
      41
      43
      52
      36
      38
      55
      54
      40
      39
      41
      49
      43
      42
      38
      34
      40
      46
      41
      37
      49
      44
      43
      43
      47
      40
      41
      39
      44
      54
      46
      45
      40
      41
      50
      38
      30
      40
      44
      41
      39
      44
      45
      37
      39
      45
      36
      36
      43
      32
      38
      44
      43
      41
      39
      38
      46
      45
      37
      40
      52
      46
      51
      43
      35
      42
      36
      40
      39
      46
      40
      46
      50
      39
      42
      35
      38
      49
      30
      34
      43
      42
      42
      45
      33
      38
      55
      55
      40
      35
      54
      52
      43
      44
      50
      53
      21
      41
      45
      42
      40
      29
      41
      46
      35
      42
      43
      44
      50
      42
      40
      39
      55
      37
      46
      46
      47
      38
      51
      54
      43
      48
      45
      36
      40
      43
      42
      44
      50
      49
      60
      46
      38
      46
      51
      48
      46
      45
      41
      51
      41
      48
      25
      55
      43
      48
      50
      43
      41
      42
      51
      54
      45
      49
      42
      45
      44
      44
      41
      46
      47
      41
      39
      59
      48
      43
      40
      38
      53
      41
      51
      25
      34
      33
      39
      33
      56
      40
      41
      45
      37
      40
      42
      47
      33
      36
      37
      33
      36
      42
      30
      34
      42
      32
      37
      35
      36
      36
      24
      29
      38
      29
      33
      29
      32
      24
      23
      24
      26
      30
      18
      31
      30
      22
      23
      26
      29
      36
      19
      37
      22
      31
      37
      19
      18
      33
      22
      23
      26
      30
      28
      32
      20
      22
      32
      19
      23
      21
      23
      28
      21
      26
      23
      22
      18
      17
      25
      32
      28
      22
      20
      23
      31
      22
      18
      28
      28
      27
      29
      21
      31
      24
      23
      16
      33
      23
      27
      26
      17
      25
      27
      19
      29
      20
      27
      27
      17
      18
      24
      19
      19
      19
      17
      24
      30
      24
      29
      28
      22
      29
      21
      26
      21
      17
      22
      27
      25
      22
      20
      28
      22
      25
      11
      25
      35
      40
      33
      45
      53
      59
      67
      98
     119
     135
     177
     240
     290
     379
     521
     682
     798
    1052
    1137
    1242
    1233
    1253
    1275
    1305
    1120
     949
     702
     497
     315
     175
     129
      94
      79
      50
      37
      22
      22
      20
      19
      21
      14
      16
      19
      17
      13
       8
      15
      15
      14
      16
      18
       6
      10
      19
      15
      17
       7
      16
      18
      19
      13
      13
      14
       9
      13
       9
      13
      17
       6
      19
      20
      16
      11
      15
       8
      14
      21
      12
      12
      19
      14
      10
      13
      17
      16
      14
      10
      12
      14
       8
       8
       9
      13
      11
      11
      11
       9
      11
       9
      13
       9
      10
       9
      10
       5
      10
       9
       8
       3
      11
       5
       8
      14
      13
      14
       6
      10
       7
      14
      10
      13
      10
       4
      10
      10
      10
      15
       7
       7
      13
       9
      10
       9
       7
       7
       6
       6
       8
      12
      14
       7
       7
       4
      11
       5
       3
       8
       6
      12
       5
       6
       4
       4
       5
       6
       3
       6
       6
       5
       3
       4
       5
       5
       7
       4
       6
       8
      10
       5
       4
      10
       6
       4
       6
       5
       5
      10
       6
       5
       7
      10
       2
       7
       3
       3
       5
       9
       3
       7
       4
       6
       4
       4
       2
       9
       8
       5
       2
       5
       2
       9
       9
       2
       3
       4
       4
       8
       5
       5
       4
       1
       4
      10
      12
       4
       6
       6
       2
       5
       5
       8
       4
       5
       6
       3
       4
       1
       5
       9
       3
       5
       4
       5
       3
       2
       7
       8
       3
       3
       1
       2
       3
       2
       1
       6
       3
       4
       3
       3
       6
       2
       3
       1
       2
       3
       2
       1
       6
       2
       3
       4
       4
       4
       9
       3
       8
       4
       5
       2
       5
       3
       4
       2
       3
       3
       5
       2
       4
       7
       4
       5
       3
       7
       2
       4
       5
       3
       5
       2
       4
       7
       0
       2
       4
       1
       1
       2
       5
       4
       3
       5
       2
       6
       4
       7
       8
       6
       2
       2
       5
       3
       4
       6
       4
       3
       6
       3
       4
       4
       1
       3
       6
       6
       8
       3
       6
       5
       9
       4
       5
       3
       2
       2
       3
       4
       5
       8
       3
       4
       7
       5
       2
       5
       4
       3
       5
       5
       3
       3
       3
       6
       2
       2
       1
       5
       4
       2
       1
       7
       1
       5
       6
       5
       2
       4
       8
       5
       4
      10
       1
       2
       3
       4
       5
       4
       1
       7
      10
       6
       3
       5
       5
       7
       3
       4
       5
       5
       6
       6
       3
       7
       6
      14
       3
       9
       8
       6
       7
      10
       7
       6
      16
      19
      27
      23
      45
      58
      82
      93
     115
     142
     155
     195
     297
     369
     471
     609
     716
     803
     937
     969
     974
    1030
    1043
    1089
     908
     875
     690
     517
     321
     226
     124
     104
      63
      45
      22
      23
      12
       5
       3
       4
       1
       2
       1
       2
       2
       0
       1
       0
       2
       1
       4
       0
       1
       2
       2
       3
       2
       2
       2
       2
       2
       0
       1
       1
       1
       1
       2
       4
       1
       2
       1
       0
       2
       1
       0
       2
       1
       1
       1
       0
       3
       0
       3
       1
       0
       0
       2
       1
       2
       0
       2
       0
       0
       3
       2
       3
       1
       2
       1
       2
       2
       1
       2
       1
       0
       2
       2
       1
       3
       0
       2
       2
       2
       0
       3
       1
       2
       0
       0
       1
       0
       0
       3
       1
       1
       0
       1
       0
       0
       0
       0
       1
       3
       1
       0
       1
       1
       2
       0
       1
       0
       0
       2
       1
       0
       1
       0
       1
       0
       0
       2
       1
       2
       1
       0
       1
       1
       0
       1
       2
       1
       0
       0
       0
       1
       3
       1
       0
       0
       1
       1
       0
       0
       1
       0
       1
       1
       1
       1
       1
       3
       0
       1
       1
       0
       2
       1
       0
       0
       2
       0
       0
       0
       1
       1
       0
       1
       0
       1
       0
       0
       0
       0
       0
       2
       2
       1
       0
       1
       0
       0
       1
       1
       1
       0
       1
       1
       2
       1
       2
       0
       2
       1
       0
       1
       2
       0
       0
       2
       0
       0
       2
       0
       1
       0
       0
       1
       1
       0
       0
       3
       1
       1
       1
       1
       2
       0
       1
       0
       3
       1
       2
       0
       0
       2
       1
       1
       0
       2
       0
       1
       0
       0
       1
       0
       0
       1
       0
       1
       0
       0
       1
       2
       1
       0
       0
       0
       0
       0
       1
       0
       0
       1
       0
       2
       1
       0
       1
       0
       1
       1
       2
       2
       0
       3
       1
       1
       1
       0
       2
       0
       0
       1
       2
       0
       1
       0
       0
       0
       0
       0
       2
       0
       1
       2
       0
       1
       0
       0
       1
       0
       2
       0
       0
       0
       2
       0
       1
       2
       0
       0
       2
       2
       0
       0
       2
       1
       1
       1
       0
       1
       0
       1
       2
       2
       1
       1
       0
       1
       1
       1
       0
       2
       1
       0
       2
       0
       1
       0
       0
       0
       0
       1
       2
       1
       0
       0
       1
       0
       0
       0
       0
       1
       0
       0
       1
       0
       0
       1
       1
       0
       1
       0
       0
       2
       0
       0
       0
       1
       0
       1
       0
       1
       1
       1
       0
       0
       1
       0
       1
       0
       0
       0
       0
       1
       2
       0
       0
       1
       0
       1
       0
       0
       0
       1
       0
       0
       3
       0
       0
       0
       1
       1
       0
       0
       0
       1
       1
       0
       2
       0
       0
       1
       0
       0
       0
       0
       1
       1
       0
       2
       0
       1
       1
       3
       1
       0
       1
       0
       1
       0
       1
       0
       1
       1
       2
       0
       0
       1
       0
       0
       1
       0
       0
       0
       0
       1
       1
       1
       0
       1
       0
       1
       1
       0
       0
       0
       0
       0
       0
       0
       0
       0
       1
       0
       2
       0
       0
       0
       0
       1
       0
       0
       1
       0
       1
       2
       0
       1
       2
       0
       0
       0
       0
       0
       1
       0
       0
       0
       0
       1
       1
       0
       0
       0
       0
       1
       0
       0
       0
       1
       0
       0
       0
       0
       1
       0
       0
       1
       0
       2
       1
       0
       0
       0
       0
       0
       0
       1
       1
       0
       1
       0
       0
       1
       1
       0
       2
       3
       0
       0
       0
       0
       0
       2
       0
       0
       0
       0
       0
       0
       1
       2
       0
       1
       0
       0
       0
       0
       0
       1
       0
       0
       0
       1
       0
       0
       0
       0
       2
       1
       0
       2
       0
       0
       1
       0
       0
       2
       0
       0
       1
       0
       1
       0
       0
       0
       0
       0
       1
       0
       0
       2
       1
       0
       0
       0
       1
       0
       2
       0
       0
       0
       2
       0
       0
       0
       0
       0
       1
       0
       0
       1
       2
       0
       1
       0
       0
       0
       0
       1
       0
       1
       0
       0
       0
       1
       0
       1
       0
       0
       2
       2
       2
       0
       0
       1
       0
       0
       0
       2
       1
       0
       0
       0
       0
       0
       0
       0
       0
       0
       0
       0
       0
       0
       1
       0
       1
       0
       0
       0
       0
       0
       0
       0
       1
       1
       1
       0
       0
       0
       0
       0
       0
       0
       2
       1
       0
       0
       0
       1
       0
       0
       1
       0
       0
       1
       0
       1
       1
       0
       0
       1
       0
       0
       1
       1
       1
       1
       0
       0
       0
       1
       0
       0
       0
       0
       0
       0
       0
       0
       1
       0
       1
       0
       1
       0
       0
       0
       0
       0
       1
       1
       0
       0
       0
       0
       0
       0
       0
       0
       0
       1
       1
       0
       0
       0
       1
       0
       0
       0
       0
       2
       0
       0
       1
       1
       1
       0
       0
       0
       0
       1
       2
       0
       0
       1
       0
       0
       0
       0
       2
       0
       0
       1
       1
       0
       0
       0
       0
       0
       0
       0
       0
       1
       0
       0
       1
       0
       0
       0
       0
       0
       0
       0
       0
       0
       1
       0
       2
       0
       0
       0
       3
       0
       0
       0
       2
       0
       0
       0
       0
       2
       0
       0
       1
       0
       0
       2
       0
       0
       0
       0
       0
       0
       0
       0
       0
       1
       0
       0
       1
       0
       0
       0
       0
       1
       0
       0
       0
       0
       0
       1
       1
       0
       1
       1
       0
       0
       0
       0
       1
       0
       2
       0
       0
       1
       1
       0
       1
       0
       0
       0
       0
       0
       0
       0
       0
       1
       1
       0
       2
       1
       0
       0
       0
       0
       1
       0
       0
       0
       0
       0
       0
       1
       0
       0
       0
       0
       1
       0
       0
       0
       2
       0
       1
       0
       0
       0
       0
       1
       0
       1
       1
       0
       0
       0
       0
       0
       1
       0
       0
       1
       0
       1
       0
       0
       0
       0
       0
       0
       0
       0
       0
       2
       0
       0
       1
       0
       0
       0
       0
       0
       0
       0
       0
       0
       0
       1
       0
       0
       1
       0
       1
       0
       1
       1
       0
       0
       0
       0
       0
       1
       1
       0
       0
       0
       0
       0
       0
       0
       1
       0
       0
       1
       0
       0
       0
       0
       0
       0
       0
       0
       1
       0
       1
       0
       0
       0
       0
       1
       0
       1
       0
       0
       1
       0
       1
       0
       1
       0
       0
       0
       0
       0
       0
       0
       0
       0
       0
       0
       0
       0
       0
       0
       0
       0
       0
       1
       0
       0
       0
       0
       0
       0
       0
       0
       0
       0
       0
       0
       0
       0
       0
       0
       0
       0
       1
       0
       0
       0
       1
       0
       0
       0
       1
       0
       0
       0
       1
       0
       1
       0
       0
       0
       0
       1
       0
       1
       0
       1
       2
       0
       0
       0
       0
       1
       0
       0
       0
       0
       0
       0
       0
       1
       1
       0
       0
       0
       0
       1
       0
       1
       0
       0
       1
       0
       1
       1
       0
       0
       0
       0
       0
       0
       0
       0
       0
       0
       0
       0
       0
       0
       1
       0
       0
       1
       0
       0
       0
       1
       1
       0
       1
       0
       0
       1
       1
       0
       0
       0
       0
       0
       0
       0
       0
       0
       0
       0
       0
       0
       0
       0
       0
       0
       0
       0
       0
       0
       0
       0
       1
       0
       0
       1
       0
       0
       0
       0
       0
       0
       0
       0
       0
       0
       0
       0
       0
       0
       1
       0
       1
       1
       0
       0
       0
       0
       0
       0
       0
       0
       0
       0
       0
       0
       1
       0
       0
       0
       1
       0
       1
       0
       0
       0
       1
       0
       0
       0
       0
       0
       0
       0
       0
       0
       0
       1
       0
       0
       0
       1
       0
       0
       1
       0
       0
       0
       0
       0
       0
       0
       1
       0
       0
       0
       0
       1
       0
       2
       0
       0
       0
       0
       2
       0
       0
       0
       0
       0
       0
       0
       1
       0
       0
       0
       0
       0
       0
       0
       0
       0
       0
       0
       0
       2
       0
       1
       1
       0
       0
       0
       0
       0
       0
       1
       0
       0
       1
       0
       0
       1
       1
       0
       1
       0
       0
       1
       0
       1
       0
       1
       0
       0
       1
       0
       0
       0
       2
       0
       0
       0
       0
       0
       0
       0
       0
       0
       0
       0
       1
       0
       0
       0
       0
       0
       0
       0
       0
       0
       0
       0
       0
       0
       0
       0
       0
       1
       0
       0
       0
       0
       0
       0
       0
       0
       1
       0
       0
       0
       0
       0
       0
       1
       0
       0
       0
       2
       0
       0
       0
       0
       0
       1
       0
       0
       0
       0
       1
       0
       0
       0
       0
       0
       0
       0
       1
       0
       0
       0
       0
       0
       0
       1
       0
       1
       0
       0
       0
       0
       0
       0
       0
       0
       0
       1
       1
       0
       0
       0
       0
       0
       0
       1
       0
       0
       0
       0
       0
       0
       0
       0
       0
       0
       1
       0
       0
       1
       2
       0
       0
       0
       0
       0
       1
       2
       1
       0
       0
       0
       0
       0
       0
       0
       0
       0
       0
       1
       0
       1
       1
       1
       0
       0
       0
       0
       0
       0
       0
       0
       1
       1
       0
       0
       1
       0
       1
       3
       0
       1
       0
       0
       0
       0
       1
       0
       0
       1
       0
       0
       0
       0
       0
       0
       0
       0
       0
       0
       0
       0
       0
       0
       1
       1
       0
       1
       0
       0
       0
       0
       0
       1
       0
       0
       0
       0
       0
       0
       0
       0
       0
       0
       0
       0
       0
       0
       0
       0
       0
       0
       0
       0
       1
       0
       0
       0
       1
       0
       0
       0
       0
       0
       1
       0
       0
       1
       0
       0
       0
       0
       0
       0
       0
       0
       1
       0
       0
       0
       1
       0
       0
       0
       0
       0
       0
       0
       0
       0
       0
       0
       0
       0
       1
       0
       0
       0
       0
       1
       0
       0
       1
       0
       0
       0
       2
       0
       1
       0
       0
       0
       0
       1
       0
       0
       1
       1
       0
       1
       0
       0
       0
       0
       0
       0
       0
       0
       0
       0
       0
       0
       0
       0
       0
       0
       0
       0
       0
       1
       1
       0
       0
       0
       0
       0
       0
       0
       0
       0
       0
       0
       0
       0
       0
       1
       1
       0
       0
       1
       0
       0
       2
       0
       0
       1
       0
       2
       1
       0
       1
       0
       0
       0
       0
       0
       0
       0
       0
       0
       1
       0
       0
       1
       0
       0
       1
       0
       0
       0
       0
       0
       0
       0
       0
       0
       0
       0
       0
       0
       0
       0
       2
       0
       0
       0
       0
       0
       0
       0
       0
       0
       0
       0
       1
       0
       0
       0
       1
       0
       0
       0
       0
       0
       0
       0
       0
       0
       0
       0
       0
       0
       0
       0
       0
       0
       0
       0
       0
       1
       0
       1
       0
       0
       1
       0
       0
       0
       1
       0
       0
       0
       1
       0
       0
       2
       1
       0
       1
       1
       0
       0
       0
       0
       0
       0
       0
       0
       0
       1
       0
       0
       0
       0
       0
       0
       0
       0
       1
       0
       0
       0
       0
       0
       0
       0
       0
       0
       0
       0
       0
       0
       0
       0
       0
       0
       0
       0
       0
       0
       0
       0
       0
       0
       0
       1
       0
       0
       0
       0
       1
       0
       0
       0
       0
       1
       0
       0
       1
       0
       0
       0
       1
       1
       0
       0
       0
       0
       0
       0
       0
       0
       0
       0
       2
       0
       0
       1
       0
       0
       0
       0
       0
       0
       0
       0
       0
       0
       0
       1
       0
       0
       0
       0
       0
       0
       0
       0
       0
       0
       0
       0
       0
       1
       0
       1
       1
       0
       0
       0
       0
       0
       0
       0
       0
       0
       0
       0
       0
       0
       0
       0
       0
       0
       0
       0
       0
       0
       0
       0
       0
       0
       0
       0
       0
       0
       0
       0
       1
       0
       0
       0
       0
       0
       0
       0
       0
       0
       0
       0
       0
       0
       0
       0
       0
       0
       1
       0
       0
       0
       0
       0
       0
       0
       0
       0
       3
       0
       0
       0
       0
       0
       0
       0
       0
       1
       0
       0
       0
       0
       0
       0
       0
       0
       0
       0
       0
       0
       0
       0
       0
       1
       0
       0
       0
       0
       1
       0
       0
       0
       0
       0
       0
       1
       2
       1
       0
       0
       0
       0
       0
       0
       0
       0
       1
       0
       1
       0
       0
       0
       0
       0
       0
       0
       1
       1
       0
       0
       0
       0
       0
       0
       0
       0
       0
       0
       0
       0
       0
       0
       0
       0
       0
       0
       0
       0
       0
       0
       0
       0
       0
       0
       0
       0
       0
       0
       1
       1
       0
       1
       0
       0
       0
       0
       0
       0
       0
       0
       1
       0
       0
       0
       0
       0
       0
       2
       0
       0
       1
       1
       0
       0
       0
       0
       0
       0
       0
       0
       1
       0
       0
       1
       0
       0
       0
       0
       0
       0
       0
       0
       1
       0
       0
       0
       0
       0
       0
       0
       0
       1
       0
       0
       0
       0
       1
       0
       0
       0
       1
       1
       0
       0
       0
       0
       0
       0
       0
       0
       0
       0
       0
       0
       0
       0
       0
       0
       0
       0
       1
       0
       0
       0
       0
       0
       0
       0
       0
       0
       0
       0
       0
       1
       0
       0
       0
       0
       0
       0
       0
       0
       0
       0
       0
       0
       0
       1
       0
       0
       0
       0
       0
       0
       1
       0
       0
       0
       0
       0
       0
       0
       0
       0
       1
       0
       0
       0
       0
       0
       0
       0
       0
       0
       0
       0
       0
       0
       0
       1
       0
       0
       0
       0
       1
       0
       0
       0
       0
       0
       0
       0
       0
       0
       1
       0
       0
       0
       0
       0
       0
       0
       0
       0
       0
       0
       0
       0
       1
       1
       0
       0
       1
       0
       0
       0
       0
       0
       0
       0
       0
       1
       0
       1
       0
       0
       0
       0
       0
       0
       0
       0
       0
       0
       0
       0
       0
       0
       0
       0
       0
       0
       0
       0
       1
       0
       0
       0
       1
       0
       0
       0
       0
       0
       0
       0
       0
       0
       0
       0
       0
       0
       0
       0
       0
       0
       0
       0
       0
       0
       0
       0
       1
       0
       0
       0
       0
       1
       0
       0
       0
       1
       0
       0
       0
       0
       0
       0
       0
       0
       0
       0
       0
       0
       0
       2
       0
       0
       0
       0
       0
       0
       0
       0
       0
       0
       0
       0
       1
       0
       0
       0
       0
       0
       0
       0
       0
       0
       0
       0
       0
       0
       1
       0
       1
       0
       0
       1
       0
       1
       0
       0
       0
       0
       0
       1
       1
       0
       0
       0
       1
       0
       0
       0
       0
       0
       0
       0
       1
       0
       0
       0
       0
       0
       0
       0
       0
       0
       0
       0
       0
       0
       0
       0
       0
       1
       0
       0
       0
       0
       1
       1
       1
       0
       0
       0
       1
       0
       1
       0
       0
       0
       0
       0
       1
       0
       0
       0
       0
       0
       0
       0
       0
       0
       0
       0
       1
       0
       0
       1
       1
       0
       0
       0
       0
       0
       0
       0
       0
       0
       0
       0
       0
       0
       0
       0
       1
       0
       1
       0
       0
       0
       1
       0
       0
       0
       0
       0
       0
       0
       0
       0
       0
       0
       0
       0
       0
       0
       0
       0
       0
       0
       1
       0
       1
       0
       0
       0
       1
       0
       0
       0
       1
       0
       0
       0
       0
       0
       1
       0
       2
       0
       0
       0
       1
       0
       0
       0
       0
       0
       0
       0
       0
       0
       1
       0
       0
       0
       0
       0
       0
       0
       1
       0
       0
       0
       0
       1
       0
       1
       1
       0
       0
       0
       1
       0
       0
       0
       0
       0
       0
       0
       0
       0
       0
       0
       0
       1
       1
       1
       1
       0
       0
       0
       0
       0
       1
       1
       0
       1
       0
       0
       0
       1
       0
       0
       0
       1
       0
       0
       0
       0
       0
       0
       0
       0
       0
       0
       0
       0
       0
       0
       0
       0
       0
       0
       1
       0
       0
       1
       0
       0
       1
       0
       0
       0
       0
       0
       0
       0
       0
       0
       0
       0
       0
       0
       0
       0
       0
       0
       1
       1
       0
       0
       0
       0
       0
       0
       0
       0
       0
       0
       0
       0
       0
       1
       0
       0
       0
       0
       0
       0
       0
       0
       0
       0
       1
       0
       0
       0
       0
       0
       0
       0
       0
       0
       0
       0
       1
       0
       0
       0
       0
       0
       0
       0
       0
       0
       0
       0
       0
       0
       0
       0
       0
       0
       0
       0
       0
       0
       0
       0
       0
       0
       0
       0
       0
       0
       0
       0
       0
       0
       1
       0
       0
       0
       1
       0
       0
       1
       0
       0
       0
       1
       0
       0
       0
       0
       0
       1
       0
       0
       1
       1
       0
       0
       1
       0
       0
       0
       0
       1
       0
       0
       0
       0
       0
       0
       0
       0
       0
       1
       0
       0
       0
       0
       0
       2
       0
       0
       0
       0
       0
       0
       0
       0
       0
       0
       0
       0
       0
       0
       0
       0
       0
       0
       0
       0
       0
       0
       1
       0
       0
       0
       0
       0
       0
       0
       0
       0
       0
       0
       0
       0
       0
       0
       0
       0
       0
       0
       0
       0
       0
       0
       0
       0
       0
       0
       0
       0
       1
       0
       0
       0
       1
       1
       0
       0
       1
       0
       0
       0
       0
       0
       0
       0
       0
       0
       0
       1
       0
       0
       0
       0
       0
       1
       0
       1
       0
       1
       1
       1
       1
       0
       1
       0
       0
       0
       0
       0
       0
       0
       0
       0
       0
       0
       0
       0
       0
       0
       0
       0
       0
       0
       0
       0
       0
       0
       0
       0
       0
       0
       0
       0
       0
       0
       0
       0
       0
       0
       0
       0
       0
       0
       0
       0
       0
       0
       0
       0
       0
       0
       0
       0
       0
       1
       0
       0
       0
       0
       0
       0
       0
       0
       0
       0
       0
       0
       0
       0
       0
       0
       0
       0
       0
       0
       0
       0
       0
       0
       1
       0
       0
       0
       0
       0
       0
       0
       0
       0
       0
       0
       0
       0
       0
       0
       0
       0
       0
       0
       0
       0
       0
       1
       0
       0
       0
       0
       0
       0
       0
       0
       0
       0
       0
       0
       0
       0
       0
       0
       0
       0
       0
       0
       0
       0
       0
       0
       0
       0
       0
       0
       0
       0
       0
       0
       0
       1
       0
       0
       0
       0
       0
       0
       0
       0
       0
       0
       0
       0
       0
       0
       0
       0
       0
       0
       0
       0
       0
       0
       0
       0
       0
       0
       0
       0
       0
       0
       0
       1
       0
       0
       0
       0
       0
       0
       0
       0
       0
       0
       0
       0
       0
       0
       0
       0
       1
       0
       1
       1
       0
       1
       0
       0
       0
       1
       0
       0
       0
       0
       0
       0
       0
       0
       0
       0
       0
       0
       0
       0
       0
       0
       0
       0
       0
       0
       0
       0
       0
       0
       0
       0
       0
       0
       0
       0
       0
       0
       0
       0
       0
       0
       0
       0
       0
       0
       0
       1
       0
       0
       0
       0
       0
       0
       0
       0
       0
       0
       0
       0
       0
       0
       0
       0
       0
       0
       0
       0
       0
       1
       0
       0
       0
       0
       0
       0
       0
       0
       0
       0
       0
       0
       0
       0
       0
       0
       0
       0
       0
       0
       0
       1
       0
       0
       0
       0
       0
       0
       0
       0
       0
       0
       0
       0
       1
       0
       0
       0
       1
       0
       2
       3
       1
       1
       2
       2
       1
       1
       1
       0
       3
       1
       2
       1
       1
       0
       0
       1
       1
       0
       0
       0
       0
       0
       0
       0
       0
       0
       0
       0
       0
       0
       0
       0
       0
       0
       0
       0
       0
       0
       0
       0
       0
       0
       0
       0
       0
       0
       0
       0
       0
       0
       0
       0
       0
       0
       0
       0
       0
       0
       0
       0
       0
       0
       0
       0
       0
       0
       0
       0
       0
       0
       0
       0
       0
       0
       0
       0
       0
       0
       0
       0
       0
       0
       0
       0
       0
       0
       0
       0
       0
       0
       0
       0
       0
       0
       0
       0
       0
       0
       0
       0
       0
       0
       0
       0
       0
       0
       0
       0
       0
       0
       0
       0
       0
       0
       0
       0
       0
       0
       0
       0
       0
       0
       0
       0
       0
       0
       0
       1
       0
       0
       0
       0
       0
       0
       0
       0
       0
       0
       0
       0
       0
       0
       0
       0
       0
       0
       0
       0
       0
       0
       0
       0
       0
       0
       0
       0
       0
       0
       0
       0
       0
       0
       0
       0
       0
       0
       0
       1
       0
       0
       1
       0
       0
       0
       0
       0
       0
       0
       0
       0
       0
       1
       0
       0
       0
       0
       1
       0
       0
       0
       1
       0
       0
       0
       0
       0
       0
       0
       0
       0
       0
       0
       1
       0
       0
       0
       0
       1
       0
       0
       0
       0
       0
       0
       0
       0
       0
       0
       0
       0
       0
       0
       0
       0
       0
       0
       0
       0
       0
       1
       0
       0
       1
       0
       0
       0
       0
       0
       0
       1
       0
       0
       0
       0
       0
       0
       0
       0
       0
       0
       0
       0
       0
       0
       0
       0
       0
       0
       0
       0
       0
       0
       1
       0
       0
       0
       0
       0
       0
       0
       0
       0
       0
       0
       0
       0
       0
       0
       0
       0
       0
       0
       0
       0
       0
       0
       0
       0
       0
       0
       1
       0
       0
       0
       0
       0
       0
       0
       0
       0
       0
       0
       0
       0
       0
       0
       0
       0
       0
       0
       0
       0
       0
       0
       0
       0
       0
       0
       0
       0
       0
       0
       0
       0
       0
       0
       0
       0
       0
       0
       0
       0
       0
       0
       0
       0
       0
       0
       0
       0
       0
       0
       0
       0
       0
       0
       0
       0
       0
       0
       0
       0
       0
       0
       0
       0
       0
       0
       0
       0
       0
       0
       0
       0
       0
       0
       0
       0
       0
       0
       0
       0
       0
       0
       0
       0
       0
       0
       0
       0
       0
       0
       0
       0
       0
       0
       1
       0
       0
       0
       0
       0
       0
       0
       0
       0
       0
       0
       0
       0
       0
       0
       0
       0
       0
       0
       0
       0
       0
       0
       0
       0
       0
       0
       1
       0
       0
       1
       0
       0
       0
       0
       0
       0
       0
       0
       0
       0
       0
       0
       0
       0
       0
       0
       0
       0
       0
       0
       0
       0
       0
       0
       0
       0
       0
       1
       0
       0
       0
       0
       0
       0
       0
       0
       0
       0
       0
       0
       0
       0
       0
       0
       0
       0
       0
       0
       0
       1
       0
       0
       0
       0
       0
       0
       0
       0
       0
       0
       0
       0
       0
       0
       0
       0
       0
       0
       0
       0
       0
       0
       0
       0
       0
       0
       0
       0
       0
       0
       0
       0
       0
       0
       0
       0
       0
       0
       0
       0
       0
       0
       0
       0
       0
       0
       0
       0
       0
       0
       0
       0
       0
       0
       0
       0
       0
       0
       0
       0
       0
       0
       0
       0
       0
       0
       0
       0
       0
       0
       0
       0
       0
       0
       0
       0
       0
       0
       0
       0
       0
       0
       0
       0
       1
       0
       0
       0
       0
       0
       0
       0
       0
       0
       0
       0
       0
       0
       0
       0
       0
       0
       0
       0
       0
       0
       0
       0
       0
       0
       0
       0
       0
       0
       0
       0
       0
       1
       0
       0
       0
       0
       0
       1
       0
       0
       0
       0
       0
       0
       0
       1
       0
       0
       0
       0
       0
       0
       0
       0
       0
       0
       0
       0
       0
       0
       0
       0
       0
       0
       0
       0
       0
       0
       0
       0
       0
       0
       1
       0
       0
       0
       0
       0
       0
       0
       0
       0
       0
       0
       0
       0
       0
       1
       0
       0
       0
       0
       0
       0
       0
       0
       0
       0
       0
       0
       0
       0
       0
       0
       0
       0
       0
       0
       0
       0
       0
       0
       0
       0
       0
       0
       0
       0
       0
       0
       0
       0
       0
       0
       0
       0
       0
       0
       0
       0
       0
       0
       0
       0
       0
       0
       0
       0
       0
       0
       0
       0
       0
       0
       0
       0
       0
       0
       0
       0
       0
       0
       0
       0
       0
       0
       0
       0
       0
       0
       0
       0
       0
       0
       0
       0
       0
       0
       0
       0
       0
       0
       0
       0
       0
       0
       0
       0
       0
       0
       0
       0
       0
       0
       0
       0
       0
       0
       0
       0
       0
       0
       0
       0
       0
       0
       0
       0
       0
       0
       0
       0
       0
       0
       0
       0
       0
       0
       0
       0
       0
       0
       0
       0
       0
       0
       0
       0
       0
       0
       1
       0
       0
       0
       0
       0
       0
       0
       0
       0
       0
       0
       0
       0
       0
       0
       0
       0
       0
       0
       0
       0
       0
       0
       0
       0
       0
       0
       0
       0
       0
       0
       1
       0
       0
       0
       0
       0
       0
       0
       0
       0
       0
       0
       0
       0
       0
       0
       0
       0
       0
       0
       0
       0
       0
       0
       0
       0
       0
       0
       0
       0
       0
       0
       0
       0
       0
       0
       0
       0
       0
       0
       0
       0
       0
       0
       0
       0
       0
       0
       0
       0
       0
       1
       0
       0
       0
       0
       0
       0
       0
       0
       0
       0
       0
       0
       0
       0
       0
       0
       0
       0
       0
       0
       1
       0
       0
       0
       0
       0
       0
       0
       0
       0
       0
       0
       0
       0
       0
       0
       0
       0
       0
       0
       0
       1
       0
       0
       0
       0
       0
       0
       0
       0
       1
       0
       0
       0
       0
       1
       0
       0
       0
       0
       0
       0
       0
       0
       0
       0
       0
       0
       0
       0
       0
       0
       0
       0
       0
       0
       0
       0
       0
       0
       0
       0
       0
       0
       0
       0
       0
       0
       0
       0
       0
       0
       0
       0
       0
       0
       0
       0
       0
       0
       0
       0
       0
       0
       0
       0
       0
       0
       0
       0
       0
       1
       0
       0
       0
       0
       0
       0
       0
       0
       0
       0
       0
       0
       0
       0
       0
       0
       0
       0
       0
       0
       0
       0
       0
       0
       0
       0
       0
       0
       0
       0
       0
       0
       0
       0
       0
       0
       0
       0
       0
       0
       0
       0
       0
       0
       0
       0
       0
       1
       0
       0
       0
       0
       0
       0
       0
       0
       0
       0
       0
       0
       0
       0
       0
       0
       0
       0
       0
       0
       0
       0
       0
       0
       0
       0
       0
       0
       0
       0
       0
       0
       0
       0
       0
       0
       0
       0
       0
       0
       0
       0
       0
       0
       0
       0
       0
       0
       0
       0
       0
       0
       0
       0
       0
       0
       0
       0
       0
       0
       0
       0
       0
       0
       0
       0
       0
       0
       0
       0
       0
       0
       0
       0
       0
       0
       0
       0
       0
       0
       0
       0
       0
       0
       0
       0
       0
       0
       0
       0
       0
       0
       0
       0
       0
       0
       0
       0
       0
       0
       0
       0
       0
       0
       0
       0
       0
       0
       0
       0
       0
       0
       0
       0
       0
       0
       0
       0
       0
       0
       0
       0
       0
       0
       0
       0
       0
       0
       0
       0
       0
       0
       0
       0
       0
       0
       0
       0
       0
       0
       0
       0
       0
       0
       0
       0
       0
       0
       0
       0
       0
       0
       0
       0
       0
       0
       0
       0
       0
       0
       0
       0
       0
       0
       0
       0
       0
       0
       0
       0
       0
       0
       0
       0
       0
       0
       0
       0
       1
       0
       0
       0
       0
       1
       0
       0
       0
       0
       0
       0
       0
       0
       0
       0
       0
       0
       0
       0
       0
       0
       0
       0
       0
       0
       0
       0
       0
       0
       0
       0
       0
       1
       0
       0
       0
       0
       0
       0
       0
       0
       0
       0
       0
       0
       0
       0
       0
       0
       0
       0
       0
       0
       0
       0
       0
       0
       0
       0
       0
       0
       0
       0
       0
       0
       0
       0
       0
       0
       0
       0
       0
       0
       0
       0
       0
       0
       0
       0
       0
       0
       0
       0
       0
       0
       0
       0
       0
       0
       0
       0
       0
       0
       0
       0
       0
       0
       0
       0
       0
       1
       0
       0
       1
       0
       0
       0
       0
       0
       0
       0
       0
       0
       0
       0
       0
       1
       0
       0
       0
       0
       1
       0
       0
       0
       0
       0
       0
       0
       0
       0
       0
       0
       0
       0
       0
       0
       0
       0
       0
       0
       0
       0
       0
       1
       0
       0
       0
       0
       0
       0
       0
       1
       0
       0
       0
       0
       0
       0
       0
       0
       0
       0
       0
       0
       0
       0
       0
       1
       0
       0
       0
       0
       0
       0
       0
       0
       0
       0
       0
       0
       0
       0
       0
       0
       0
       0
       0
       0
       0
       0
       0
       0
       0
       0
       0
       0
       0
       0
       0
       0
       0
       0
       0
       0
       0
       0
       0
       0
       0
       0
       0
       0
       0
       0
       0
       0
       0
       0
       0
       0
       0
       0
       0
       0
       0
       0
       0
       0
       0
       0
       0
       0
       0
       0
       0
       0
       0
       0
       0
       0
       0
       0
       0
       0
       0
       0
       0
       0
       0
       0
       0
       0
       0
       0
       0
       0
       0
       0
       0
       0
       0
       0
       0
       0
       0
       0
       0
       0
       0
       0
       0
       0
       0
       0
       0
       0
       0
       0
       0
       0
       0
       0
       0
       0
       0
       0
       0
       0
       0
       0
       0
       0
       0
       0
       0
       0
       0
       0
       0
       0
       0
       0
       0
       0
       0
       0
       0
       0
       0
       0
       0
       0
       0
       0
       0
       0
       0
       0
       0
       0
       0
       0
       0
       0
       0
       0
       0
       0
       0
       0
       0
       0
       0
       0
       0
       0
       1
       0
       0
       0
       0
       0
       0
       0
       0
       0
       0
       0
       1
       0
       0
       0
       0
       0
       0
       0
       0
       0
       0
       0
       0
       1
       0
       0
       0
       0
       0
       0
       0
       0
       0
       0
       0
       0
       0
       0
       0
       0
       0
       0
       0
       0
       0
       0
       0
       0
       0
       0
       0
       0
       0
       0
       0
       0
       0
       0
       0
       0
       0
       0
       0
       0
       0
       0
       0
       0
       0
       0
       0
       0
       0
       0
       0
       0
       0
       0
       0
       0
       0
       0
       0
       0
       0
       0
       0
       0
       0
       0
       0
       0
       0
       0
       0
       0
       0
       0
       0
       0
       0
       0
       0
       0
       0
       0
       0
       0
       0
       0
       0
       0
       0
       0
       0
       0
       0
       0
       0
       0
       0
       0
       0
       0
       0
       0
       0
       0
       0
       0
       0
       0
       0
       0
       0
       0
       0
       0
       0
       0
       0
       0
       0
       0
       0
       0
       0
       0
       0
       0
       0
       0
       0
       0
       0
       0
       0
       1
       0
       0
       0
       0
       0
       0
       0
       0
       0
       0
       0
       0
       0
       0
       0
       0
       0
       0
       0
       0
       0
       0
       0
       0
       0
       0
       0
       0
       0
       0
       0
       0
       0
       0
       0
       0
       0
       0
       0
       0
       0
       0
       0
       0
       0
       0
       0
       0
       0
       0
       0
       0
       0
       0
       0
       0
       0
       0
       0
       0
       0
       0
       0
       0
       0
       0
       0
       0
       0
       0
       0
       0
       0
       0
       0
       0
       0
       0
       0
       0
       0
       0
       0
       0
       0
       0
       0
       0
       0
       0
       0
       0
       0
       0
       0
       0
       0
       0
       0
       0
       0
       0
       0
       0
       0
       0
       0
       0
       0
       0
       0
       0
       0
       0
       0
       0
       0
       0
       0
       0
       0
       0
       0
       0
       0
       0
       0
       0
       0
       0
       0
       0
       0
       0
       0
       0
       0
       0
       0
       0
       0
       0
       0
       0
       0
       0
       0
       0
       0
       0
       0
       0
       0
       0
       0
       0
       0
       0
       0
       0
       0
       0
       0
       0
       0
       0
       0
       0
       0
       0
       0
       0
       0
       0
       0
       0
       0
       0
       0
       0
       0
       0
       0
       0
       0
       0
       0
       0
       0
       0
       0
       0
       0
       0
       0
       0
$ROI:
3
2091 2111
2937 2969
3328 3372
$PRESETS:
None
0
0
$ENER_FIT:
-1.603023 0.398142
$MCA_CAL:
3
-1.603023E+000 3.981421E-001 -1.843240E-007 keV
$SHAPE_CAL:
3
5.712108E+000 -5.708310E-004 7.647117E-007
