$SPEC_ID:
Pulser
$SPEC_REM:
DET# 2
DETDESC# DETECTOR 2
AP# GammaVision Version 7.01.03
$DATE_MEA:
03/26/2017 09:38:06
$MEAS_TIM:
1126 1128
$DATA:
0 8191
       0
       0
       0
       0
       0
       0
       0
       0
       0
       0
       0
       0
       0
       0
       0
       0
       0
       0
       0
       0
       0
       0
       0
       9
     234
     270
     109
      91
      85
      89
      83
      85
      86
      86
      92
      95
      71
     101
      77
     114
     104
     106
      89
      93
      96
      97
      80
      76
      82
     102
      84
     104
     100
      75
      87
      93
      75
      94
      98
      98
      84
      89
      88
      74
      87
     101
      82
      95
      95
      89
      82
      84
      87
     128
      84
      88
      82
      92
      64
      94
      83
      98
      80
      78
      90
      83
      99
      65
      96
      93
      89
      83
      77
      80
      78
      81
      82
      73
      85
      77
      85
      85
      79
      81
      72
      94
      78
      70
      80
      85
      91
      79
      98
      90
      82
      75
      78
      77
      98
      87
      85
      82
      91
      83
      87
      85
      96
      89
     102
      90
      74
      84
      88
      87
      98
      92
      92
     100
      86
      80
      90
      90
      87
      86
      90
      83
      95
     101
     106
     112
     101
      99
     103
      94
      92
      95
     107
     107
     108
     106
     112
     117
     130
     113
     102
      90
     103
      92
      95
     109
     110
     115
     103
     128
     120
     119
     106
      99
     121
     117
     134
     176
     216
     329
     416
     325
     240
     262
     368
     498
     615
     405
     232
     143
     108
      90
     106
     122
     114
      89
      88
     106
      94
     104
     117
     107
      94
      98
      97
     109
     107
     127
     189
     244
     285
     273
     212
     142
     119
     136
     156
     163
     140
      99
     103
     103
      95
      99
     108
      65
     101
     121
      86
     118
     110
     117
     114
     112
     125
     105
      95
     104
     106
     102
      95
      90
      95
     106
     115
     122
     112
     106
     112
     122
     108
     100
     105
     104
     117
     121
     106
     114
     112
      93
      95
     105
     113
     104
     119
     108
      96
     112
     100
     108
     120
     101
      89
     112
     108
     117
     117
     102
     112
     102
     117
      97
     112
      99
     108
     127
     111
     103
     107
     116
     129
     112
     108
     120
     137
     100
     128
     101
     121
     109
      97
     100
     109
     115
      93
     113
     105
     119
     116
     122
     111
     108
     121
     126
     127
     117
     109
     123
     118
     146
     118
     110
     106
     115
     104
     112
     107
      97
     125
     128
     112
     104
     110
     119
     116
     111
     125
     124
     104
     111
     132
     113
     130
     121
     115
     127
     123
     123
     108
     123
     113
     130
     115
     112
     129
     112
     117
     122
     104
     114
      98
     103
     130
      99
      91
     110
     115
     105
     130
     100
     110
     105
     104
     128
     123
      98
     120
     108
     125
     126
      97
      98
     100
     122
     114
     122
     101
     119
     116
     110
     127
      92
     122
     107
     107
     112
     110
     127
     125
      98
     102
     130
     112
     112
     108
     108
     108
     120
     121
     102
     110
     128
     107
      93
     101
     116
     104
     117
      96
     117
      92
     108
     104
     118
     116
     110
     104
     104
     105
      92
      81
     113
     126
     127
     129
     113
     114
     124
     113
     104
     110
     120
     108
     120
     123
     110
     100
     114
     101
     115
     101
     107
      97
     105
     103
     104
     114
      98
      91
     106
     105
     100
     106
     120
     102
     121
     122
     109
      88
     100
     122
     112
     109
     119
      95
     120
      96
     134
     107
     109
      99
     108
     107
     113
     102
     106
     111
     116
      87
      98
     127
      99
      98
     108
     107
      96
     109
      90
      86
     111
     101
     102
     102
     106
      83
     106
     107
      96
     103
     101
     123
     116
     105
      99
      96
     100
     107
     107
     121
     106
      99
     139
     106
     102
     110
      94
     103
     114
     105
     114
     121
     126
     113
     111
     136
     107
     130
     108
     136
     132
     128
     129
     145
     126
     126
     132
     116
     130
     124
     135
     135
     153
     127
     115
     142
     125
     125
     116
     127
     115
     122
     127
     131
     142
     127
     135
     110
     135
     146
     140
     129
     122
     117
     111
     140
     137
     146
     129
     145
     133
     110
     126
     120
     100
     111
     141
     140
     130
     143
     151
     134
     138
     131
     130
     137
     121
     145
     147
     156
     137
     128
     151
     140
     136
     142
     151
     151
     139
     130
     129
     125
     140
     144
     159
     137
     129
     143
     136
     134
     134
     125
     159
     137
     134
     123
     169
     145
     131
     148
     141
     142
     140
     167
     161
     161
     138
     134
     145
     154
     171
     148
     152
     153
     140
     142
     112
     156
     117
     146
     131
     130
     136
     133
     136
     135
     132
     142
     147
     124
     127
     116
     135
     138
     106
     118
     125
     146
     114
     119
     117
     138
     114
     135
     120
     121
     101
     105
     100
     117
     116
     110
      99
     124
     105
      89
     105
     120
      91
      89
     101
      94
     108
      99
     106
     116
      86
      92
      92
     113
     100
      86
     105
      89
      86
     107
      85
      94
     110
      82
      80
      82
      78
      88
      84
      66
      84
      80
      72
      95
      76
      94
      73
      75
      72
      72
      62
      84
      77
      73
      77
      73
      78
      80
      70
      79
      71
      55
      75
      66
      73
      61
      73
      78
      64
      75
      60
      73
      67
      58
      66
      65
      76
      68
      60
      65
      66
      78
      71
      72
      63
      44
      67
      70
      73
      60
      55
      75
      84
      68
      50
      51
      66
      56
      66
      72
      63
      47
      67
      67
      56
      67
      69
      55
      60
      76
      61
      54
      57
      61
      49
      60
      69
      59
      61
      52
      80
      63
      60
      60
      62
      60
      49
      55
      43
      48
      56
      53
      64
      54
      57
      58
      54
      68
      54
      58
      43
      65
      64
      59
      48
      71
      51
      53
      58
      47
      50
      69
      55
      59
      57
      41
      49
      58
      56
      48
      57
      56
      64
      37
      43
      55
      46
      57
      56
      44
      54
      57
      55
      59
      56
      46
      61
      53
      49
      57
      46
      56
      50
      52
      52
      41
      53
      41
      50
      42
      56
      49
      56
      52
      52
      51
      56
      48
      39
      41
      42
      45
      59
      44
      60
      50
      58
      60
      43
      50
      49
      43
      42
      58
      50
      50
      56
      46
      45
      52
      41
      56
      58
      49
      51
      51
      31
      43
      51
      51
      47
      42
      45
      38
      37
      39
      39
      35
      42
      52
      51
      48
      35
      34
      49
      39
      35
      40
      54
      34
      59
      38
      55
      47
      50
      48
      40
      38
      45
      31
      43
      42
      38
      43
      58
      60
      42
      39
      40
      45
      40
      45
      44
      58
      53
      40
      41
      31
      41
      44
      31
      45
      34
      34
      44
      40
      42
      33
      38
      33
      47
      50
      51
      43
      39
      43
      40
      39
      48
      34
      54
      25
      34
      44
      39
      45
      34
      41
      39
      35
      41
      30
      36
      33
      45
      36
      43
      40
      44
      40
      39
      44
      41
      37
      39
      41
      42
      39
      42
      47
      36
      46
      39
      54
      43
      41
      45
      39
      40
      41
      36
      35
      43
      48
      38
      39
      46
      43
      36
      44
      38
      45
      46
      45
      32
      33
      51
      41
      48
      45
      45
      34
      30
      36
      35
      40
      32
      34
      34
      47
      36
      41
      32
      36
      42
      34
      40
      41
      40
      38
      36
      34
      37
      44
      31
      32
      26
      30
      38
      46
      44
      29
      32
      45
      47
      34
      43
      48
      31
      41
      40
      30
      38
      47
      33
      36
      40
      29
      39
      34
      41
      35
      41
      40
      43
      41
      37
      36
      36
      41
      31
      40
      35
      38
      39
      39
      43
      36
      37
      30
      33
      30
      40
      49
      44
      40
      35
      29
      29
      39
      37
      25
      39
      42
      31
      39
      35
      42
      39
      35
      21
      48
      44
      30
      39
      28
      29
      35
      41
      38
      37
      29
      44
      40
      36
      39
      25
      47
      30
      37
      31
      38
      34
      38
      36
      34
      40
      40
      40
      39
      25
      40
      36
      32
      28
      31
      41
      38
      45
      39
      33
      31
      31
      33
      32
      31
      46
      37
      37
      43
      36
      30
      40
      39
      44
      36
      46
      40
      43
      41
      43
      52
      44
      42
      38
      39
      25
      34
      40
      43
      48
      26
      29
      46
      39
      28
      36
      47
      40
      44
      43
      31
      40
      36
      46
      24
      41
      44
      36
      30
      34
      34
      33
      32
      38
      37
      27
      29
      35
      32
      41
      45
      38
      32
      34
      36
      32
      35
      36
      36
      38
      32
      46
      46
      31
      38
      42
      47
      44
      43
      38
      29
      39
      40
      36
      31
      37
      34
      40
      45
      30
      34
      31
      28
      35
      42
      39
      29
      36
      31
      41
      22
      41
      32
      37
      43
      31
      50
      40
      31
      44
      44
      42
      38
      36
      47
      50
      63
      68
      53
      59
      44
      48
      41
      45
      29
      39
      48
      29
      34
      38
      45
      40
      40
      35
      27
      31
      35
      34
      35
      29
      33
      18
      32
      27
      25
      34
      29
      26
      34
      32
      25
      29
      47
      39
      25
      30
      30
      29
      38
      42
      25
      31
      31
      29
      32
      34
      23
      32
      26
      29
      32
      34
      35
      34
      41
      33
      35
      31
      26
      36
      35
      26
      31
      38
      32
      31
      32
      38
      29
      31
      27
      44
      36
      24
      36
      33
      35
      29
      34
      32
      33
      47
      26
      36
      33
      21
      32
      26
      39
      38
      27
      26
      22
      35
      37
      35
      29
      27
      26
      39
      24
      35
      30
      29
      26
      31
      30
      22
      24
      43
      25
      33
      23
      42
      25
      27
      26
      26
      38
      25
      35
      23
      33
      50
      25
      30
      32
      26
      34
      34
      30
      24
      23
      39
      31
      22
      33
      36
      33
      33
      29
      28
      35
      33
      44
      39
      28
      32
      43
      34
      37
      28
      37
      35
      32
      37
      40
      51
      33
      36
      35
      24
      31
      38
      31
      30
      28
      35
      31
      37
      25
      38
      33
      27
      31
      41
      28
      35
      30
      30
      26
      28
      36
      38
      28
      29
      19
      28
      32
      37
      34
      35
      34
      21
      34
      29
      32
      29
      27
      33
      29
      35
      29
      38
      27
      34
      20
      23
      33
      22
      30
      33
      36
      23
      25
      32
      35
      28
      26
      28
      24
      30
      31
      37
      21
      33
      34
      29
      26
      31
      39
      26
      39
      25
      34
      26
      36
      32
      25
      37
      28
      40
      40
      24
      35
      21
      26
      37
      37
      35
      34
      21
      35
      47
      30
      32
      26
      26
      26
      34
      38
      34
      40
      31
      29
      39
      38
      27
      31
      30
      41
      36
      32
      35
      22
      34
      33
      37
      35
      37
      24
      17
      22
      28
      33
      27
      28
      31
      36
      32
      38
      33
      29
      37
      31
      33
      39
      31
      29
      30
      30
      34
      35
      23
      28
      30
      22
      29
      26
      36
      24
      32
      31
      34
      32
      27
      36
      45
      34
      35
      36
      36
      25
      25
      32
      26
      34
      40
      29
      37
      28
      40
      40
      24
      33
      30
      31
      39
      41
      33
      23
      30
      33
      38
      26
      30
      36
      44
      45
      27
      31
      26
      28
      29
      31
      49
      37
      17
      30
      31
      19
      33
      32
      32
      33
      33
      32
      35
      31
      31
      36
      45
      48
      35
      40
      40
      42
      42
      37
      38
      42
      36
      29
      38
      27
      27
      36
      38
      33
      29
      30
      39
      31
      30
      29
      36
      40
      34
      29
      31
      34
      35
      31
      39
      36
      33
      33
      27
      44
      27
      35
      27
      30
      23
      33
      26
      38
      35
      34
      32
      44
      32
      29
      32
      32
      29
      32
      28
      33
      36
      38
      34
      30
      39
      23
      32
      28
      29
      33
      38
      28
      19
      40
      35
      37
      31
      35
      37
      30
      34
      35
      32
      46
      34
      28
      40
      40
      38
      42
      30
      31
      34
      41
      29
      36
      37
      36
      42
      27
      33
      26
      36
      29
      40
      29
      36
      38
      30
      31
      36
      29
      36
      43
      41
      28
      27
      33
      39
      30
      41
      26
      38
      33
      35
      43
      33
      32
      26
      48
      27
      31
      32
      38
      41
      36
      42
      27
      32
      30
      36
      37
      39
      43
      32
      34
      33
      31
      34
      40
      45
      40
      30
      32
      31
      29
      39
      23
      40
      25
      46
      32
      36
      41
      30
      33
      46
      35
      33
      41
      39
      36
      19
      34
      29
      35
      39
      36
      35
      34
      32
      32
      39
      33
      35
      38
      39
      44
      36
      33
      31
      41
      36
      31
      44
      50
      39
      39
      30
      36
      38
      43
      37
      30
      36
      33
      38
      37
      30
      25
      38
      27
      25
      33
      38
      24
      43
      45
      39
      46
      34
      33
      35
      37
      29
      37
      35
      38
      36
      25
      38
      38
      31
      40
      24
      35
      40
      33
      34
      44
      30
      45
      23
      35
      37
      32
      34
      38
      35
      43
      36
      36
      40
      26
      32
      32
      40
      32
      31
      42
      39
      24
      32
      40
      42
      34
      51
      28
      41
      48
      44
      30
      33
      36
      38
      43
      32
      29
      30
      37
      36
      38
      39
      32
      35
      41
      44
      40
      46
      31
      35
      31
      52
      36
      28
      38
      40
      34
      43
      39
      47
      43
      39
      34
      44
      34
      33
      45
      26
      34
      40
      43
      28
      34
      24
      34
      43
      23
      44
      38
      30
      43
      35
      41
      36
      36
      34
      37
      36
      35
      38
      46
      37
      36
      30
      45
      33
      35
      30
      43
      41
      39
      40
      49
      40
      23
      30
      54
      34
      39
      40
      36
      35
      34
      31
      38
      34
      36
      39
      38
      43
      36
      45
      41
      42
      34
      49
      37
      33
      38
      45
      43
      48
      46
      37
      36
      32
      40
      39
      47
      47
      48
      35
      46
      43
      43
      46
      33
      33
      30
      39
      31
      39
      29
      23
      38
      50
      41
      45
      46
      45
      47
      39
      41
      36
      46
      37
      46
      40
      43
      42
      43
      50
      45
      44
      39
      38
      44
      41
      47
      42
      46
      36
      41
      62
      45
      29
      44
      42
      44
      41
      27
      33
      42
      37
      46
      48
      49
      47
      46
      39
      31
      48
      34
      41
      48
      35
      43
      44
      41
      52
      39
      44
      40
      42
      35
      42
      45
      47
      38
      34
      45
      33
      33
      44
      53
      45
      34
      48
      44
      33
      49
      40
      54
      42
      35
      37
      42
      42
      37
      39
      47
      44
      47
      43
      48
      45
      48
      41
      43
      39
      36
      41
      45
      48
      41
      34
      37
      55
      33
      57
      45
      49
      57
      48
      48
      42
      47
      62
      55
      37
      43
      34
      50
      54
      47
      50
      46
      49
      46
      48
      44
      45
      33
      62
      39
      39
      43
      51
      42
      43
      39
      41
      49
      49
      65
      62
      60
      50
      50
      48
      45
      52
      51
      37
      51
      42
      39
      53
      35
      56
      67
      51
      40
      51
      57
      49
      40
      46
      41
      51
      65
      51
      55
      56
      49
      45
      47
      55
      51
      64
      41
      49
      46
      50
      53
      45
      67
      65
      49
      66
      58
      46
      53
      58
      44
      49
      57
      57
      53
      59
      48
      48
      39
      44
      50
      53
      48
      53
      51
      53
      63
      59
      56
      61
      56
      60
      55
      48
      56
      56
      57
      67
      49
      53
      52
      58
      55
      43
      58
      63
      53
      58
      59
      60
      62
      57
      53
      49
      59
      52
      58
      53
      54
      46
      55
      62
      46
      59
      54
      74
      52
      49
      51
      57
      50
      46
      68
      52
      51
      53
      46
      58
      52
      58
      56
      55
      73
      61
      65
      58
      59
      57
      56
      57
      47
      52
      56
      46
      62
      61
      60
      52
      59
      58
      52
      58
      72
      59
      55
      60
      63
      57
      57
      60
      53
      66
      61
      47
      63
      70
      62
      58
      50
      63
      79
      55
      66
      56
      60
      69
      54
      65
      63
      61
      75
      49
      63
      62
      60
      68
      55
      75
      64
      66
      61
      66
      67
      73
      56
      51
      61
      66
      67
      70
      68
      56
      59
      61
      56
      68
      74
      58
      55
      70
      50
      64
      63
      78
      69
      69
      63
      75
      86
      59
      68
      63
      77
      62
      64
      68
      66
      64
      84
      65
      67
      64
      59
      64
      56
      57
      52
      61
      57
      60
      59
      62
      71
      62
      68
      59
      61
      62
      51
      57
      49
      64
      53
      54
      39
      51
      54
      47
      48
      53
      46
      53
      42
      37
      37
      64
      59
      48
      54
      48
      45
      54
      40
      47
      50
      47
      42
      46
      57
      41
      49
      51
      45
      49
      41
      53
      45
      34
      39
      47
      27
      50
      41
      40
      41
      42
      46
      31
      41
      54
      49
      40
      48
      37
      41
      53
      46
      47
      40
      48
      31
      45
      29
      46
      52
      44
      42
      48
      54
      42
      48
      49
      37
      43
      47
      43
      43
      39
      53
      49
      43
      54
      38
      41
      46
      39
      51
      44
      55
      40
      42
      45
      45
      48
      39
      50
      47
      50
      37
      44
      37
      46
      44
      42
      41
      43
      48
      46
      42
      33
      37
      49
      37
      32
      47
      42
      45
      66
      52
      62
      47
      39
      41
      46
      39
      51
      34
      33
      32
      46
      37
      33
      54
      36
      35
      53
      41
      44
      45
      36
      42
      42
      51
      38
      47
      40
      40
      44
      54
      57
      39
      48
      34
      36
      42
      34
      46
      50
      36
      35
      46
      42
      44
      39
      56
      51
      34
      37
      34
      35
      43
      50
      36
      48
      36
      40
      42
      44
      32
      50
      47
      39
      39
      48
      38
      37
      53
      37
      42
      44
      41
      40
      34
      40
      58
      33
      38
      43
      47
      29
      43
      42
      42
      31
      31
      23
      45
      46
      38
      40
      44
      41
      39
      46
      36
      43
      32
      48
      41
      27
      34
      32
      44
      38
      50
      47
      42
      28
      40
      44
      40
      34
      44
      35
      40
      41
      31
      42
      39
      41
      35
      46
      32
      35
      36
      39
      49
      52
      34
      33
      42
      48
      39
      47
      36
      51
      38
      42
      36
      35
      46
      37
      36
      33
      46
      46
      40
      38
      43
      49
      35
      45
      35
      40
      46
      29
      25
      30
      36
      36
      33
      38
      36
      42
      34
      37
      37
      31
      38
      40
      42
      42
      44
      36
      46
      40
      44
      41
      44
      27
      41
      49
      37
      44
      35
      46
      43
      25
      42
      47
      36
      52
      34
      31
      36
      36
      38
      42
      31
      45
      44
      43
      44
      44
      45
      38
      41
      50
      37
      37
      41
      45
      45
      39
      47
      37
      37
      44
      33
      41
      37
      47
      44
      38
      40
      41
      45
      43
      46
      33
      39
      48
      51
      45
      56
      41
      35
      46
      41
      60
      48
      44
      32
      49
      27
      35
      46
      48
      54
      33
      33
      37
      33
      38
      38
      39
      46
      31
      41
      35
      36
      40
      39
      43
      37
      29
      34
      30
      36
      34
      31
      32
      20
      21
      24
      28
      22
      27
      29
      28
      31
      26
      35
      27
      27
      28
      24
      29
      23
      40
      24
      31
      26
      38
      24
      30
      25
      33
      30
      20
      26
      19
      21
      31
      21
      18
      17
      23
      28
      16
      33
      15
      22
      27
      33
      23
      17
      21
      22
       9
      20
      21
      21
      27
      16
      33
      18
      21
      21
      22
      24
      21
      20
      25
      22
      22
      18
      23
      24
      21
      25
      15
      23
      22
      17
      23
      24
      26
      25
      20
      25
      22
      19
      24
      25
      18
      18
      24
      17
      28
      20
      34
      17
      19
      21
      15
      13
      23
      19
      20
      14
      21
      17
      29
      20
      21
      21
      21
      19
      21
      21
      23
      31
      30
      45
      49
      74
      78
     115
     109
     170
     209
     264
     374
     435
     600
     759
     925
    1076
    1172
    1275
    1264
    1306
    1272
    1170
     971
     771
     485
     349
     200
     137
     115
      66
      49
      35
      20
      18
      19
      18
      16
      12
      17
      23
      16
      11
      14
      17
      18
      15
      22
      13
      11
      14
      15
      15
      18
      11
      16
      13
      13
      11
      17
       8
      12
       4
      10
       6
      10
      20
       9
       5
      10
      10
      15
      13
      12
      12
       9
      10
       8
      11
      16
       9
       9
      10
       8
      12
       9
      14
      11
       4
      16
       5
      12
       6
       8
       5
       5
      12
      14
      12
       8
      10
      15
       6
       9
       7
      11
       9
       8
       7
       9
       9
       5
       7
      10
       8
       9
       6
      10
      13
       8
      10
       9
      11
       2
       8
      11
       8
       8
      10
       8
       8
       7
      12
       4
       7
       7
       8
       4
       3
       7
       5
       9
       4
       6
      10
       5
       7
       8
       2
       7
       4
       2
       6
       6
      11
       6
       8
       1
       5
      12
       5
       3
       5
       8
       5
       5
       6
       3
       5
       0
       5
       2
       2
       4
       5
       4
       3
       6
       9
       2
       3
       3
       5
       7
       3
       2
       5
       6
       5
       4
       3
       8
       6
       2
       5
       5
       3
       3
       5
       4
       3
       4
       4
       6
       5
       1
       3
       4
       3
       2
       2
       2
       2
       2
       6
       2
       3
       2
       5
       0
       2
       3
       2
       2
       0
       2
       1
       3
       3
       5
       2
       2
       8
       4
       3
       4
       4
       1
       2
       4
       1
       1
       2
       1
       2
       4
       3
       1
       2
       3
       2
       7
       1
       2
       2
       5
       2
       3
       3
       3
       6
       2
       1
       3
       3
       0
       1
       1
       2
       2
       2
       1
       2
       3
       2
       2
       4
       2
       3
       5
       5
       1
       2
       2
       1
       4
       7
       3
       5
       3
       4
       2
       2
       3
       3
       4
       2
       4
       2
       1
       2
       2
       0
       2
       1
       5
       2
       2
       4
       2
       4
       2
       0
       3
       1
       3
       1
       2
       1
       1
       4
       3
       0
       1
       3
       2
       3
       3
       3
       9
       4
       3
       1
       1
       5
       3
       3
       3
       0
       7
       2
       6
       6
       2
       1
       4
       3
       1
       2
       4
       2
       2
       3
       3
       2
       1
       1
       2
       3
       1
       1
       2
       2
       1
       1
       3
       8
       0
       5
       1
       2
       3
       4
       0
       1
       5
       6
       2
       4
       5
       2
       3
       1
       2
       3
       3
       2
       4
       4
       1
       3
       4
       5
       3
      10
       6
       6
       5
      13
      14
      12
      24
      31
      33
      45
      62
      89
     109
     141
     170
     213
     246
     306
     409
     564
     652
     825
     904
     912
     974
     965
    1014
    1038
     963
     844
     688
     535
     357
     203
     138
      83
      63
      37
      32
      16
       6
       2
       2
       2
       0
       3
       0
       0
       2
       1
       0
       0
       1
       0
       0
       2
       1
       0
       0
       1
       0
       0
       0
       0
       0
       0
       0
       1
       0
       0
       0
       1
       0
       0
       0
       1
       0
       0
       0
       0
       0
       0
       0
       0
       0
       0
       0
       0
       1
       0
       1
       0
       1
       0
       1
       0
       0
       0
       0
       1
       0
       0
       0
       0
       2
       0
       2
       0
       0
       0
       1
       1
       0
       0
       0
       1
       1
       0
       1
       0
       1
       1
       1
       1
       0
       0
       1
       0
       0
       0
       0
       0
       1
       0
       1
       3
       0
       0
       0
       0
       0
       0
       0
       0
       2
       1
       1
       0
       0
       0
       1
       1
       0
       0
       1
       1
       1
       1
       1
       3
       0
       0
       0
       1
       0
       0
       1
       1
       0
       0
       0
       1
       0
       0
       0
       2
       0
       0
       1
       1
       0
       0
       0
       2
       0
       1
       0
       0
       0
       0
       1
       0
       0
       0
       0
       0
       0
       0
       0
       0
       0
       0
       1
       1
       0
       1
       0
       0
       0
       0
       0
       0
       1
       0
       1
       1
       0
       0
       1
       0
       0
       0
       0
       2
       0
       0
       0
       0
       0
       0
       0
       0
       0
       2
       0
       0
       0
       0
       2
       0
       0
       2
       0
       2
       1
       0
       0
       0
       0
       1
       0
       0
       0
       0
       0
       0
       1
       1
       1
       0
       1
       0
       0
       0
       0
       0
       0
       0
       0
       0
       0
       1
       0
       0
       1
       0
       0
       0
       0
       1
       0
       1
       2
       1
       1
       1
       1
       0
       0
       0
       1
       0
       0
       0
       1
       0
       1
       0
       1
       0
       1
       0
       0
       0
       0
       0
       1
       0
       3
       0
       1
       1
       1
       1
       0
       0
       0
       1
       0
       0
       0
       0
       1
       0
       0
       1
       1
       0
       0
       0
       2
       0
       0
       0
       1
       0
       0
       0
       0
       0
       0
       2
       0
       1
       0
       3
       0
       1
       2
       1
       1
       0
       0
       0
       0
       0
       0
       0
       1
       0
       1
       0
       0
       0
       0
       0
       0
       0
       1
       0
       0
       1
       0
       0
       0
       0
       1
       2
       0
       0
       0
       0
       0
       0
       1
       1
       0
       0
       1
       0
       0
       0
       0
       2
       0
       0
       0
       0
       0
       0
       0
       1
       0
       0
       0
       0
       0
       0
       0
       1
       0
       0
       0
       0
       1
       0
       0
       1
       0
       0
       0
       0
       1
       0
       0
       1
       1
       0
       0
       0
       0
       0
       0
       0
       1
       1
       0
       0
       0
       1
       1
       0
       1
       0
       0
       0
       1
       0
       1
       0
       0
       0
       0
       1
       0
       0
       0
       0
       0
       1
       0
       1
       0
       0
       0
       0
       0
       0
       1
       0
       0
       0
       0
       0
       0
       0
       0
       0
       1
       0
       0
       0
       0
       1
       1
       0
       0
       0
       0
       0
       0
       0
       0
       0
       0
       0
       0
       1
       0
       0
       0
       1
       0
       0
       0
       1
       1
       0
       0
       0
       0
       0
       0
       0
       0
       0
       0
       0
       0
       0
       1
       0
       0
       1
       0
       0
       0
       0
       0
       1
       2
       0
       0
       0
       0
       0
       0
       1
       1
       0
       0
       0
       0
       1
       0
       1
       0
       0
       0
       1
       0
       1
       0
       0
       1
       0
       0
       0
       1
       1
       0
       0
       0
       0
       0
       1
       0
       0
       0
       0
       0
       0
       0
       0
       0
       0
       0
       0
       0
       0
       0
       0
       0
       0
       0
       0
       0
       0
       0
       0
       0
       0
       1
       0
       2
       0
       0
       0
       0
       0
       1
       0
       0
       1
       0
       1
       0
       1
       0
       0
       0
       0
       0
       0
       0
       0
       0
       0
       1
       0
       0
       0
       0
       0
       0
       0
       2
       1
       0
       1
       0
       1
       1
       0
       0
       0
       0
       0
       0
       0
       0
       0
       0
       0
       1
       0
       0
       1
       1
       1
       0
       1
       0
       1
       2
       1
       1
       0
       0
       0
       2
       0
       0
       1
       1
       0
       0
       0
       0
       0
       0
       2
       0
       0
       0
       0
       0
       0
       0
       0
       0
       0
       0
       1
       0
       0
       0
       1
       1
       0
       0
       1
       0
       0
       0
       0
       1
       0
       0
       0
       0
       0
       0
       0
       0
       0
       0
       0
       0
       0
       0
       1
       1
       0
       0
       0
       0
       1
       0
       0
       0
       0
       0
       0
       0
       1
       0
       0
       1
       1
       0
       0
       0
       0
       0
       0
       0
       0
       1
       0
       1
       0
       0
       0
       0
       0
       0
       0
       0
       0
       0
       0
       0
       0
       0
       0
       0
       1
       0
       1
       1
       0
       0
       0
       1
       0
       1
       0
       0
       0
       0
       0
       0
       0
       0
       0
       0
       1
       0
       1
       1
       0
       0
       0
       0
       0
       0
       0
       1
       0
       0
       0
       0
       0
       1
       1
       0
       0
       0
       0
       0
       1
       0
       0
       0
       0
       1
       0
       1
       1
       0
       0
       0
       0
       0
       0
       1
       0
       1
       0
       0
       0
       1
       1
       0
       0
       0
       0
       0
       2
       0
       0
       0
       0
       0
       0
       0
       0
       0
       1
       0
       0
       0
       1
       0
       1
       0
       0
       0
       1
       0
       1
       0
       0
       0
       0
       0
       0
       0
       1
       0
       1
       0
       1
       1
       0
       0
       0
       0
       0
       0
       1
       0
       0
       0
       0
       0
       0
       0
       0
       0
       1
       1
       0
       0
       1
       0
       0
       0
       1
       0
       0
       0
       0
       0
       1
       1
       0
       0
       0
       1
       0
       0
       0
       0
       0
       0
       1
       0
       0
       0
       0
       1
       0
       0
       0
       0
       0
       1
       0
       0
       0
       0
       0
       0
       1
       0
       0
       0
       1
       0
       0
       0
       0
       0
       0
       0
       0
       0
       0
       1
       0
       0
       1
       2
       0
       1
       0
       1
       0
       0
       0
       0
       0
       0
       0
       0
       1
       2
       1
       1
       0
       0
       1
       0
       0
       0
       0
       0
       0
       0
       0
       0
       1
       0
       0
       1
       0
       1
       0
       0
       0
       1
       0
       0
       0
       0
       0
       1
       0
       0
       0
       0
       0
       0
       0
       0
       0
       0
       0
       0
       0
       0
       0
       0
       1
       0
       0
       0
       2
       1
       1
       0
       1
       0
       0
       0
       0
       1
       0
       0
       0
       0
       0
       1
       0
       0
       0
       0
       0
       0
       0
       0
       1
       0
       0
       0
       1
       1
       0
       1
       0
       0
       0
       0
       0
       0
       0
       0
       0
       0
       1
       1
       0
       0
       0
       0
       0
       2
       0
       0
       0
       0
       0
       0
       0
       0
       1
       0
       0
       0
       0
       0
       0
       0
       0
       0
       0
       0
       0
       0
       0
       0
       0
       0
       1
       1
       0
       0
       0
       1
       1
       0
       0
       0
       0
       0
       0
       0
       0
       0
       0
       0
       0
       1
       0
       0
       0
       0
       0
       1
       0
       0
       0
       0
       0
       0
       0
       0
       0
       0
       0
       0
       0
       1
       0
       0
       0
       0
       0
       0
       0
       0
       1
       0
       0
       0
       0
       1
       0
       0
       0
       0
       0
       0
       0
       0
       0
       0
       0
       0
       0
       0
       1
       0
       0
       0
       0
       0
       0
       0
       0
       0
       0
       0
       0
       0
       0
       0
       0
       0
       0
       0
       0
       0
       0
       1
       0
       0
       0
       1
       0
       0
       0
       0
       0
       0
       0
       0
       0
       1
       0
       0
       0
       0
       0
       0
       0
       1
       0
       0
       0
       0
       0
       0
       0
       0
       1
       0
       0
       0
       0
       0
       0
       0
       1
       0
       0
       0
       0
       0
       0
       0
       0
       0
       0
       1
       0
       0
       0
       0
       0
       0
       0
       1
       0
       0
       0
       0
       0
       0
       0
       0
       0
       0
       0
       0
       0
       0
       1
       0
       0
       0
       0
       0
       0
       0
       0
       0
       0
       0
       0
       0
       0
       0
       1
       0
       0
       0
       0
       0
       0
       0
       0
       0
       0
       0
       2
       0
       0
       0
       0
       0
       0
       0
       1
       0
       1
       0
       0
       0
       0
       0
       0
       0
       0
       0
       1
       1
       0
       0
       0
       0
       0
       0
       0
       0
       0
       0
       0
       0
       0
       0
       0
       0
       0
       0
       0
       0
       0
       0
       0
       0
       0
       0
       0
       0
       0
       0
       0
       0
       1
       0
       0
       0
       0
       1
       0
       0
       0
       1
       0
       0
       0
       0
       0
       1
       0
       0
       1
       0
       0
       0
       0
       0
       0
       0
       0
       0
       0
       0
       0
       0
       0
       0
       0
       1
       1
       0
       0
       0
       0
       1
       0
       1
       0
       0
       0
       1
       0
       0
       0
       0
       1
       0
       0
       0
       0
       0
       1
       0
       0
       0
       0
       0
       0
       1
       0
       0
       0
       1
       0
       0
       0
       1
       0
       0
       0
       0
       1
       1
       0
       1
       0
       0
       0
       0
       0
       0
       0
       0
       0
       0
       0
       0
       0
       0
       0
       0
       0
       0
       0
       1
       1
       1
       0
       0
       1
       0
       0
       0
       0
       0
       0
       1
       0
       0
       0
       1
       0
       0
       1
       1
       0
       0
       1
       0
       0
       0
       0
       0
       0
       1
       0
       1
       0
       0
       0
       0
       0
       0
       0
       0
       0
       1
       0
       0
       0
       0
       0
       0
       0
       0
       0
       1
       0
       0
       0
       0
       0
       0
       0
       0
       0
       0
       0
       0
       0
       0
       0
       0
       0
       0
       0
       0
       0
       1
       0
       0
       0
       0
       0
       0
       0
       0
       0
       1
       0
       1
       1
       0
       0
       0
       0
       0
       0
       0
       0
       0
       1
       0
       0
       0
       0
       0
       0
       0
       0
       0
       1
       1
       0
       0
       0
       0
       0
       0
       1
       0
       1
       0
       0
       0
       1
       0
       0
       0
       0
       0
       0
       0
       0
       1
       0
       0
       0
       0
       0
       0
       0
       0
       0
       0
       0
       0
       1
       0
       0
       0
       0
       0
       0
       0
       0
       0
       0
       0
       0
       0
       0
       0
       0
       0
       0
       0
       0
       0
       0
       0
       0
       0
       0
       0
       0
       0
       0
       0
       0
       0
       0
       0
       1
       0
       0
       0
       0
       0
       1
       0
       0
       1
       0
       0
       0
       0
       0
       0
       0
       0
       0
       0
       0
       0
       1
       0
       0
       0
       1
       0
       0
       0
       0
       0
       0
       0
       1
       0
       0
       0
       0
       0
       0
       0
       0
       0
       0
       0
       0
       1
       0
       0
       0
       0
       0
       0
       0
       0
       0
       1
       0
       0
       1
       0
       0
       0
       0
       0
       1
       0
       0
       0
       1
       0
       1
       0
       0
       0
       0
       0
       0
       0
       0
       1
       0
       1
       0
       0
       0
       0
       0
       1
       0
       0
       0
       0
       0
       0
       0
       0
       0
       0
       0
       0
       0
       0
       0
       0
       0
       0
       0
       0
       1
       0
       0
       0
       0
       0
       0
       0
       0
       0
       0
       0
       1
       0
       0
       0
       0
       0
       0
       0
       0
       0
       0
       0
       1
       0
       0
       1
       0
       0
       0
       0
       0
       1
       1
       0
       0
       0
       0
       0
       0
       0
       0
       1
       0
       0
       0
       0
       0
       0
       0
       0
       0
       0
       1
       0
       0
       0
       0
       0
       0
       0
       0
       0
       0
       0
       0
       0
       0
       0
       0
       0
       0
       0
       0
       0
       0
       1
       0
       1
       0
       0
       0
       0
       1
       0
       0
       0
       0
       0
       0
       0
       0
       0
       0
       0
       0
       0
       0
       0
       0
       0
       0
       0
       0
       0
       0
       1
       0
       0
       0
       1
       0
       0
       0
       0
       0
       0
       0
       0
       0
       0
       0
       0
       0
       0
       0
       0
       0
       0
       0
       0
       0
       0
       1
       0
       0
       0
       0
       0
       0
       0
       0
       0
       0
       0
       1
       0
       0
       0
       0
       0
       0
       1
       0
       0
       0
       0
       0
       0
       0
       0
       0
       0
       0
       0
       0
       0
       0
       0
       0
       0
       0
       1
       0
       0
       0
       0
       0
       0
       0
       0
       0
       0
       0
       0
       0
       0
       0
       1
       1
       0
       0
       1
       0
       0
       0
       0
       0
       0
       0
       1
       0
       0
       0
       0
       0
       0
       0
       0
       0
       1
       0
       0
       0
       0
       0
       0
       0
       0
       0
       0
       0
       1
       0
       0
       0
       0
       0
       0
       0
       0
       0
       1
       0
       0
       0
       0
       0
       0
       0
       2
       0
       0
       0
       1
       1
       0
       1
       0
       1
       0
       0
       2
       0
       0
       0
       0
       0
       0
       0
       1
       0
       0
       1
       1
       0
       0
       0
       0
       0
       0
       0
       0
       0
       0
       0
       0
       0
       0
       0
       0
       0
       0
       0
       0
       0
       1
       0
       0
       0
       2
       0
       0
       0
       0
       0
       0
       0
       0
       1
       0
       0
       0
       0
       0
       1
       0
       0
       0
       0
       0
       0
       0
       0
       0
       0
       0
       0
       0
       0
       0
       0
       0
       0
       0
       0
       0
       0
       0
       0
       0
       0
       1
       0
       1
       0
       0
       0
       0
       0
       0
       0
       0
       0
       0
       0
       0
       0
       0
       0
       0
       0
       0
       0
       0
       0
       0
       0
       0
       0
       1
       0
       0
       0
       0
       0
       0
       1
       0
       1
       0
       0
       0
       0
       0
       1
       0
       0
       0
       0
       0
       0
       0
       0
       0
       1
       2
       0
       0
       0
       1
       0
       0
       1
       0
       0
       0
       0
       0
       0
       0
       0
       0
       0
       0
       0
       0
       0
       0
       0
       0
       0
       0
       0
       1
       0
       0
       0
       0
       0
       0
       1
       0
       0
       0
       0
       0
       0
       0
       0
       1
       0
       1
       1
       0
       0
       0
       0
       0
       0
       0
       1
       0
       0
       0
       1
       0
       0
       1
       0
       0
       0
       0
       0
       2
       0
       0
       1
       1
       0
       0
       0
       0
       0
       1
       0
       0
       0
       0
       0
       0
       0
       0
       0
       0
       0
       0
       0
       1
       0
       0
       0
       0
       0
       0
       0
       0
       0
       0
       0
       0
       0
       0
       0
       0
       0
       0
       0
       0
       0
       0
       0
       0
       0
       0
       0
       0
       0
       0
       0
       0
       0
       0
       0
       0
       0
       0
       0
       0
       0
       0
       0
       0
       0
       0
       0
       0
       0
       0
       0
       0
       0
       2
       0
       0
       0
       0
       0
       0
       0
       0
       0
       0
       0
       0
       0
       0
       0
       0
       0
       0
       2
       0
       0
       0
       0
       0
       0
       1
       0
       0
       0
       0
       0
       0
       0
       0
       0
       0
       0
       0
       0
       0
       0
       0
       0
       1
       0
       0
       0
       0
       0
       0
       0
       0
       0
       0
       0
       0
       0
       0
       0
       1
       0
       0
       0
       0
       0
       0
       0
       0
       0
       2
       0
       0
       0
       0
       0
       0
       0
       0
       0
       0
       0
       0
       0
       0
       0
       2
       0
       0
       0
       0
       0
       0
       0
       1
       0
       0
       0
       0
       0
       0
       0
       0
       0
       0
       1
       0
       0
       0
       0
       0
       0
       0
       0
       0
       0
       0
       0
       0
       0
       0
       0
       0
       0
       0
       0
       0
       0
       0
       0
       0
       0
       0
       0
       1
       0
       0
       0
       0
       0
       0
       0
       0
       0
       0
       0
       0
       0
       0
       0
       0
       0
       0
       0
       0
       0
       0
       0
       0
       0
       0
       0
       0
       0
       0
       0
       0
       0
       0
       1
       1
       0
       0
       0
       0
       0
       0
       0
       0
       0
       0
       0
       0
       0
       0
       1
       0
       2
       0
       1
       0
       0
       0
       0
       0
       0
       0
       0
       0
       1
       0
       0
       1
       1
       0
       0
       0
       0
       0
       0
       0
       1
       0
       0
       0
       0
       0
       0
       0
       0
       0
       0
       0
       0
       0
       0
       0
       0
       0
       0
       0
       0
       0
       0
       1
       0
       1
       0
       0
       0
       0
       0
       0
       0
       1
       0
       0
       0
       0
       0
       0
       0
       0
       0
       0
       0
       0
       0
       0
       0
       0
       0
       0
       0
       0
       0
       0
       2
       0
       0
       0
       0
       0
       0
       0
       0
       1
       0
       1
       0
       1
       0
       0
       1
       0
       0
       0
       0
       0
       0
       0
       0
       0
       0
       0
       0
       0
       0
       0
       1
       0
       0
       0
       0
       0
       0
       0
       0
       0
       0
       0
       0
       0
       0
       0
       0
       0
       0
       0
       0
       0
       0
       0
       1
       0
       0
       0
       0
       0
       0
       0
       0
       0
       0
       0
       0
       0
       0
       0
       0
       0
       0
       0
       0
       0
       0
       0
       0
       0
       0
       0
       0
       0
       0
       0
       0
       0
       0
       0
       0
       1
       0
       0
       0
       0
       0
       0
       0
       0
       0
       0
       1
       0
       0
       0
       0
       0
       0
       0
       1
       0
       0
       0
       0
       0
       0
       0
       0
       0
       0
       0
       0
       0
       0
       0
       0
       0
       0
       0
       0
       0
       0
       0
       0
       0
       0
       0
       0
       0
       0
       0
       0
       0
       0
       1
       0
       0
       0
       0
       0
       0
       0
       0
       0
       1
       0
       0
       0
       0
       0
       0
       0
       0
       0
       1
       0
       0
       0
       0
       0
       0
       0
       0
       0
       0
       0
       0
       0
       0
       0
       0
       0
       0
       0
       0
       0
       0
       0
       0
       0
       0
       0
       0
       1
       0
       0
       0
       0
       0
       0
       0
       0
       0
       0
       0
       0
       0
       0
       0
       0
       0
       0
       0
       0
       0
       0
       0
       0
       0
       0
       0
       0
       0
       0
       0
       0
       0
       0
       0
       0
       0
       0
       0
       0
       0
       0
       0
       0
       0
       0
       0
       0
       0
       0
       0
       0
       0
       0
       0
       0
       0
       0
       0
       0
       0
       0
       0
       0
       1
       0
       0
       0
       0
       0
       0
       0
       0
       0
       0
       0
       0
       0
       0
       0
       0
       0
       0
       0
       0
       0
       0
       0
       0
       0
       0
       0
       0
       0
       0
       0
       0
       0
       0
       0
       0
       0
       0
       0
       0
       0
       0
       0
       0
       0
       0
       0
       0
       0
       0
       0
       0
       0
       0
       0
       0
       0
       0
       0
       0
       0
       0
       0
       0
       0
       0
       0
       1
       0
       0
       0
       0
       0
       2
       0
       0
       0
       0
       0
       0
       0
       0
       0
       0
       0
       0
       0
       0
       0
       0
       0
       0
       0
       0
       0
       0
       0
       0
       0
       0
       0
       1
       0
       0
       0
       0
       0
       0
       0
       0
       0
       0
       0
       0
       0
       0
       0
       0
       0
       0
       0
       0
       0
       0
       0
       0
       0
       0
       0
       0
       0
       0
       0
       0
       0
       0
       0
       0
       0
       0
       0
       0
       0
       0
       0
       0
       0
       0
       0
       0
       0
       0
       0
       0
       0
       0
       0
       0
       0
       0
       0
       0
       0
       0
       0
       0
       0
       0
       1
       1
       0
       0
       0
       0
       0
       0
       0
       0
       0
       0
       0
       0
       1
       1
       0
       1
       0
       1
       0
       2
       0
       3
       0
       0
       2
       0
       0
       0
       1
       0
       0
       1
       2
       0
       0
       0
       1
       0
       0
       0
       0
       0
       0
       0
       0
       0
       0
       0
       0
       0
       0
       0
       0
       0
       0
       0
       0
       0
       0
       0
       0
       0
       0
       0
       0
       0
       0
       0
       0
       0
       0
       0
       0
       0
       0
       0
       0
       0
       0
       0
       0
       0
       0
       0
       0
       0
       0
       0
       0
       0
       0
       0
       0
       0
       0
       0
       0
       0
       0
       0
       0
       0
       0
       0
       0
       0
       0
       0
       0
       0
       0
       0
       0
       0
       0
       0
       0
       0
       0
       0
       0
       0
       0
       0
       0
       0
       0
       0
       0
       0
       0
       0
       0
       0
       0
       0
       0
       0
       0
       0
       0
       0
       0
       0
       0
       0
       0
       0
       0
       0
       0
       0
       0
       0
       0
       0
       0
       0
       0
       0
       0
       0
       0
       0
       0
       0
       0
       0
       0
       0
       0
       0
       0
       0
       0
       0
       0
       0
       0
       0
       0
       0
       0
       0
       0
       0
       0
       0
       0
       0
       0
       0
       0
       0
       0
       0
       0
       0
       0
       0
       0
       0
       0
       0
       0
       0
       0
       0
       0
       0
       0
       0
       0
       0
       0
       0
       0
       0
       0
       0
       0
       0
       0
       0
       0
       0
       0
       0
       0
       0
       0
       0
       0
       0
       0
       0
       0
       0
       0
       0
       0
       0
       0
       0
       0
       0
       0
       0
       0
       0
       0
       0
       0
       0
       0
       0
       0
       0
       0
       0
       0
       1
       0
       0
       0
       0
       0
       0
       0
       0
       0
       0
       0
       0
       0
       0
       0
       0
       0
       0
       0
       0
       0
       0
       0
       0
       0
       0
       0
       0
       0
       0
       0
       0
       0
       0
       0
       0
       0
       0
       0
       0
       0
       1
       1
       0
       0
       0
       1
       1
       0
       1
       0
       0
       0
       0
       0
       0
       0
       0
       0
       0
       0
       0
       0
       0
       0
       0
       0
       0
       0
       0
       0
       0
       0
       0
       0
       0
       0
       0
       0
       0
       0
       0
       0
       0
       0
       0
       0
       0
       0
       0
       0
       0
       0
       0
       0
       0
       0
       0
       0
       0
       0
       0
       0
       0
       0
       0
       0
       0
       0
       0
       0
       0
       0
       0
       0
       0
       0
       0
       0
       0
       0
       0
       0
       0
       0
       0
       0
       0
       0
       0
       0
       0
       0
       0
       0
       0
       0
       0
       0
       0
       0
       0
       0
       0
       0
       0
       0
       0
       0
       0
       0
       0
       0
       0
       0
       0
       0
       0
       0
       0
       0
       0
       0
       0
       0
       1
       0
       0
       0
       0
       0
       0
       0
       0
       0
       0
       0
       0
       0
       0
       0
       0
       0
       0
       0
       0
       0
       0
       0
       0
       0
       0
       0
       0
       0
       0
       0
       0
       0
       0
       0
       0
       0
       0
       0
       0
       0
       0
       0
       0
       0
       0
       0
       0
       0
       0
       0
       0
       0
       0
       0
       0
       0
       0
       0
       1
       0
       0
       0
       0
       0
       0
       1
       1
       0
       0
       0
       0
       0
       0
       0
       0
       0
       0
       0
       0
       0
       0
       0
       0
       0
       0
       0
       0
       0
       0
       0
       0
       0
       0
       0
       0
       0
       0
       0
       0
       0
       0
       0
       0
       0
       0
       0
       0
       0
       0
       0
       0
       0
       0
       0
       0
       0
       0
       0
       0
       0
       0
       0
       0
       0
       0
       0
       0
       0
       1
       0
       0
       0
       0
       0
       0
       0
       0
       0
       0
       0
       0
       0
       0
       0
       0
       0
       1
       0
       0
       0
       0
       0
       0
       0
       0
       0
       0
       0
       0
       0
       0
       0
       0
       0
       0
       0
       0
       0
       0
       0
       0
       0
       0
       1
       0
       0
       0
       0
       0
       0
       1
       0
       0
       0
       0
       0
       0
       0
       0
       0
       0
       0
       0
       0
       0
       0
       0
       0
       0
       0
       0
       0
       0
       0
       0
       0
       0
       0
       0
       0
       0
       0
       0
       0
       0
       0
       0
       0
       0
       0
       0
       0
       1
       0
       0
       0
       0
       0
       0
       0
       0
       0
       0
       0
       0
       0
       0
       0
       0
       0
       0
       0
       0
       0
       0
       0
       0
       0
       0
       0
       0
       0
       0
       0
       0
       0
       0
       0
       0
       0
       0
       0
       0
       0
       0
       0
       0
       0
       0
       0
       0
       0
       0
       0
       0
       0
       0
       0
       0
       0
       0
       0
       0
       0
       0
       1
       0
       0
       0
       0
       0
       0
       0
       0
       0
       0
       0
       0
       0
       0
       0
       0
       1
       0
       0
       0
       0
       0
       0
       0
       0
       0
       0
       0
       0
       0
       0
       0
       0
       0
       0
       0
       0
       0
       0
       0
       0
       0
       0
       0
       0
       0
       0
       0
       0
       0
       0
       1
       0
       0
       1
       0
       0
       0
       0
       0
       0
       0
       0
       0
       0
       0
       0
       0
       0
       0
       0
       0
       0
       0
       0
       0
       0
       0
       0
       0
       0
       0
       0
       0
       0
       0
       0
       0
       0
       0
       0
       0
       0
       0
       0
       0
       0
       0
       0
       0
       0
       0
       0
       0
       0
       0
       0
       0
       0
       0
       0
       0
       0
       0
       0
       0
       0
       0
       0
       0
       0
       0
       0
       0
       0
       0
       0
       0
       1
       0
       0
       0
       0
       0
       0
       0
       0
       0
       0
       0
       0
       0
       0
       0
       0
       0
       0
       0
       0
       0
       0
       0
       0
       0
       1
       0
       0
       0
       0
       0
       0
       0
       0
       0
       0
       0
       0
       0
       0
       0
       0
       0
       1
       1
       0
       0
       0
       0
       0
       0
       0
       0
       0
       0
       0
       0
       0
       0
       0
       0
       0
       0
       0
       0
       0
       0
       0
       0
       0
       0
       0
       0
       0
       0
       0
       0
       0
       0
       0
       0
       1
       0
       0
       0
       0
       0
       0
       0
       0
       0
       0
       0
       0
       0
       0
       0
       0
       0
       0
       0
       0
       0
       0
       1
       0
       0
       0
       0
       0
       0
       0
       0
       0
       0
       0
       0
       0
       0
       0
       0
       0
       0
       0
       0
       0
       0
       0
       0
       0
       0
       1
       0
       0
       0
       0
       0
       0
       0
       0
       0
       0
       0
       0
       0
       0
       0
       0
       0
       0
       0
       0
       0
       0
       0
       0
       0
       0
       0
       0
       0
       0
       0
       0
       0
       0
       0
       0
       0
       0
       0
       0
       1
       0
       0
       0
       0
       0
       0
       0
       0
       0
       0
       0
       0
       0
       0
       0
       0
       0
       0
       0
       0
       0
       0
       0
       0
       0
       0
       0
       0
       0
       0
       0
       0
       0
       0
       0
       0
       0
       0
       0
       0
       0
       0
       0
       0
       0
       0
       1
       0
       0
       0
       0
       0
       0
       0
       0
       0
       0
       0
       0
       0
       0
       0
       0
       0
       0
       0
       0
       0
       0
       0
       0
       0
       0
       0
       0
       1
       0
       0
       0
       0
       0
       0
       0
       1
       0
       0
       0
       0
       0
       0
       0
       0
       0
       0
       0
       0
       0
       0
       0
       0
       0
       0
       0
       1
       0
       0
       0
       0
       0
       0
       0
       0
       0
       0
       0
       0
       0
       0
       0
       0
       0
       1
       0
       0
       0
       0
       0
       0
       0
       0
       0
       0
       0
       0
       0
       0
       0
       0
       0
       0
       0
       0
       0
       0
       0
       0
       0
       0
       0
       0
       0
       0
       0
       0
       0
       0
       0
       0
       0
       0
       0
       0
       0
       0
       0
       0
       0
       0
       0
       0
       0
       0
       0
       0
       0
       0
       0
       0
       0
       0
       0
       0
       0
       0
       0
       0
       0
       0
       0
       0
       0
       0
       0
       1
       0
       0
       0
       1
       0
       0
       0
       0
       0
       0
       0
       0
       0
       0
       0
       0
       0
       0
       0
       0
       0
       0
       0
       0
       0
       0
       0
       0
       0
       0
       0
       0
       0
       0
       0
       0
       0
       0
       0
       0
       0
       0
       0
       0
       0
       0
       0
       0
       0
       0
       0
       0
       0
       0
       0
       0
       0
       0
       0
       0
       0
       0
       0
       0
       0
       0
       0
       0
       0
       0
       0
       0
       0
       0
       0
       0
       0
       0
       0
       0
       0
       0
       0
       0
       0
       0
       0
       0
       0
       0
       0
       0
       0
       0
       0
       0
       0
       0
       0
       0
       0
       0
       0
       0
       0
       0
       0
       0
       0
       0
       0
       0
       0
       0
       0
       0
       0
       0
       0
       0
       0
       0
       0
       0
       0
       0
       0
       0
       0
       0
       0
       0
       0
       0
       0
       0
       0
       0
       0
       0
       0
       0
       0
       0
       0
       0
       0
       0
       0
       0
       0
       0
       0
       0
       0
       0
       0
       0
       0
       0
       0
       0
       0
       0
       0
       0
       0
       0
       0
       0
       0
       0
       0
       0
       1
       0
       0
       0
       0
       0
       0
       0
       0
       0
       0
       0
       0
       0
       0
       0
       0
       0
       0
       0
       0
       0
       0
       0
       0
       0
       0
       0
       0
       0
       0
       0
       0
       0
       0
       0
       0
       0
       0
       0
       0
       0
       0
       0
       0
       0
       0
       0
       0
       0
       0
       0
       0
       0
       0
       0
       0
       0
       0
       0
       0
       0
       0
       0
       0
       0
       0
       0
       0
       0
       0
       0
       0
       0
       0
       0
       0
       0
       0
       0
       0
       0
       0
       0
       0
       0
       0
       0
       0
       0
       0
       0
       0
       0
       0
       0
       0
       0
       0
       0
       1
       0
       0
       0
       0
       0
       0
       0
       0
       0
       0
       0
       0
       0
       0
       0
       0
       0
       0
       0
       1
       0
       0
       0
       0
       0
       0
       0
       0
       0
       0
       0
       0
       0
       0
       0
       0
       0
       0
       0
       0
       0
       0
       0
       0
       0
       0
       0
       0
       0
       0
       0
       0
       0
       0
       0
       0
       0
       0
       0
       0
       0
       0
       0
       0
       0
       0
       0
       0
       0
       0
       0
       0
       0
       0
       0
       0
       0
       0
       0
       0
       0
       0
       1
       0
       0
       0
       0
       0
       0
       0
       0
       0
       0
       0
       0
       0
       0
       0
       0
       0
       0
       0
       0
       0
       0
       0
       0
       1
       0
       0
       0
       0
       1
       0
       0
       0
       0
       0
       0
       0
       0
       0
       0
       0
       0
       0
       0
       0
       0
       0
       0
       0
       0
       0
       0
       0
       0
       0
       0
       0
       0
       0
       0
       0
       0
       0
       0
       0
       0
       1
       0
       0
       0
       0
       0
       0
       0
       0
       1
       0
       0
       0
       0
       0
       0
       0
       0
       0
       0
       0
       0
       0
       0
       0
       0
       0
       0
       1
       0
       0
       0
       0
       0
       0
       0
       0
       0
       0
       0
       0
       0
       0
       0
       0
       0
       0
       0
       0
       0
       0
       0
       0
       0
       0
       0
       0
       0
       0
       0
       0
       0
       1
       0
       0
       0
       0
       0
       0
       0
       0
       0
       0
       0
       0
       0
       0
       0
       0
       0
       0
       0
       0
       0
       0
       0
       0
       0
       0
       0
       0
       0
       0
       0
       0
       0
       0
       0
       0
       0
       0
       0
       0
       0
       0
       0
       0
       0
       0
       0
       0
       0
       0
       0
       0
       0
       0
       0
       0
       0
       0
       0
       0
       0
       0
       0
       0
       0
       0
       0
       0
       0
       0
       0
       0
       0
       0
       0
       0
       0
       0
       0
       0
       0
       0
       0
       0
       0
       0
       0
       0
       0
       0
       0
       0
       0
       0
       0
       0
       0
       0
       0
       0
       0
       0
       0
       0
       0
       0
       0
       0
       0
       0
       0
       0
       0
       0
       0
       0
       0
       0
       0
       0
       0
       0
       0
       0
       0
       0
       0
       0
       0
       0
       0
       0
       0
       0
       0
       0
       0
       0
       0
       0
       0
       0
       0
       0
       0
       0
       0
       0
       0
       0
       0
       0
       0
       0
       0
       0
       0
       0
       0
       0
       0
       0
       0
       0
       0
       0
       0
       0
       0
       0
       0
       0
       0
       0
       0
       0
       0
       0
       0
       0
       0
       0
       0
       0
       0
       0
       0
       0
       0
       0
       0
       0
       0
       0
       0
       0
       0
       0
       0
       0
       0
       0
       0
       0
       0
       0
       0
       0
       0
       0
$ROI:
1
2091 2111
$PRESETS:
None
0
0
$ENER_FIT:
-1.219174 0.397592
$MCA_CAL:
3
-1.219174E+000 3.975921E-001 0.000000E+000 keV
$SHAPE_CAL:
3
4.121404E+000 1.710029E-003 0.000000E+000
