$SPEC_ID:
Pulser
$SPEC_REM:
DET# 2
DETDESC# DETECTOR 2
AP# GammaVision Version 7.01.03
$DATE_MEA:
03/26/2017 11:55:47
$MEAS_TIM:
881 925
$DATA:
0 8191
       0
       0
       0
       0
       0
       0
       0
       0
       0
       0
       0
       0
       0
       0
       0
       0
       0
       0
       0
       0
       0
       0
       0
     180
    5539
    5117
    3144
    2733
    2590
    2483
    2513
    2610
    2614
    2546
    2740
    2754
    2760
    2708
    2796
    2936
    2672
    2842
    2749
    2804
    2816
    2889
    3098
    3050
    3067
    3123
    3124
    3353
    3460
    3802
    4417
    5167
    5517
    4963
    4199
    3658
    3688
    3859
    3813
    3445
    3541
    3730
    4061
    4415
    4809
    5063
    5488
    6416
    7538
    8846
    8993
    8993
    8845
    9558
   14785
   28435
   49735
   61239
   50333
   28208
   12049
    5984
    4478
    4191
    4402
    5448
    9034
   14102
   16622
   14451
   10234
    6987
    4295
    3203
    2923
    2815
    2739
    2693
    2749
    2686
    2694
    2775
    2721
    2827
    2765
    2726
    2697
    2725
    2813
    2665
    2775
    2737
    2747
    2831
    2765
    2732
    2769
    2751
    2758
    2733
    2737
    2747
    2868
    2814
    2819
    2846
    2829
    2811
    2864
    2849
    2818
    2830
    2938
    2791
    2972
    2831
    2907
    2862
    2947
    2908
    2978
    2909
    2973
    2921
    3034
    3131
    2990
    3186
    3158
    3125
    3049
    3117
    3153
    3181
    3034
    3127
    3199
    3038
    3126
    3145
    3168
    3177
    3143
    3160
    3173
    3155
    3229
    3200
    3160
    3262
    3246
    3108
    3263
    3285
    3213
    3363
    3457
    4028
    5395
    7093
    7759
    6545
    5411
    6079
    8779
   11117
   10221
    7042
    4484
    3272
    2944
    2906
    2959
    2892
    2896
    2904
    2961
    2942
    2906
    2977
    2971
    2843
    2897
    2941
    2900
    2983
    3122
    3493
    4370
    5745
    6268
    5727
    4409
    3488
    3438
    3499
    3834
    3853
    3439
    3112
    2903
    2778
    2690
    2713
    2703
    2813
    2708
    2828
    2815
    2841
    2654
    2738
    2724
    2672
    2761
    2676
    2604
    2752
    2810
    2658
    2780
    2729
    2768
    2709
    2762
    2709
    2691
    2632
    2663
    2731
    2718
    2773
    2791
    2703
    2653
    2742
    2721
    2712
    2717
    2704
    2723
    2746
    2697
    2736
    2737
    2697
    2620
    2739
    2722
    2749
    2783
    2734
    2649
    2845
    2704
    2813
    2685
    2756
    2910
    2749
    2794
    2876
    2873
    2858
    2889
    2966
    2912
    2960
    3005
    2816
    2896
    2879
    2905
    2907
    2903
    2917
    2890
    2990
    2971
    3005
    2933
    2886
    2852
    3056
    2940
    2927
    2950
    2978
    2951
    2904
    2874
    3054
    2922
    3004
    2915
    2922
    2967
    2986
    2947
    3028
    2904
    2931
    2951
    2917
    3008
    2865
    3056
    2940
    3028
    3020
    2940
    2935
    2907
    2918
    2977
    2820
    2985
    2886
    2868
    2932
    2938
    2899
    3018
    2975
    2970
    3021
    2890
    2992
    2883
    2907
    2870
    3010
    2954
    2995
    2870
    2907
    2908
    3011
    2998
    2958
    2877
    3028
    2989
    2917
    2962
    2965
    2984
    2822
    2877
    2889
    2933
    2947
    2931
    2951
    2904
    2916
    3019
    2929
    2880
    2913
    2968
    2982
    3031
    2941
    3011
    2904
    2899
    2946
    2858
    2889
    2854
    2964
    2995
    3015
    2931
    2960
    2916
    2978
    3016
    3004
    2943
    2940
    2940
    2949
    2905
    3054
    2993
    2959
    3050
    2826
    3023
    3002
    3047
    2908
    2888
    3007
    3044
    2926
    3063
    3006
    3021
    2984
    3064
    2967
    2979
    3067
    2954
    2939
    2996
    3123
    3130
    3069
    3024
    2975
    3043
    3028
    2966
    3035
    3097
    3102
    3073
    3112
    3071
    3056
    3138
    3206
    3107
    3191
    3087
    3179
    3219
    3156
    3256
    3335
    3293
    3425
    3429
    3538
    3565
    3709
    3817
    3893
    3939
    4203
    4174
    4224
    4413
    4548
    4529
    4515
    4777
    4643
    4797
    4973
    4752
    4890
    4943
    4762
    5033
    4828
    4899
    4983
    4864
    4837
    4981
    4876
    4695
    4774
    4693
    4778
    4702
    4711
    4735
    4771
    4702
    4660
    4420
    4524
    4624
    4632
    4516
    4503
    4502
    4431
    4521
    4337
    4383
    4408
    4285
    4405
    4451
    4262
    4322
    4308
    4301
    4316
    4263
    4218
    4225
    4098
    4115
    4156
    4155
    4059
    4163
    4118
    4034
    4109
    4080
    4020
    4033
    3990
    4017
    3871
    3834
    3932
    3882
    3943
    3789
    3867
    3856
    3908
    3921
    3827
    3827
    3835
    3717
    3782
    3823
    3791
    3685
    3807
    3734
    3735
    3784
    3548
    3684
    3636
    3783
    3607
    3513
    3566
    3418
    3543
    3623
    3607
    3623
    3462
    3602
    3539
    3463
    3397
    3449
    3472
    3455
    3403
    3515
    3399
    3450
    3445
    3385
    3383
    3147
    3350
    3359
    3247
    3321
    3349
    3320
    3312
    3254
    3291
    3271
    3093
    3241
    3267
    3191
    3246
    3264
    3329
    3209
    3232
    3173
    3156
    3183
    3201
    3202
    3189
    3125
    3214
    3086
    3108
    3134
    3101
    3192
    3144
    3060
    3128
    3071
    3081
    3027
    3023
    3121
    3132
    2983
    2986
    3068
    3009
    3036
    2996
    3045
    2991
    2988
    3079
    3064
    3038
    3001
    2994
    3028
    2986
    2982
    2952
    3033
    2927
    2974
    3043
    2950
    3007
    2946
    2993
    2977
    2963
    2941
    2899
    2925
    2974
    2989
    3050
    2946
    2928
    2990
    2879
    2954
    2944
    2926
    2836
    2866
    2896
    2938
    2888
    2839
    2822
    2825
    2881
    2907
    2852
    2861
    2835
    2878
    2826
    2855
    2865
    2883
    2887
    2794
    2787
    2793
    2742
    2825
    2869
    2890
    2760
    2823
    2815
    2834
    2853
    2867
    2856
    2830
    2781
    2805
    2719
    2720
    2790
    2856
    2772
    2793
    2814
    2720
    2839
    2796
    2706
    2811
    2783
    2866
    2708
    2819
    2877
    2794
    2792
    2696
    2751
    2707
    2831
    2741
    2780
    2663
    2810
    2665
    2833
    2780
    2800
    2726
    2703
    2815
    2688
    2749
    2720
    2745
    2725
    2637
    2850
    2702
    2719
    2717
    2702
    2763
    2738
    2749
    2681
    2845
    2724
    2766
    2657
    2814
    2713
    2713
    2830
    2725
    2790
    2751
    2674
    2694
    2674
    2822
    2755
    2732
    2634
    2719
    2793
    2772
    2794
    2768
    2748
    2734
    2720
    2641
    2784
    2783
    2785
    2796
    2759
    2734
    2803
    2683
    2553
    2753
    2696
    2745
    2772
    2760
    2762
    2763
    2641
    2632
    2708
    2758
    2796
    2716
    2709
    2658
    2785
    2797
    2810
    2703
    2705
    2777
    2756
    2840
    2760
    2705
    2777
    2766
    2620
    2652
    2743
    2710
    2706
    2757
    2695
    2767
    2666
    2761
    2830
    2761
    2754
    2679
    2818
    2729
    2766
    2783
    2699
    2805
    2718
    2776
    2836
    2814
    2812
    2756
    2807
    2781
    2740
    2753
    2699
    2781
    2692
    2843
    2755
    2644
    2795
    2867
    2771
    2795
    2696
    2787
    2839
    2813
    2734
    2807
    2779
    2755
    2783
    2676
    2756
    2735
    2769
    2893
    2685
    2840
    2808
    2875
    2774
    2791
    2761
    2809
    2746
    2878
    2765
    2807
    2745
    2883
    2779
    2739
    2784
    2792
    2866
    2884
    2887
    2843
    2756
    2769
    2861
    2815
    2888
    2933
    2921
    2911
    2862
    2887
    2796
    2788
    2876
    2937
    2823
    2827
    2903
    2848
    2863
    2839
    2846
    2840
    2883
    2841
    2817
    2871
    2832
    2790
    2843
    2949
    2879
    2894
    2900
    2920
    2846
    2990
    2831
    2949
    2907
    2875
    2821
    2932
    3042
    2950
    2862
    3035
    2963
    2994
    2942
    2988
    2905
    2914
    2930
    2945
    3102
    2912
    2966
    2981
    3005
    2989
    2915
    3063
    3042
    2910
    2994
    2929
    3033
    3045
    3035
    2960
    3019
    2915
    2943
    3067
    2948
    2934
    3001
    3022
    3087
    2962
    3080
    3046
    2964
    2926
    3102
    3035
    3080
    3114
    3071
    3134
    3000
    3166
    3141
    3108
    3076
    3011
    3110
    3166
    3130
    3173
    3195
    3144
    3078
    3082
    3128
    3222
    3192
    3105
    3108
    3100
    3243
    3145
    3136
    3126
    3187
    3174
    3095
    3204
    3172
    3170
    3172
    3286
    3275
    3141
    3180
    3281
    3194
    3302
    3228
    3223
    3350
    3267
    3222
    3265
    3402
    3292
    3274
    3272
    3341
    3450
    3351
    3344
    3327
    3377
    3309
    3349
    3326
    3387
    3410
    3405
    3352
    3371
    3401
    3320
    3450
    3424
    3413
    3418
    3469
    3395
    3435
    3447
    3596
    3452
    3426
    3461
    3491
    3470
    3549
    3408
    3573
    3441
    3415
    3565
    3605
    3539
    3410
    3560
    3548
    3631
    3599
    3568
    3599
    3562
    3657
    3588
    3519
    3748
    3633
    3581
    3647
    3715
    3531
    3727
    3659
    3712
    3684
    3800
    3608
    3683
    3707
    3676
    3622
    3840
    3755
    3752
    3673
    3830
    3751
    3667
    3771
    3758
    3847
    3880
    3840
    3740
    3720
    3778
    3978
    3884
    3890
    3936
    3909
    3859
    3938
    3988
    3973
    3910
    3968
    3976
    4040
    3915
    4003
    3941
    3939
    3938
    4085
    4009
    4056
    4014
    4218
    4077
    4144
    4131
    4033
    4025
    3906
    4082
    4137
    4136
    4230
    4108
    4087
    4178
    4122
    4195
    4179
    4224
    4151
    4238
    4239
    4238
    4212
    4173
    4268
    4274
    4238
    4263
    4225
    4131
    4370
    4306
    4318
    4374
    4319
    4384
    4321
    4478
    4348
    4285
    4419
    4393
    4391
    4328
    4333
    4283
    4343
    4491
    4316
    4315
    4243
    4494
    4276
    4285
    4268
    4210
    4251
    4331
    4184
    4252
    4075
    4085
    4094
    3928
    3863
    3874
    3729
    3732
    3494
    3508
    3443
    3315
    3247
    3205
    3086
    2995
    2993
    2965
    2872
    2826
    2799
    2711
    2624
    2639
    2566
    2664
    2514
    2528
    2526
    2415
    2447
    2436
    2489
    2356
    2401
    2373
    2367
    2307
    2358
    2275
    2308
    2238
    2237
    2126
    2165
    2258
    2174
    2220
    2123
    2133
    2161
    2065
    2082
    2119
    2120
    2104
    2074
    2104
    2010
    2018
    2014
    1941
    2024
    2076
    2036
    1901
    2015
    1908
    1876
    1924
    1891
    1891
    1861
    1893
    1996
    1813
    1766
    1879
    1811
    1800
    1798
    1820
    1769
    1883
    1811
    1812
    1722
    1762
    1767
    1730
    1708
    1794
    1721
    1712
    1678
    1702
    1720
    1700
    1686
    1645
    1644
    1564
    1587
    1623
    1581
    1652
    1561
    1560
    1588
    1599
    1537
    1594
    1579
    1526
    1525
    1500
    1493
    1446
    1459
    1486
    1435
    1460
    1425
    1379
    1430
    1415
    1426
    1406
    1436
    1398
    1419
    1345
    1352
    1339
    1360
    1377
    1322
    1384
    1327
    1334
    1331
    1351
    1239
    1252
    1305
    1300
    1237
    1206
    1216
    1211
    1203
    1106
    1218
    1208
    1204
    1164
    1147
    1098
    1123
    1085
    1026
    1132
    1093
    1117
    1056
    1054
    1082
     962
    1030
    1039
    1047
    1039
     972
     965
     983
     950
     967
     975
     923
     938
     927
     896
     867
     870
     885
     809
     859
     820
     880
     842
     823
     791
     805
     809
     785
     785
     799
     734
     808
     791
     771
     750
     724
     686
     708
     696
     721
     722
     659
     721
     659
     661
     654
     672
     689
     637
     637
     650
     662
     650
     600
     668
     628
     612
     616
     634
     643
     635
     586
     552
     591
     586
     588
     571
     556
     603
     609
     596
     547
     534
     576
     582
     546
     544
     586
     525
     502
     490
     541
     555
     511
     518
     509
     506
     524
     555
     504
     494
     521
     533
     511
     513
     489
     462
     495
     514
     523
     502
     520
     499
     520
     462
     474
     467
     459
     459
     470
     450
     477
     487
     447
     439
     414
     480
     481
     448
     460
     442
     430
     410
     426
     458
     436
     430
     472
     411
     483
     458
     461
     412
     458
     452
     421
     474
     442
     430
     383
     459
     446
     432
     437
     430
     457
     455
     463
     438
     436
     420
     431
     461
     431
     446
     403
     448
     434
     402
     414
     432
     396
     429
     440
     394
     396
     395
     441
     429
     435
     426
     414
     435
     436
     392
     429
     421
     399
     430
     426
     389
     432
     393
     389
     397
     406
     439
     434
     407
     422
     425
     460
     404
     473
     428
     383
     421
     439
     396
     402
     412
     426
     434
     399
     381
     399
     398
     415
     387
     350
     431
     406
     440
     453
     414
     440
     420
     411
     394
     429
     438
     416
     419
     393
     376
     435
     437
     437
     379
     410
     400
     418
     402
     402
     367
     364
     397
     420
     426
     371
     407
     403
     384
     444
     395
     440
     372
     390
     395
     416
     423
     424
     425
     415
     419
     413
     405
     423
     379
     371
     396
     393
     423
     401
     452
     456
     441
     434
     464
     478
     463
     472
     493
     454
     478
     506
     489
     499
     515
     478
     549
     448
     444
     471
     496
     496
     508
     499
     499
     473
     515
     540
     597
     701
     992
    1561
    2747
    5335
    9697
   16486
   26333
   41126
   62427
   91960
  125641
  158085
  178633
  182113
  168547
  138941
   99821
   63136
   35648
   18721
    9094
    4153
    1736
     760
     403
     303
     288
     256
     273
     236
     227
     261
     215
     232
     212
     198
     195
     199
     179
     169
     187
     181
     153
     180
     179
     158
     178
     160
     181
     163
     172
     186
     152
     178
     161
     169
     141
     138
     160
     140
     139
     137
     149
     139
     167
     140
     137
     153
     163
     142
     140
     126
     126
     127
     151
     140
     154
     138
     160
     131
     119
     135
     133
     115
     133
     126
     121
     128
     139
     133
     147
     131
     143
     131
     124
     117
     120
     128
      96
      95
     101
      97
     111
     109
      93
     104
     110
     104
      97
     106
      88
      76
     115
     105
      91
      71
      99
      82
      99
      96
      85
      84
      98
      87
     100
      88
     104
     111
      90
      93
      84
      93
      93
      92
      77
     107
      82
      99
      93
     101
      91
      75
      99
      71
     102
      76
      85
      97
      83
      82
      87
      95
      91
     103
      99
      78
      84
      73
      97
      86
      69
      84
      86
      74
      70
      75
      90
      78
      78
      91
      97
      80
      75
      78
      83
      74
      73
      80
      69
      89
      95
      84
      76
      90
      81
      68
      83
      68
      80
      80
      83
      98
      85
      66
     104
      86
      79
      91
      99
      94
      68
      82
      74
      79
      77
      81
      60
      87
      71
      79
      70
      73
      82
      67
      73
      76
      84
      86
      77
      61
      59
      67
      74
      70
      83
      79
      76
      77
      78
      65
      62
      61
      80
      71
      85
      68
      64
      75
      91
      63
      70
      83
      68
      71
      85
      78
      78
      65
      63
      62
      64
      91
      60
      69
      74
      64
      78
      76
      57
      73
      97
      67
      65
      56
      73
      67
      84
      74
      65
      62
      67
      72
      57
      83
      66
      77
      83
      68
      68
      70
      76
      69
      68
      64
      72
      74
      69
      84
      71
      75
      65
      69
      61
      89
      73
      66
      68
      77
      75
      69
      70
      99
      68
      83
      63
      74
      74
      64
      71
      73
      80
      69
      85
      79
      75
      88
      70
      61
      71
      70
      77
      72
      76
      60
      69
      57
      92
      79
      55
      64
      74
      53
      54
      65
      72
      68
      60
      62
      64
      74
      82
      57
      71
      69
      74
      69
      70
      69
      69
      76
      69
      69
      60
      87
      81
      74
      69
      69
      68
      76
      76
      65
      79
      70
      73
      73
      56
      64
      60
      72
      82
      69
      72
      57
      66
      63
      83
      71
      72
      81
      62
      75
      77
      78
      68
      58
      62
      75
      66
      81
      76
      74
      46
      83
      59
      80
      66
      97
      69
      54
      56
      74
      72
      58
      64
      68
      64
      67
      62
      46
      75
      67
      74
      66
      70
      73
      67
      77
      77
      69
      60
      69
      56
      70
      61
      79
      69
      67
      65
      71
      56
      66
      64
      66
      69
      67
      50
      51
      87
      72
      57
      64
      71
      59
      57
      72
      69
      80
      64
      67
      51
      70
      85
      71
      65
      78
      60
      68
      59
      76
      65
      66
      68
      54
      68
      60
      66
      70
      55
      64
      68
      66
      58
      69
      80
      74
      61
      72
      58
      70
      66
      73
      71
      76
      54
      61
      74
      82
      49
      59
      80
      67
      76
      74
      68
      70
      83
      56
      73
      80
      78
      65
      65
      62
      83
      72
      64
      75
      58
      76
      55
      78
      56
      50
      71
      55
      64
      55
      64
      65
      60
      64
      64
      64
      90
      69
      62
      73
      73
      45
      72
      67
      78
      74
      62
      57
      68
      68
      81
      65
      65
      67
      63
      54
      62
      60
      76
      52
      62
      66
      62
      67
      58
      70
      57
      69
      53
      61
      73
      59
      62
      61
      81
      59
      68
      68
      55
      72
      67
      53
      53
      76
      66
      64
      68
      68
      84
      74
      69
      66
      60
      73
      55
      70
      69
      73
      73
      51
      69
      66
      74
      60
      68
      69
      70
      68
      69
      58
      73
      60
      65
      60
      57
      72
      90
      71
      62
      77
      65
      67
      66
      81
      52
      67
      59
      93
      64
      58
      56
      72
      65
      62
      62
      69
      73
      70
      76
      78
      74
      65
      72
      80
      63
      59
      64
      64
      52
      67
      84
      64
      64
      66
      67
      55
      70
      76
      69
      69
      76
      62
      52
      67
      65
      98
      59
      74
      59
      66
      76
      74
      71
      71
      65
      59
      57
      71
      60
      79
      57
      53
      76
      65
      68
      72
      57
      55
      67
      62
      70
      59
      50
      62
      75
      77
      73
      62
      74
      81
      60
      61
      62
      68
      85
      67
      75
      57
      76
      66
      69
      78
      65
      67
      82
      73
      67
      76
      74
      81
      81
      56
      65
      71
      74
      76
      68
      79
      74
      74
      66
      79
      77
      76
      76
      73
      78
      70
      79
      79
      75
      57
      79
      81
      66
      76
      54
      72
      68
      74
      68
      71
      69
      78
      57
      74
      67
      81
      76
      75
      70
      88
      77
      80
      72
      64
      68
      69
      48
      69
      81
      62
      74
      78
      66
      67
      72
      60
      69
      71
      79
      47
      61
      52
      61
      55
      62
      51
      72
      58
      55
      63
      59
      55
      63
      54
      67
      74
      53
      57
      75
      71
      55
      61
      49
      49
      53
      53
      69
      50
      46
      47
      73
      47
      50
      56
      55
      51
      53
      52
      47
      66
      61
      62
      56
      43
      35
      58
      62
      35
      66
      56
      69
      63
      61
      51
      51
      49
      47
      62
      53
      47
      65
      50
      52
      58
      48
      43
      54
      48
      56
      59
      53
      48
      56
      62
      60
      51
      51
      52
      57
      43
      62
      53
      59
      45
      56
      58
      41
      44
      66
      45
      57
      61
      59
      56
      56
      63
      44
      56
      62
      48
      52
      52
      59
      44
      53
      38
      55
      48
      53
      51
      62
      55
      45
      43
      62
      36
      51
      58
      40
      58
      45
      48
      44
      49
      52
      53
      59
      54
      40
      49
      35
      56
      57
      46
      44
      48
      46
      29
      55
      41
      41
      51
      49
      57
      52
      57
      51
      54
      43
      50
      45
      48
      55
      35
      51
      50
      52
      54
      47
      57
      49
      39
      57
      49
      50
      44
      46
      38
      38
      50
      48
      60
      52
      46
      47
      53
      65
      36
      45
      44
      57
      52
      48
      38
      49
      50
      54
      42
      42
      51
      47
      66
      53
      36
      43
      35
      48
      46
      40
      51
      58
      46
      51
      61
      55
      52
      44
      42
      43
      34
      52
      38
      36
      51
      50
      45
      41
      32
      49
      46
      49
      38
      45
      49
      56
      37
      40
      44
      38
      38
      61
      43
      54
      36
      42
      54
      52
      47
      49
      51
      37
      47
      45
      43
      40
      49
      39
      51
      48
      46
      50
      40
      53
      44
      43
      56
      46
      49
      44
      31
      39
      44
      41
      40
      54
      40
      45
      52
      37
      48
      53
      48
      56
      47
      32
      38
      43
      39
      46
      50
      39
      38
      53
      54
      42
      42
      48
      37
      37
      60
      44
      37
      39
      51
      47
      44
      47
      39
      47
      40
      45
      50
      41
      44
      48
      44
      53
      47
      50
      45
      37
      58
      49
      47
      48
      56
      46
      44
      45
      52
      46
      53
      45
      38
      42
      44
      41
      44
      49
      45
      51
      39
      34
      35
      44
      41
      49
      50
      52
      50
      47
      52
      41
      39
      46
      60
      54
      43
      49
      39
      46
      53
      31
      45
      45
      43
      32
      40
      46
      45
      38
      38
      39
      47
      46
      54
      58
      35
      64
      34
      38
      55
      46
      50
      50
      47
      44
      48
      49
      50
      33
      45
      53
      49
      47
      45
      37
      49
      37
      41
      34
      42
      31
      42
      39
      29
      27
      27
      29
      38
      29
      32
      28
      36
      24
      39
      37
      35
      45
      46
      38
      39
      38
      36
      25
      39
      26
      30
      31
      33
      27
      25
      28
      30
      41
      36
      22
      36
      33
      27
      33
      38
      30
      29
      33
      33
      32
      27
      22
      25
      21
      23
      37
      23
      28
      33
      28
      19
      29
      28
      27
      28
      31
      28
      24
      18
      29
      24
      26
      23
      19
      20
      21
      13
      25
      30
      34
      23
      24
      29
      26
      19
      27
      22
      20
      40
      27
      21
      27
      30
      16
      27
      32
      30
      28
      21
      21
      18
      23
      18
      19
      32
      30
      22
      27
      32
      22
      23
      29
      26
      32
      18
      24
      17
      28
      23
      31
      29
      29
      27
      28
      32
      24
      25
      39
      50
      47
      86
      90
     135
     143
     202
     235
     292
     413
     535
     672
     761
     869
     953
    1088
    1040
    1014
     955
     895
     715
     521
     354
     220
     154
     103
      73
      64
      44
      29
      26
      19
      13
      22
      25
      19
      18
      18
      25
      18
      16
      21
      13
      18
      27
      23
      18
      14
      24
      14
      24
      16
      18
      14
      17
      20
      12
      14
      17
      19
      12
      12
      25
      16
      18
      20
      28
      13
      25
      20
      14
      17
      14
      17
      12
      14
      15
      15
      14
      19
       8
      22
      11
       7
      14
      12
      11
      15
      17
      12
      16
      14
      14
      13
      15
       9
      12
      17
      15
      18
      11
      15
      10
      19
      24
       9
      10
      12
      12
      20
      11
      11
      13
       5
      11
      17
      13
      13
      16
       9
       9
      17
      11
      15
      15
       9
      13
      16
       9
      12
       8
       8
      16
      15
       8
       7
      10
      14
      11
       8
      10
      15
       6
      16
      12
       9
      11
      11
       8
       4
      13
       9
      16
      10
      14
       9
      12
      12
      10
       8
      10
       3
      10
       6
       8
       9
      10
      13
       9
       8
      10
      12
       9
       9
       9
       8
      10
       9
       7
       3
       9
      11
       7
       5
      12
      10
       7
      11
      10
       5
      13
       2
       3
      14
      12
       9
       8
       7
       8
       9
       9
       6
       9
       6
       8
      11
       9
       7
       7
       6
      15
       8
       8
       6
       7
       6
      15
       3
       9
      10
      11
       7
      11
       7
      12
       4
       7
       8
      11
       6
      11
      12
       7
       6
      12
       5
       6
       5
       7
       7
       8
       6
       9
      12
      11
       8
       9
       5
      12
       8
       9
       9
      10
       4
      12
       7
       8
       7
       6
       7
       9
       6
       7
      10
       4
       9
       8
       7
       9
       7
       6
       9
       9
       8
       9
      13
       3
      11
       6
      12
      10
       9
      10
      10
       7
       8
       7
       6
      10
       6
      11
      10
       8
       6
      10
       8
       8
      12
       6
       7
       7
      10
      12
       7
       6
      10
       6
      14
       9
      10
      13
       7
      12
       9
      10
       8
       4
       9
      12
      13
      11
       9
      10
       9
      18
       9
       8
       7
      11
       9
       9
      11
      11
       6
      14
      12
      10
       6
      10
       9
      12
       7
       8
      10
       8
      14
      15
      11
      13
       9
       4
      14
      14
       6
       8
       6
      16
      13
      11
      13
      14
      23
      13
      12
      15
      12
      10
      17
      10
      22
      14
       8
      19
      20
      23
      10
      21
      19
      26
      26
      21
      24
      19
      20
      21
      31
      24
      29
      32
      37
      28
      19
      24
      24
      25
      23
      16
      23
      20
      31
      27
      46
      69
      69
     107
     108
     141
     180
     213
     306
     373
     487
     583
     639
     704
     720
     777
     749
     817
     799
     734
     654
     496
     346
     237
     151
     112
      67
      64
      25
      21
      12
      11
       6
       1
       3
       3
       3
       3
       1
       5
       3
       4
       0
       0
       1
       1
       5
       1
       1
       4
       2
       2
       3
       4
       3
       3
       3
       4
       3
       4
       4
       2
       0
       0
       1
       1
       3
       5
       2
       4
       2
       0
       3
       0
       1
       1
       1
       2
       0
       2
       0
       2
       2
       2
       0
       3
       1
       1
       3
       0
       3
       0
       4
       3
       2
       6
       2
       2
       2
       0
       0
       0
       1
       0
       4
       3
       1
       2
       0
       0
       0
       2
       2
       0
       1
       2
       1
       2
       4
       1
       1
       2
       2
       0
       1
       2
       0
       2
       2
       1
       7
       2
       1
       0
       2
       2
       0
       2
       3
       1
       1
       2
       1
       1
       3
       2
       1
       1
       1
       3
       0
       1
       1
       2
       0
       2
       1
       0
       3
       2
       0
       3
       1
       1
       3
       2
       2
       0
       0
       1
       1
       1
       0
       0
       2
       1
       4
       2
       2
       2
       1
       3
       1
       0
       1
       1
       1
       2
       3
       1
       1
       1
       1
       0
       2
       1
       1
       1
       1
       0
       0
       1
       1
       3
       5
       1
       0
       1
       3
       1
       3
       2
       0
       2
       1
       2
       0
       1
       1
       0
       2
       1
       2
       1
       1
       0
       1
       1
       0
       1
       0
       0
       0
       2
       4
       0
       1
       1
       2
       1
       0
       3
       1
       0
       0
       1
       1
       0
       0
       0
       0
       1
       2
       3
       1
       1
       2
       2
       1
       0
       0
       1
       0
       0
       1
       1
       1
       1
       0
       2
       0
       4
       2
       1
       1
       0
       2
       2
       1
       1
       1
       0
       1
       1
       0
       1
       0
       1
       0
       1
       0
       3
       0
       3
       4
       0
       3
       1
       2
       0
       1
       0
       1
       3
       4
       0
       1
       2
       2
       0
       0
       1
       1
       1
       1
       0
       0
       1
       0
       1
       0
       2
       1
       0
       1
       0
       2
       0
       3
       2
       2
       1
       1
       1
       0
       2
       0
       1
       1
       1
       0
       1
       0
       1
       2
       0
       1
       0
       2
       0
       1
       3
       2
       0
       1
       1
       2
       0
       2
       2
       2
       0
       1
       0
       1
       5
       0
       1
       0
       0
       2
       1
       3
       0
       1
       1
       0
       1
       0
       2
       2
       0
       0
       0
       0
       2
       2
       0
       2
       3
       1
       0
       0
       2
       0
       2
       0
       1
       0
       1
       2
       0
       0
       0
       0
       2
       0
       0
       0
       0
       0
       0
       1
       0
       2
       0
       1
       1
       1
       1
       3
       0
       0
       1
       0
       2
       0
       0
       3
       0
       2
       1
       1
       2
       1
       1
       1
       2
       1
       1
       0
       0
       2
       0
       0
       0
       1
       0
       2
       1
       0
       1
       0
       3
       0
       1
       1
       0
       0
       0
       1
       0
       2
       2
       3
       0
       1
       1
       2
       1
       2
       2
       0
       0
       0
       0
       1
       0
       0
       1
       1
       1
       2
       0
       1
       3
       0
       1
       2
       1
       0
       2
       1
       1
       0
       1
       0
       0
       2
       1
       1
       1
       0
       1
       0
       3
       1
       3
       1
       1
       1
       0
       1
       0
       0
       1
       2
       1
       1
       0
       0
       2
       0
       0
       0
       0
       0
       1
       0
       2
       1
       0
       0
       1
       1
       0
       1
       1
       0
       0
       0
       2
       1
       1
       1
       0
       0
       2
       0
       1
       2
       0
       0
       0
       0
       0
       1
       0
       1
       1
       1
       0
       1
       2
       0
       1
       1
       1
       1
       0
       2
       0
       0
       0
       1
       1
       0
       2
       0
       1
       0
       2
       0
       1
       1
       3
       0
       1
       0
       1
       2
       1
       1
       0
       0
       0
       0
       1
       2
       1
       4
       1
       0
       1
       1
       1
       0
       0
       1
       0
       0
       2
       2
       0
       0
       1
       0
       2
       0
       1
       0
       3
       2
       0
       1
       1
       0
       0
       1
       2
       1
       0
       0
       0
       1
       1
       2
       0
       1
       0
       1
       1
       0
       2
       0
       1
       0
       1
       0
       0
       1
       0
       0
       1
       0
       0
       1
       0
       0
       0
       0
       1
       1
       1
       1
       1
       0
       0
       1
       0
       0
       1
       0
       0
       0
       3
       2
       0
       1
       7
       1
       2
       0
       1
       1
       0
       1
       2
       1
       1
       1
       0
       2
       1
       0
       1
       0
       0
       0
       1
       1
       0
       1
       0
       1
       1
       0
       1
       0
       0
       1
       0
       0
       0
       1
       1
       1
       0
       2
       0
       1
       1
       1
       0
       0
       0
       1
       2
       0
       3
       0
       1
       1
       0
       1
       1
       2
       0
       0
       1
       0
       0
       1
       0
       0
       1
       0
       1
       1
       0
       1
       1
       0
       0
       0
       1
       0
       1
       0
       0
       0
       0
       1
       1
       0
       0
       1
       0
       1
       1
       0
       1
       0
       1
       1
       1
       0
       0
       0
       0
       0
       0
       1
       1
       3
       0
       1
       1
       0
       2
       1
       1
       0
       0
       0
       0
       0
       1
       0
       0
       0
       2
       0
       0
       1
       1
       0
       1
       0
       0
       0
       1
       0
       1
       0
       0
       1
       0
       0
       0
       1
       1
       0
       0
       1
       0
       0
       0
       0
       0
       0
       0
       1
       0
       0
       0
       0
       0
       1
       2
       4
       0
       0
       1
       0
       1
       1
       1
       0
       1
       1
       0
       0
       0
       1
       0
       3
       0
       0
       0
       0
       1
       1
       0
       0
       2
       0
       0
       0
       1
       0
       1
       0
       0
       0
       2
       1
       0
       1
       0
       0
       0
       2
       0
       1
       0
       1
       0
       0
       0
       1
       0
       0
       1
       1
       1
       0
       3
       1
       1
       1
       2
       0
       1
       0
       0
       0
       0
       1
       0
       1
       0
       0
       2
       1
       0
       0
       1
       0
       0
       0
       0
       0
       0
       0
       1
       1
       0
       0
       0
       0
       1
       1
       0
       1
       0
       1
       1
       1
       0
       1
       1
       0
       0
       0
       3
       0
       0
       0
       1
       1
       0
       0
       1
       0
       1
       1
       0
       3
       0
       0
       0
       0
       1
       0
       1
       0
       0
       0
       0
       0
       1
       0
       3
       2
       0
       1
       1
       1
       1
       0
       1
       0
       0
       1
       0
       0
       1
       4
       1
       1
       0
       0
       1
       0
       0
       0
       0
       2
       1
       2
       1
       1
       0
       0
       0
       0
       0
       0
       0
       0
       1
       0
       0
       0
       0
       0
       0
       2
       0
       0
       0
       0
       0
       0
       2
       2
       0
       0
       0
       0
       0
       0
       0
       0
       1
       1
       1
       1
       0
       0
       0
       0
       0
       1
       1
       0
       1
       1
       1
       0
       0
       0
       0
       0
       0
       0
       1
       0
       1
       1
       0
       0
       0
       0
       1
       0
       0
       0
       1
       0
       0
       0
       1
       1
       0
       1
       0
       0
       0
       0
       1
       0
       0
       0
       1
       1
       0
       0
       0
       0
       1
       0
       0
       0
       0
       1
       1
       0
       0
       0
       0
       0
       0
       0
       1
       0
       0
       0
       0
       0
       0
       1
       1
       1
       2
       0
       0
       0
       0
       0
       0
       0
       0
       0
       1
       0
       0
       0
       0
       1
       0
       1
       0
       0
       1
       2
       1
       0
       0
       0
       0
       0
       1
       0
       2
       1
       0
       1
       1
       0
       0
       1
       0
       0
       0
       1
       0
       1
       0
       1
       0
       2
       0
       0
       0
       0
       0
       1
       0
       0
       0
       1
       0
       0
       1
       0
       0
       0
       2
       0
       1
       0
       0
       0
       1
       0
       1
       0
       0
       1
       1
       2
       0
       0
       0
       0
       0
       0
       0
       0
       0
       0
       0
       1
       0
       1
       0
       0
       0
       0
       0
       0
       0
       2
       0
       2
       0
       0
       0
       0
       0
       0
       0
       0
       1
       1
       1
       0
       0
       0
       0
       0
       0
       1
       0
       1
       1
       0
       0
       0
       0
       1
       0
       0
       1
       1
       0
       0
       0
       2
       0
       0
       0
       1
       0
       1
       0
       0
       0
       0
       0
       0
       1
       1
       0
       0
       0
       0
       2
       0
       0
       0
       0
       1
       0
       0
       0
       0
       0
       2
       0
       1
       0
       1
       0
       0
       0
       0
       0
       0
       0
       0
       0
       1
       1
       1
       1
       0
       1
       0
       0
       0
       0
       0
       1
       0
       0
       0
       0
       0
       1
       0
       0
       0
       0
       0
       1
       1
       0
       0
       0
       0
       0
       0
       0
       1
       0
       0
       0
       0
       1
       0
       0
       0
       0
       1
       0
       0
       0
       1
       1
       0
       0
       0
       0
       0
       1
       0
       1
       0
       0
       1
       0
       0
       0
       1
       0
       1
       0
       0
       0
       0
       1
       0
       1
       0
       0
       1
       0
       0
       0
       0
       1
       1
       0
       0
       0
       0
       1
       0
       0
       0
       1
       0
       0
       0
       1
       0
       0
       1
       0
       0
       1
       0
       1
       0
       0
       0
       0
       0
       0
       0
       0
       0
       0
       0
       0
       0
       0
       0
       0
       0
       0
       0
       0
       1
       0
       0
       0
       0
       0
       0
       0
       0
       0
       0
       0
       0
       2
       0
       0
       0
       0
       0
       0
       0
       2
       0
       2
       1
       0
       0
       1
       0
       0
       0
       0
       0
       0
       0
       0
       0
       0
       0
       0
       0
       0
       0
       0
       0
       0
       0
       1
       0
       0
       0
       0
       1
       1
       0
       0
       0
       0
       1
       0
       0
       0
       0
       0
       0
       1
       0
       0
       0
       1
       1
       0
       1
       0
       1
       0
       0
       0
       0
       0
       0
       0
       0
       0
       0
       0
       1
       0
       0
       0
       1
       0
       0
       0
       0
       0
       1
       1
       0
       0
       1
       0
       0
       0
       0
       0
       0
       1
       0
       0
       0
       0
       1
       0
       1
       1
       0
       0
       0
       0
       0
       1
       0
       0
       1
       0
       0
       1
       0
       0
       0
       0
       0
       0
       2
       0
       0
       0
       0
       1
       1
       0
       1
       1
       0
       2
       0
       0
       1
       0
       0
       0
       0
       1
       1
       0
       0
       0
       0
       0
       1
       0
       1
       0
       0
       1
       0
       0
       0
       0
       0
       0
       1
       0
       1
       0
       0
       0
       0
       0
       0
       0
       0
       1
       0
       0
       0
       0
       0
       0
       0
       0
       0
       0
       0
       1
       1
       0
       0
       1
       0
       0
       0
       0
       0
       0
       0
       0
       0
       0
       0
       0
       0
       0
       0
       0
       0
       0
       0
       2
       0
       1
       0
       0
       0
       0
       0
       0
       0
       0
       0
       1
       0
       1
       0
       0
       0
       1
       0
       0
       1
       1
       1
       0
       0
       0
       0
       0
       1
       0
       0
       0
       0
       0
       0
       2
       0
       0
       0
       1
       0
       1
       1
       0
       0
       1
       1
       0
       0
       0
       0
       0
       0
       0
       1
       0
       0
       0
       1
       0
       0
       0
       0
       0
       0
       0
       0
       0
       0
       0
       0
       1
       0
       1
       0
       0
       0
       0
       0
       0
       1
       0
       0
       0
       0
       0
       1
       0
       0
       0
       0
       0
       0
       0
       0
       1
       0
       0
       0
       0
       0
       0
       0
       0
       0
       0
       0
       0
       0
       1
       0
       0
       0
       1
       0
       0
       0
       0
       1
       0
       1
       0
       0
       0
       0
       0
       0
       0
       0
       0
       0
       0
       0
       0
       0
       0
       0
       0
       1
       0
       0
       0
       0
       0
       0
       0
       0
       0
       0
       0
       0
       0
       0
       0
       0
       0
       0
       0
       0
       0
       0
       1
       0
       0
       0
       0
       0
       0
       0
       0
       1
       0
       0
       1
       0
       0
       0
       0
       1
       0
       0
       0
       0
       0
       0
       0
       0
       1
       0
       0
       1
       1
       0
       0
       0
       0
       0
       0
       0
       0
       0
       0
       0
       0
       0
       0
       0
       0
       0
       0
       1
       0
       0
       0
       1
       0
       0
       0
       0
       1
       0
       0
       0
       0
       0
       0
       0
       0
       0
       0
       0
       0
       0
       0
       0
       0
       0
       0
       1
       0
       0
       0
       0
       0
       1
       0
       0
       0
       0
       0
       1
       0
       0
       0
       0
       0
       0
       0
       0
       0
       0
       0
       0
       1
       0
       1
       0
       1
       1
       0
       0
       1
       1
       0
       0
       0
       0
       0
       0
       0
       1
       0
       1
       0
       0
       0
       0
       0
       0
       0
       0
       1
       0
       0
       0
       0
       0
       0
       0
       0
       0
       0
       0
       1
       0
       0
       0
       0
       0
       0
       0
       0
       0
       1
       0
       0
       0
       0
       0
       0
       0
       0
       0
       1
       0
       0
       1
       0
       0
       0
       0
       0
       0
       0
       0
       0
       1
       0
       0
       0
       0
       0
       0
       0
       0
       0
       0
       0
       0
       0
       0
       0
       0
       0
       0
       0
       0
       0
       0
       0
       0
       0
       0
       0
       0
       0
       0
       0
       0
       0
       0
       0
       0
       0
       0
       0
       0
       1
       0
       0
       0
       0
       0
       0
       0
       0
       0
       0
       0
       0
       2
       0
       0
       0
       0
       0
       0
       0
       0
       0
       0
       0
       0
       0
       0
       0
       0
       0
       0
       0
       0
       0
       1
       1
       0
       0
       0
       1
       0
       0
       0
       1
       0
       0
       0
       0
       0
       0
       0
       0
       0
       1
       1
       0
       0
       0
       1
       0
       0
       0
       0
       0
       0
       0
       0
       0
       1
       0
       0
       0
       0
       0
       0
       0
       0
       0
       0
       1
       0
       0
       0
       0
       0
       0
       0
       0
       0
       0
       0
       0
       0
       0
       0
       0
       0
       0
       0
       0
       0
       0
       0
       0
       0
       0
       0
       0
       1
       0
       1
       0
       1
       0
       1
       0
       0
       0
       0
       0
       0
       0
       0
       0
       0
       0
       0
       0
       0
       0
       0
       0
       0
       0
       0
       0
       0
       0
       0
       0
       0
       0
       0
       0
       0
       0
       0
       0
       0
       0
       0
       0
       0
       0
       0
       0
       0
       0
       1
       0
       0
       1
       0
       0
       0
       0
       0
       0
       0
       0
       0
       0
       0
       0
       0
       0
       0
       0
       0
       0
       0
       0
       1
       0
       0
       0
       0
       0
       1
       0
       0
       0
       0
       0
       0
       0
       0
       0
       0
       0
       0
       0
       0
       0
       0
       0
       0
       1
       0
       0
       0
       0
       0
       0
       0
       1
       0
       0
       0
       0
       0
       0
       0
       0
       0
       0
       0
       0
       0
       0
       0
       0
       0
       0
       0
       0
       0
       0
       0
       0
       0
       0
       0
       0
       2
       0
       0
       0
       0
       0
       0
       0
       1
       0
       1
       1
       0
       0
       0
       0
       0
       0
       0
       0
       1
       0
       1
       0
       0
       0
       0
       0
       0
       0
       0
       0
       2
       0
       0
       0
       0
       0
       0
       0
       0
       0
       0
       2
       1
       0
       0
       0
       0
       0
       0
       1
       0
       0
       0
       1
       0
       0
       0
       1
       0
       0
       0
       0
       1
       0
       1
       0
       0
       0
       0
       0
       0
       1
       0
       0
       0
       0
       0
       1
       0
       0
       0
       0
       0
       0
       0
       1
       0
       0
       0
       0
       0
       0
       0
       0
       0
       0
       0
       0
       0
       0
       0
       0
       0
       0
       0
       0
       0
       0
       0
       0
       0
       0
       0
       0
       0
       0
       0
       0
       1
       0
       0
       0
       0
       1
       0
       0
       0
       0
       0
       0
       0
       0
       1
       1
       1
       0
       0
       0
       0
       0
       1
       0
       0
       0
       1
       0
       0
       0
       2
       0
       0
       0
       0
       1
       0
       0
       0
       0
       0
       0
       0
       0
       0
       0
       0
       0
       0
       0
       0
       0
       0
       0
       0
       0
       0
       0
       0
       0
       0
       0
       0
       1
       0
       0
       0
       0
       1
       0
       0
       0
       0
       0
       0
       0
       0
       0
       0
       0
       0
       0
       0
       0
       0
       0
       1
       0
       0
       0
       0
       0
       1
       0
       0
       0
       0
       0
       0
       0
       0
       0
       0
       0
       0
       0
       0
       0
       0
       0
       0
       0
       0
       0
       0
       0
       0
       0
       0
       0
       0
       0
       0
       0
       0
       1
       0
       0
       0
       0
       0
       0
       0
       1
       0
       0
       1
       0
       0
       0
       0
       0
       0
       0
       0
       0
       0
       1
       0
       0
       0
       0
       0
       0
       0
       0
       0
       0
       0
       1
       2
       0
       0
       0
       0
       0
       1
       0
       0
       0
       0
       0
       0
       0
       0
       0
       0
       0
       0
       0
       0
       0
       0
       0
       0
       0
       0
       0
       0
       0
       0
       0
       0
       0
       0
       0
       0
       0
       0
       0
       0
       0
       0
       0
       0
       0
       0
       1
       0
       0
       0
       0
       0
       0
       0
       0
       0
       0
       0
       0
       0
       0
       0
       0
       0
       0
       0
       0
       0
       0
       0
       0
       0
       0
       0
       0
       0
       0
       0
       0
       0
       0
       0
       0
       0
       0
       0
       0
       0
       0
       0
       0
       0
       0
       0
       0
       0
       0
       0
       0
       0
       0
       0
       0
       0
       0
       0
       0
       1
       1
       0
       0
       0
       0
       0
       0
       0
       0
       0
       0
       0
       1
       0
       0
       0
       0
       0
       0
       0
       0
       0
       0
       0
       0
       0
       0
       0
       0
       0
       0
       0
       0
       0
       0
       0
       0
       0
       1
       0
       0
       0
       0
       0
       0
       0
       0
       0
       0
       0
       0
       0
       0
       0
       0
       0
       0
       0
       0
       0
       0
       0
       0
       0
       1
       0
       0
       0
       1
       1
       0
       0
       0
       0
       0
       0
       0
       0
       0
       0
       0
       0
       0
       0
       0
       0
       0
       0
       0
       0
       0
       0
       0
       0
       0
       0
       0
       0
       0
       0
       0
       0
       0
       0
       0
       0
       0
       0
       0
       0
       0
       0
       0
       0
       0
       0
       0
       0
       0
       0
       0
       0
       0
       0
       0
       0
       0
       0
       0
       0
       0
       0
       0
       0
       0
       0
       0
       0
       0
       0
       1
       0
       0
       0
       0
       0
       0
       0
       0
       0
       0
       0
       0
       0
       0
       0
       0
       0
       0
       0
       0
       1
       0
       0
       0
       0
       0
       0
       0
       0
       0
       0
       0
       0
       0
       0
       0
       0
       0
       0
       0
       0
       0
       0
       0
       0
       0
       0
       1
       0
       0
       0
       0
       0
       0
       0
       0
       0
       0
       0
       0
       0
       0
       0
       0
       0
       0
       0
       0
       0
       0
       0
       0
       0
       0
       0
       0
       0
       0
       0
       0
       0
       0
       0
       0
       1
       0
       0
       0
       0
       0
       0
       0
       0
       0
       0
       0
       0
       0
       0
       0
       0
       0
       1
       0
       0
       0
       0
       0
       0
       0
       0
       0
       0
       0
       0
       0
       0
       0
       0
       0
       0
       0
       0
       0
       0
       0
       0
       0
       0
       0
       0
       1
       0
       0
       0
       0
       0
       0
       0
       0
       0
       0
       0
       0
       1
       0
       0
       0
       0
       0
       1
       0
       0
       0
       0
       0
       0
       0
       0
       0
       1
       1
       0
       0
       0
       0
       0
       0
       0
       0
       0
       0
       0
       1
       0
       0
       2
       2
       2
       1
       1
       1
       0
       0
       0
       0
       0
       1
       0
       0
       0
       0
       0
       0
       1
       0
       0
       0
       0
       0
       0
       0
       0
       0
       0
       0
       0
       0
       0
       0
       0
       0
       0
       0
       0
       0
       0
       0
       0
       0
       0
       0
       0
       0
       0
       0
       0
       0
       0
       0
       0
       0
       0
       0
       0
       0
       0
       1
       0
       0
       0
       0
       0
       0
       0
       0
       0
       1
       0
       0
       0
       0
       0
       0
       0
       0
       0
       0
       0
       0
       0
       0
       0
       0
       0
       0
       0
       0
       0
       0
       0
       1
       0
       0
       0
       0
       0
       0
       0
       0
       0
       0
       0
       0
       0
       0
       0
       0
       0
       0
       0
       0
       0
       0
       0
       1
       0
       0
       0
       0
       0
       0
       0
       0
       0
       0
       0
       0
       0
       0
       0
       0
       0
       0
       0
       0
       0
       1
       0
       0
       0
       0
       0
       0
       0
       0
       0
       0
       0
       0
       0
       0
       0
       0
       0
       0
       0
       0
       0
       0
       0
       0
       0
       0
       0
       0
       0
       0
       0
       0
       0
       0
       0
       0
       0
       0
       0
       0
       0
       0
       0
       0
       0
       0
       0
       0
       0
       0
       0
       0
       0
       0
       0
       0
       0
       0
       0
       0
       0
       0
       0
       0
       0
       0
       0
       0
       0
       0
       0
       0
       0
       0
       0
       0
       0
       0
       0
       0
       0
       0
       0
       0
       0
       0
       0
       0
       0
       0
       0
       0
       0
       0
       0
       0
       0
       0
       0
       0
       0
       0
       0
       0
       0
       0
       0
       0
       0
       0
       0
       1
       0
       0
       1
       0
       0
       0
       0
       0
       0
       0
       0
       0
       0
       0
       0
       0
       0
       0
       0
       0
       0
       0
       0
       0
       0
       0
       0
       0
       0
       1
       0
       0
       0
       0
       0
       0
       0
       0
       0
       0
       0
       0
       0
       0
       0
       0
       0
       0
       0
       0
       0
       0
       0
       0
       0
       0
       0
       0
       0
       0
       0
       0
       0
       0
       0
       0
       0
       0
       0
       0
       0
       0
       0
       0
       0
       0
       0
       0
       0
       0
       0
       0
       0
       0
       0
       0
       0
       0
       0
       0
       0
       0
       0
       0
       0
       0
       0
       0
       0
       0
       0
       0
       0
       0
       0
       0
       0
       0
       0
       0
       0
       0
       0
       0
       0
       0
       0
       0
       0
       0
       0
       0
       0
       0
       0
       0
       0
       0
       1
       0
       0
       0
       0
       0
       0
       0
       0
       0
       0
       0
       0
       0
       0
       0
       0
       0
       1
       0
       0
       0
       0
       0
       0
       0
       0
       0
       0
       0
       0
       0
       0
       0
       0
       0
       0
       0
       0
       0
       0
       0
       0
       0
       0
       0
       0
       0
       0
       0
       0
       0
       0
       0
       0
       0
       0
       0
       0
       0
       0
       0
       0
       0
       0
       0
       0
       0
       0
       0
       0
       0
       0
       0
       0
       0
       0
       1
       0
       0
       0
       0
       0
       0
       0
       0
       0
       0
       0
       0
       0
       0
       0
       0
       0
       0
       0
       0
       0
       0
       0
       0
       0
       0
       0
       0
       0
       0
       0
       0
       0
       0
       0
       0
       0
       1
       0
       0
       0
       0
       0
       0
       0
       0
       0
       0
       0
       0
       0
       0
       0
       0
       0
       0
       0
       0
       0
       0
       0
       0
       0
       0
       0
       0
       0
       0
       0
       0
       0
       0
       0
       0
       0
       0
       0
       0
       0
       0
       0
       0
       0
       0
       0
       0
       0
       0
       0
       0
       0
       0
       0
       0
       0
       0
       0
       0
       0
       0
       0
       0
       0
       0
       0
       0
       0
       0
       0
       0
       0
       0
       0
       0
       0
       0
       0
       0
       0
       0
       0
       0
       0
       0
       0
       1
       0
       0
       0
       0
       0
       1
       0
       0
       0
       0
       0
       0
       0
       0
       0
       0
       0
       0
       0
       0
       0
       0
       0
       0
       0
       0
       0
       0
       0
       0
       0
       0
       0
       0
       0
       0
       0
       0
       0
       0
       0
       0
       0
       0
       0
       0
       0
       0
       0
       0
       1
       0
       0
       0
       0
       0
       0
       0
       0
       0
       0
       0
       0
       0
       0
       0
       0
       0
       0
       0
       0
       0
       0
       0
       0
       0
       0
       0
       0
       0
       0
       0
       0
       0
       0
       0
       0
       1
       0
       0
       0
       0
       0
       0
       0
       0
       0
       0
       0
       0
       0
       0
       0
       0
       0
       0
       0
       0
       0
       0
       0
       0
       0
       0
       0
       0
       0
       0
       0
       0
       0
       0
       0
       0
       0
       0
       0
       0
       0
       0
       0
       0
       0
       0
       0
       0
       0
       1
       0
       0
       0
       0
       0
       0
       0
       0
       0
       0
       0
       0
       0
       0
       0
       0
       1
       0
       0
       0
       0
       0
       0
       0
       0
       0
       0
       0
       0
       0
       0
       0
       0
       0
       0
       0
       0
       0
       0
       0
       0
       0
       0
       0
       1
       0
       0
       0
       0
       0
       0
       0
       0
       0
       0
       0
       0
       0
       0
       1
       0
       0
       0
       0
       0
       0
       0
       0
       0
       0
       0
       0
       0
       1
       0
       0
       0
       0
       0
       0
       0
       0
       0
       0
       0
       0
       0
       0
       0
       0
       0
       0
       0
       0
       0
       0
       0
       0
       0
       0
       0
       0
       0
       0
       0
       0
       0
       0
       0
       0
       0
       0
       0
       0
       0
       0
       0
       0
       0
       0
       0
       0
       0
       0
       0
       0
       0
       0
       0
       0
       0
       0
       0
       0
       0
       0
       0
       0
       0
       0
       0
       0
       0
       0
       0
       0
       0
       0
       0
       0
       0
       0
       0
       0
       0
       0
       0
       0
       0
       0
       0
       0
       0
       0
       0
       0
       0
       0
       0
       0
       0
       0
       0
       0
       0
       0
       0
       0
       0
       0
       0
       0
       0
       0
       0
       0
       0
       0
       0
       0
       0
       0
       0
       0
       0
       0
       0
       0
       0
       0
       0
       0
       0
       0
       0
       0
       0
       0
       0
       0
       0
       0
       1
       0
       0
       0
       0
       0
       0
       1
       0
       0
       0
       0
       0
       0
       0
       0
       0
       0
       0
       0
       0
       1
       0
       0
       0
       0
       0
       0
       0
       0
       0
       0
       0
       0
       0
       0
       0
       0
       0
       1
       0
       0
       0
       0
       0
       0
       0
       0
       0
       0
       0
       0
       0
       0
       0
       0
       0
       0
       0
       0
       0
       0
       0
       0
       0
       0
       0
       1
       0
       0
       0
       0
       0
       0
       0
       0
       0
       0
       0
       0
       0
       0
       0
       0
       0
       0
       0
       0
       0
       0
       0
       0
       0
       0
       0
       0
       0
       0
       0
       0
       1
       0
       1
       0
       0
       0
       0
       0
       0
       0
       0
       0
       0
       0
       0
       0
       0
       0
       0
       0
       0
       0
       0
       0
       0
       0
       0
       0
       0
       0
       0
       0
       0
       0
       0
       0
       0
       0
       0
       0
       0
       0
       0
       0
       0
       0
       0
       0
       0
       0
       0
       0
       0
       0
       0
       0
       0
       0
       0
       0
       0
       0
       0
       0
       0
       0
       0
       0
       0
       0
       0
       0
       0
       0
       0
       0
       0
       0
       0
       0
       0
       0
       0
       0
       0
       0
       0
       0
       0
       0
       0
       0
       0
       0
       0
       0
       0
       0
       0
       0
       0
       0
       0
       0
       0
       0
       0
       0
       0
       0
       0
       0
       0
       0
       0
       0
       0
       0
       0
       0
       1
       0
       0
       0
       0
       0
       0
       0
       0
       0
       0
       0
       0
       0
       0
       0
       0
       0
       0
       0
       0
       0
       0
       0
       0
       0
       0
       0
       0
       0
       0
       0
       0
       0
       0
       0
       0
       0
       0
       0
       0
       0
       0
       0
       0
       0
       1
       0
       0
       1
       1
       0
       0
       0
       0
       0
       0
       0
       0
       0
       0
       0
       0
       0
       0
       0
       0
       0
       0
       0
       0
       0
       0
       0
       0
       0
       0
       0
       0
       0
       0
       0
       0
       0
       0
       0
       0
       1
       0
       0
       0
       0
       0
       0
       0
       0
       0
       0
       0
       0
       0
       0
       0
       0
       0
       0
       0
       0
       0
       0
       0
       0
       0
       0
       0
       0
       0
       0
       0
       0
       0
       0
       0
       0
       0
       0
       0
       0
       0
       0
       0
       0
       0
       0
       0
       0
       0
       0
       0
       0
       0
       0
       0
       0
       0
       0
       0
       0
       0
       0
       0
       0
       0
       0
       0
       0
       0
       0
       0
       0
       0
       0
       0
       0
       0
       0
       0
       0
       0
       0
       0
       0
       0
       0
       0
       0
       0
       0
       0
       0
       0
       0
       0
       0
       0
       0
       0
       0
       0
       0
       0
       0
       0
       0
       0
       0
       0
       0
       0
       0
       0
       0
       0
       0
       0
       0
       0
       0
       0
       0
       0
       0
       0
       0
       0
       0
       0
       0
       0
       0
       0
       0
       0
       0
       0
       0
       0
       0
       0
       0
       0
       0
       0
       0
       0
       0
       0
       1
       0
       0
       0
       0
       0
       0
       0
       0
       0
       0
       0
       0
       0
       0
       0
       0
       0
       0
       0
       0
       0
       0
       0
       0
       0
       0
       0
       0
       0
       0
       0
       0
       0
       0
       0
       0
       0
       0
       0
       0
       0
       0
       0
       0
       0
       0
       0
       0
       0
       0
       0
       0
       0
       0
       0
       0
       0
       0
       0
       0
       0
       0
       0
       0
       0
       0
       0
       0
       0
       0
       0
       0
       0
       0
       0
       0
       0
       0
       0
       0
       0
       0
       0
       0
       0
       0
       0
       0
       0
       0
       0
       0
       0
       0
       1
       0
       0
       0
       0
       0
       0
       0
       0
       0
       0
       0
       0
       0
       0
       0
       0
       0
       0
       0
       0
       0
       0
       0
       0
       0
       0
       0
       0
       0
       0
       1
       0
       0
       0
       0
       0
       0
       0
       0
       1
       0
       0
       0
       0
       0
       0
       0
       0
       0
       0
       0
       0
       0
       0
       0
       0
       0
       0
       0
       0
       0
       1
       0
       0
       0
       0
       0
       0
       0
       0
       0
       0
       0
       0
       0
       0
       0
       0
       0
       0
       0
       0
       0
       0
       0
       0
       0
       0
       0
       0
       0
       0
       0
       0
       0
       0
       0
       0
       0
       0
       0
       0
       0
       0
       0
       0
       0
       0
       0
       0
       0
       0
       0
       0
       0
       0
       0
       0
       0
       0
       0
       0
       0
       0
       0
       0
       0
       0
       0
       0
       0
       0
       0
       0
       0
       0
       0
       0
       0
       0
       0
       0
       0
       0
       0
       0
       0
       0
       0
       0
       0
       0
       0
       0
       0
       0
       0
       0
       0
       0
       0
       0
       0
       0
       0
       0
       0
       0
       0
       0
       0
       0
       0
       0
       0
       0
       0
       0
       0
       0
       0
       0
       0
       0
       0
       0
       0
       0
       0
       0
       0
       0
       0
       0
       0
       0
       0
       0
       0
       0
       0
       0
       0
       0
       0
       0
       0
       0
       0
       0
       0
       0
       0
       0
       0
       0
       0
       0
       0
       0
       0
       0
       0
       0
       0
       0
       0
       0
       0
       0
       0
       0
       0
       0
       0
       0
       0
       0
       0
       0
       0
       0
       0
       0
       0
       0
       0
       0
       0
       0
       0
       0
       0
       0
       0
       0
       0
       0
       0
       0
       0
       0
       0
       0
       0
       0
       0
       0
       0
       0
       0
       0
       0
       0
       0
       0
       0
       0
       0
       0
       0
       0
       0
       0
       0
       0
       0
       0
       0
       0
       0
       0
       0
       0
       0
       0
       0
       0
       0
       0
       0
       0
       0
       0
       0
       0
       0
       0
       0
       0
       0
       0
       0
       0
       0
       0
       0
       0
       0
       0
       0
       0
       0
       0
       0
       0
       0
       0
       0
       0
       0
       0
       0
       0
       0
       0
       0
       0
       0
       0
       0
       0
       0
       0
       0
       0
       0
       0
       0
       0
       0
       0
       0
       0
       0
       0
       0
       0
       0
       0
       0
       0
       0
       0
       0
       0
       0
       0
       0
       0
       0
       0
       0
       0
       0
       0
       0
       0
       0
       0
       0
       0
       0
       0
       0
       0
       0
       0
       0
       0
       0
       0
       0
       0
       0
       0
       0
       0
       0
$ROI:
3
2091 2111
2937 2969
3328 3372
$PRESETS:
None
0
0
$ENER_FIT:
-1.603023 0.398142
$MCA_CAL:
3
-1.603023E+000 3.981421E-001 -1.843240E-007 keV
$SHAPE_CAL:
3
5.712108E+000 -5.708310E-004 7.647117E-007
