$SPEC_ID:
Pulser
$SPEC_REM:
DET# 2
DETDESC# DETECTOR 2
AP# GammaVision Version 7.01.03
$DATE_MEA:
03/26/2017 11:21:43
$MEAS_TIM:
914 944
$DATA:
0 8191
       0
       0
       0
       0
       0
       0
       0
       0
       0
       0
       0
       0
       0
       0
       0
       0
       0
       0
       0
       0
       0
       0
       0
     123
    3934
    3818
    2348
    2029
    1817
    1883
    1837
    1862
    1938
    1956
    1955
    1946
    1944
    1957
    2081
    2042
    2011
    1979
    2070
    2089
    2079
    2078
    2238
    2228
    2217
    2223
    2334
    2409
    2485
    2669
    3143
    3723
    3921
    3470
    2919
    2546
    2391
    2536
    2473
    2535
    2408
    2677
    2967
    3155
    3302
    3473
    3846
    4562
    5423
    6482
    6785
    6962
    6834
    7667
   11482
   22937
   40288
   50284
   41316
   23043
    9562
    4363
    3231
    3093
    3093
    4028
    6580
   10657
   13015
   11079
    7857
    4951
    3274
    2435
    1994
    1941
    1827
    1918
    1970
    1870
    1870
    1925
    1887
    1858
    2002
    1865
    1976
    1833
    2054
    1901
    1908
    1960
    1885
    1980
    1912
    1832
    1917
    1994
    1888
    2010
    1911
    2043
    1966
    1943
    1953
    1993
    1878
    1939
    1961
    1910
    1999
    2015
    1956
    2069
    1955
    1990
    2026
    2028
    1947
    2060
    2106
    2147
    2136
    2236
    2107
    2181
    2220
    2199
    2184
    2213
    2267
    2265
    2144
    2186
    2271
    2242
    2218
    2231
    2257
    2252
    2237
    2294
    2395
    2348
    2325
    2301
    2347
    2266
    2421
    2269
    2248
    2399
    2260
    2323
    2333
    2369
    2582
    3078
    4099
    5788
    6395
    5375
    4360
    4708
    7123
    9126
    8708
    5853
    3423
    2326
    2142
    2060
    2003
    2084
    2000
    2010
    2030
    2113
    2119
    2038
    2106
    2140
    2041
    2126
    2134
    2122
    2246
    2559
    3357
    4376
    4878
    4690
    3550
    2651
    2412
    2596
    2873
    2923
    2595
    2300
    2019
    1927
    1953
    1942
    1915
    1993
    1957
    1990
    1953
    1922
    2000
    1909
    1947
    1875
    1900
    1892
    1906
    1957
    1906
    1912
    1915
    1917
    2008
    1981
    1903
    1924
    1929
    1884
    1967
    1976
    1935
    1967
    1943
    2003
    1912
    1892
    2056
    1959
    1979
    1932
    1951
    1961
    1893
    1902
    1967
    2025
    1977
    2026
    1916
    1996
    1967
    2025
    1986
    2036
    2006
    2044
    2042
    2007
    2146
    2008
    2136
    2117
    2118
    2056
    2032
    2125
    2093
    2068
    2159
    2097
    2082
    2113
    2054
    2144
    2185
    2108
    2083
    2079
    2092
    2182
    2123
    1991
    2030
    2131
    2115
    2054
    2137
    2013
    2135
    2178
    2179
    2146
    2179
    2153
    2167
    2148
    2146
    2162
    2169
    2100
    2186
    2157
    2112
    2122
    2150
    2133
    2104
    2165
    2139
    2096
    2141
    2166
    2163
    2141
    2156
    2120
    2022
    2124
    2186
    2122
    2134
    2144
    2073
    2109
    2085
    2116
    2151
    2160
    2163
    2123
    2197
    2106
    2119
    2161
    2188
    2081
    2082
    2184
    2088
    2097
    2180
    2032
    2190
    2096
    2166
    2153
    2052
    2111
    2111
    2154
    2149
    2243
    2121
    2218
    2183
    2089
    2163
    2166
    2144
    2187
    2098
    2204
    2207
    2081
    2076
    2139
    2145
    2147
    2155
    2105
    2174
    2150
    2165
    2121
    2059
    2163
    2119
    2147
    2144
    2147
    2177
    2084
    2094
    2133
    2186
    2106
    2219
    2126
    2061
    2230
    2191
    2171
    2084
    2144
    2151
    2158
    2198
    2185
    2096
    2216
    2154
    2134
    2137
    2169
    2225
    2240
    2185
    2212
    2158
    2169
    2110
    2180
    2209
    2172
    2245
    2191
    2225
    2354
    2275
    2238
    2295
    2268
    2269
    2224
    2241
    2310
    2330
    2353
    2350
    2284
    2257
    2320
    2419
    2333
    2432
    2571
    2483
    2587
    2618
    2615
    2708
    2802
    2941
    3038
    3092
    3104
    3136
    3256
    3275
    3278
    3293
    3546
    3420
    3485
    3398
    3364
    3293
    3387
    3452
    3472
    3554
    3472
    3380
    3481
    3557
    3389
    3528
    3530
    3483
    3413
    3367
    3529
    3298
    3330
    3296
    3312
    3255
    3190
    3253
    3336
    3139
    3224
    3138
    3135
    3120
    3119
    3089
    3183
    2984
    2991
    3017
    3090
    3019
    3009
    2919
    2880
    3020
    3012
    2978
    2875
    2987
    2819
    2906
    2898
    2970
    2940
    2976
    2723
    2923
    2835
    2913
    2834
    2986
    2706
    2825
    2813
    2777
    2850
    2746
    2870
    2689
    2744
    2682
    2765
    2636
    2747
    2718
    2635
    2634
    2640
    2636
    2730
    2563
    2657
    2654
    2640
    2575
    2609
    2526
    2522
    2550
    2643
    2639
    2545
    2520
    2522
    2570
    2539
    2477
    2405
    2498
    2524
    2416
    2543
    2533
    2405
    2439
    2483
    2456
    2407
    2420
    2416
    2333
    2364
    2485
    2384
    2444
    2339
    2452
    2444
    2391
    2309
    2331
    2394
    2268
    2268
    2290
    2319
    2214
    2296
    2264
    2152
    2233
    2328
    2284
    2168
    2186
    2216
    2214
    2287
    2132
    2239
    2258
    2245
    2124
    2162
    2207
    2091
    2180
    2154
    2204
    2167
    2234
    2249
    2199
    2201
    2182
    2178
    2089
    2180
    2144
    2101
    2097
    2051
    2035
    2120
    2167
    2022
    2178
    2083
    2061
    2131
    2023
    2131
    2030
    2074
    2020
    2033
    2020
    2103
    2027
    2031
    1938
    2023
    2040
    2042
    1927
    2024
    1951
    1947
    2033
    1959
    1982
    2047
    1960
    1944
    1942
    1988
    2004
    2050
    1935
    1950
    1915
    1971
    2002
    1955
    1876
    1903
    1934
    1981
    1892
    1960
    1915
    1919
    1879
    1841
    1927
    1925
    1891
    1875
    1846
    1907
    1800
    1940
    1836
    1851
    1806
    1846
    1870
    1799
    1865
    1809
    1921
    1776
    1875
    1944
    1845
    1899
    1796
    1807
    1869
    1783
    1815
    1753
    1804
    1785
    1806
    1846
    1846
    1778
    1771
    1845
    1816
    1816
    1841
    1868
    1785
    1825
    1739
    1871
    1757
    1790
    1779
    1726
    1862
    1830
    1728
    1726
    1819
    1759
    1734
    1833
    1771
    1772
    1849
    1822
    1760
    1765
    1719
    1760
    1765
    1803
    1786
    1714
    1881
    1716
    1797
    1833
    1800
    1788
    1799
    1797
    1812
    1867
    1754
    1815
    1820
    1752
    1788
    1767
    1851
    1800
    1824
    1731
    1720
    1819
    1739
    1796
    1754
    1807
    1811
    1790
    1764
    1742
    1788
    1839
    1789
    1754
    1810
    1720
    1768
    1792
    1745
    1746
    1858
    1815
    1761
    1667
    1761
    1829
    1758
    1786
    1728
    1766
    1747
    1845
    1761
    1771
    1784
    1782
    1756
    1776
    1788
    1852
    1753
    1843
    1774
    1799
    1823
    1789
    1774
    1717
    1789
    1849
    1740
    1838
    1737
    1759
    1890
    1850
    1786
    1784
    1889
    1863
    1881
    1922
    1802
    1797
    1745
    1721
    1806
    1744
    1762
    1879
    1825
    1826
    1806
    1858
    1857
    1865
    1867
    1912
    1821
    1914
    1863
    1858
    1841
    1762
    1835
    1766
    1848
    1892
    1817
    1764
    1871
    1927
    1770
    1833
    1891
    1876
    1827
    1745
    1866
    1868
    1854
    1777
    1767
    1818
    1781
    1893
    1959
    1926
    1900
    1818
    1839
    1887
    1890
    1746
    1889
    1879
    1866
    1878
    1803
    1918
    1869
    1886
    1805
    1834
    1819
    1921
    1883
    1929
    1862
    1844
    1903
    1887
    1900
    1910
    1840
    1817
    1907
    1899
    1874
    1843
    1918
    1825
    1785
    1878
    1895
    1857
    1954
    1906
    1984
    1811
    1868
    1907
    1919
    1941
    2000
    1816
    1946
    1955
    2001
    1967
    1926
    1935
    1901
    1901
    1900
    1904
    1981
    2010
    1892
    1971
    1982
    1981
    1996
    1835
    1968
    1932
    1939
    1930
    1955
    1911
    1907
    1939
    1971
    1946
    1984
    2015
    2008
    2062
    1960
    2024
    2036
    1994
    1962
    1957
    2003
    2007
    2037
    1977
    2024
    1953
    1974
    2064
    2121
    2025
    2032
    2042
    2016
    1999
    2057
    2030
    1954
    2094
    2117
    2044
    2013
    2002
    2082
    2069
    2158
    2066
    2098
    2079
    2023
    2051
    2088
    2020
    2131
    2040
    2077
    2021
    2036
    2069
    2084
    2167
    2017
    2112
    2132
    2155
    2091
    2158
    2119
    2086
    2111
    2065
    2165
    2151
    2085
    2101
    2138
    2136
    2185
    2111
    2177
    2144
    2139
    2143
    2166
    2210
    2215
    2168
    2107
    2176
    2134
    2219
    2229
    2253
    2196
    2222
    2106
    2276
    2215
    2215
    2294
    2208
    2202
    2269
    2237
    2226
    2302
    2205
    2293
    2293
    2215
    2226
    2279
    2244
    2337
    2297
    2231
    2221
    2312
    2311
    2202
    2358
    2318
    2317
    2282
    2446
    2380
    2293
    2316
    2376
    2350
    2378
    2343
    2406
    2350
    2380
    2439
    2345
    2425
    2438
    2466
    2386
    2409
    2392
    2440
    2439
    2407
    2490
    2445
    2506
    2510
    2412
    2470
    2459
    2451
    2514
    2491
    2474
    2479
    2554
    2539
    2465
    2434
    2548
    2521
    2517
    2452
    2583
    2582
    2508
    2585
    2593
    2451
    2513
    2553
    2633
    2630
    2544
    2551
    2535
    2656
    2583
    2643
    2592
    2624
    2689
    2659
    2770
    2635
    2604
    2700
    2768
    2710
    2695
    2677
    2702
    2627
    2660
    2717
    2786
    2660
    2741
    2719
    2781
    2800
    2734
    2733
    2770
    2775
    2857
    2750
    2814
    2811
    2869
    2792
    2733
    2802
    2769
    2845
    2885
    2800
    2783
    2855
    2794
    2798
    2794
    2917
    2910
    2734
    2873
    2866
    2855
    2805
    2843
    2792
    2856
    2871
    2803
    2735
    2770
    2751
    2806
    2787
    2804
    2632
    2646
    2563
    2554
    2485
    2450
    2387
    2361
    2367
    2189
    2126
    2066
    2123
    2034
    1922
    1924
    1859
    1865
    1779
    1828
    1725
    1730
    1686
    1670
    1601
    1654
    1610
    1645
    1628
    1591
    1623
    1704
    1499
    1494
    1517
    1538
    1521
    1407
    1491
    1434
    1492
    1430
    1525
    1366
    1411
    1373
    1439
    1395
    1341
    1324
    1409
    1389
    1378
    1316
    1316
    1312
    1326
    1303
    1314
    1338
    1316
    1243
    1339
    1220
    1279
    1294
    1204
    1244
    1184
    1233
    1267
    1242
    1200
    1216
    1223
    1211
    1180
    1232
    1204
    1176
    1133
    1156
    1191
    1202
    1117
    1198
    1110
    1090
    1189
    1101
    1097
    1109
    1099
    1094
    1080
    1100
    1138
    1129
    1059
    1074
    1075
    1074
    1032
    1053
    1026
     978
     959
    1005
     988
     990
     997
     930
     992
     952
     994
     981
     879
     955
     886
     944
     939
     940
     883
     851
     885
     892
     925
     859
     877
     912
     832
     891
     871
     833
     855
     865
     849
     783
     807
     847
     815
     834
     840
     744
     794
     731
     811
     765
     747
     774
     685
     780
     769
     740
     757
     723
     750
     715
     660
     714
     683
     665
     641
     690
     693
     673
     660
     630
     645
     639
     601
     613
     629
     638
     610
     619
     633
     588
     562
     572
     542
     530
     507
     552
     526
     509
     517
     543
     559
     516
     519
     515
     519
     503
     509
     519
     463
     464
     493
     429
     466
     418
     454
     434
     428
     433
     392
     429
     417
     435
     438
     424
     415
     379
     410
     390
     406
     378
     419
     369
     389
     327
     362
     389
     367
     359
     371
     371
     361
     350
     356
     366
     336
     358
     381
     327
     348
     342
     319
     328
     327
     336
     363
     349
     336
     334
     321
     314
     348
     296
     311
     329
     336
     316
     335
     327
     293
     319
     323
     268
     308
     300
     281
     324
     284
     283
     313
     277
     302
     251
     283
     292
     290
     273
     310
     293
     285
     307
     257
     274
     285
     256
     275
     278
     288
     273
     262
     258
     281
     288
     281
     257
     261
     270
     274
     251
     280
     249
     264
     299
     248
     263
     242
     284
     259
     271
     235
     283
     282
     250
     241
     248
     270
     269
     248
     273
     265
     246
     271
     277
     267
     255
     244
     213
     259
     259
     226
     272
     308
     244
     282
     258
     249
     222
     257
     262
     252
     258
     254
     257
     225
     245
     242
     229
     235
     256
     269
     253
     262
     243
     240
     260
     228
     224
     230
     253
     252
     243
     240
     259
     262
     246
     226
     249
     240
     248
     247
     226
     276
     232
     244
     238
     246
     234
     250
     259
     228
     250
     252
     227
     222
     243
     234
     246
     223
     255
     242
     249
     241
     251
     258
     229
     259
     231
     229
     242
     266
     211
     232
     237
     233
     264
     230
     238
     234
     236
     245
     232
     239
     206
     231
     246
     232
     269
     216
     230
     250
     264
     230
     260
     223
     245
     249
     232
     259
     253
     252
     229
     264
     230
     267
     238
     229
     264
     220
     254
     238
     242
     246
     274
     275
     284
     255
     278
     288
     303
     318
     299
     283
     260
     311
     269
     274
     277
     300
     314
     352
     320
     360
     432
     598
     964
    1606
    3073
    5900
   10085
   16281
   25342
   39347
   57124
   79752
  100199
  114069
  118814
  111015
   92735
   67579
   43205
   24208
   12661
    6345
    2890
    1133
     445
     210
     155
     145
     130
     139
     120
     127
     115
     112
      97
     110
     103
     101
      96
      82
      93
      95
     106
     102
     109
      76
      87
      88
      92
      78
      80
      88
      97
      86
      90
      90
      89
      84
      87
      96
      91
      87
      97
      80
      77
      93
      75
      87
      81
      74
      78
      74
      87
      74
      76
      75
      76
      83
      67
      95
      67
      65
      88
      77
      86
      72
      94
      84
      88
      98
      58
      80
      72
      72
      71
      63
      54
      41
      63
      63
      64
      81
      62
      63
      61
      58
      71
      57
      65
      65
      51
      62
      47
      68
      56
      65
      60
      63
      49
      56
      58
      50
      48
      66
      67
      52
      73
      60
      51
      52
      55
      45
      50
      63
      65
      52
      53
      59
      58
      58
      66
      57
      59
      62
      52
      39
      50
      49
      54
      33
      58
      55
      49
      58
      52
      50
      49
      62
      51
      46
      51
      58
      55
      43
      65
      51
      52
      48
      49
      57
      61
      52
      57
      61
      56
      50
      41
      43
      51
      70
      51
      43
      51
      56
      66
      42
      56
      60
      54
      44
      52
      42
      43
      52
      64
      55
      53
      39
      54
      54
      49
      39
      48
      61
      38
      47
      48
      41
      59
      50
      42
      48
      52
      57
      50
      60
      34
      70
      65
      48
      40
      40
      42
      45
      42
      58
      52
      53
      59
      58
      54
      65
      56
      46
      57
      53
      51
      44
      37
      52
      49
      58
      47
      52
      53
      39
      42
      40
      54
      57
      55
      44
      46
      33
      43
      37
      29
      55
      46
      46
      33
      50
      53
      43
      48
      42
      50
      62
      34
      42
      40
      50
      44
      42
      56
      45
      47
      46
      41
      38
      52
      50
      43
      49
      53
      41
      50
      66
      41
      46
      48
      48
      39
      47
      40
      42
      43
      48
      44
      67
      51
      55
      41
      47
      54
      46
      47
      54
      47
      53
      60
      49
      45
      48
      38
      52
      46
      52
      36
      52
      44
      40
      58
      55
      65
      33
      49
      49
      49
      49
      32
      53
      38
      54
      60
      54
      47
      57
      52
      51
      52
      54
      59
      44
      48
      46
      47
      52
      42
      51
      36
      45
      47
      55
      44
      50
      46
      41
      62
      46
      51
      46
      44
      43
      46
      37
      50
      44
      52
      65
      46
      42
      60
      48
      46
      43
      37
      51
      50
      44
      53
      33
      36
      47
      60
      50
      49
      56
      45
      45
      49
      46
      44
      42
      44
      49
      49
      46
      47
      45
      50
      35
      40
      46
      28
      51
      49
      43
      47
      53
      33
      46
      53
      43
      35
      59
      60
      56
      55
      48
      41
      54
      50
      62
      48
      41
      56
      47
      51
      56
      45
      52
      46
      57
      49
      45
      52
      63
      62
      59
      47
      42
      58
      44
      41
      52
      38
      53
      46
      52
      58
      51
      45
      34
      53
      57
      43
      61
      59
      60
      53
      43
      51
      44
      39
      55
      49
      37
      47
      60
      38
      50
      50
      51
      57
      56
      54
      58
      57
      47
      44
      47
      53
      48
      55
      52
      53
      38
      59
      38
      42
      57
      43
      55
      47
      50
      54
      50
      56
      43
      49
      60
      51
      46
      45
      53
      57
      51
      51
      42
      42
      68
      52
      57
      62
      47
      53
      52
      34
      40
      42
      52
      54
      44
      58
      54
      50
      44
      40
      44
      51
      52
      48
      54
      53
      44
      51
      41
      46
      54
      46
      50
      62
      55
      34
      58
      45
      54
      46
      49
      63
      40
      53
      49
      52
      57
      47
      50
      41
      51
      61
      44
      53
      45
      35
      45
      58
      53
      39
      49
      56
      62
      44
      57
      46
      58
      58
      55
      44
      48
      45
      56
      59
      46
      44
      48
      44
      50
      57
      53
      57
      60
      43
      53
      61
      55
      62
      46
      37
      55
      65
      67
      71
      41
      50
      45
      61
      59
      46
      56
      59
      48
      54
      61
      45
      45
      61
      63
      51
      49
      52
      54
      57
      56
      42
      50
      46
      44
      52
      56
      52
      64
      52
      52
      47
      53
      51
      63
      55
      57
      53
      57
      66
      59
      45
      51
      56
      56
      53
      51
      57
      54
      49
      50
      58
      50
      53
      58
      63
      63
      59
      52
      52
      50
      60
      57
      55
      60
      53
      52
      69
      53
      52
      43
      50
      58
      64
      46
      62
      44
      52
      65
      64
      69
      63
      54
      57
      59
      60
      64
      44
      59
      64
      65
      60
      53
      65
      55
      42
      59
      65
      72
      58
      57
      62
      70
      64
      63
      57
      56
      81
      63
      60
      55
      72
      62
      63
      79
      58
      67
      57
      73
      64
      56
      52
      66
      62
      59
      63
      68
      59
      58
      52
      49
      61
      57
      65
      54
      59
      59
      71
      61
      57
      71
      59
      68
      63
      70
      56
      62
      58
      57
      62
      54
      65
      64
      53
      51
      51
      61
      59
      63
      65
      56
      49
      51
      67
      44
      63
      52
      50
      56
      42
      49
      53
      59
      52
      59
      59
      46
      59
      39
      52
      41
      44
      42
      41
      49
      54
      46
      47
      50
      57
      52
      55
      54
      44
      44
      48
      41
      53
      62
      57
      46
      47
      44
      58
      44
      32
      52
      35
      39
      47
      43
      52
      57
      50
      45
      46
      39
      48
      46
      59
      53
      61
      45
      40
      49
      36
      43
      49
      48
      54
      46
      53
      36
      44
      45
      39
      30
      42
      41
      52
      43
      47
      43
      48
      37
      49
      38
      34
      34
      55
      39
      33
      39
      36
      45
      44
      39
      46
      43
      32
      38
      36
      41
      39
      34
      41
      43
      39
      42
      37
      37
      46
      36
      58
      42
      41
      45
      51
      47
      48
      44
      40
      41
      47
      33
      35
      48
      44
      44
      41
      42
      43
      45
      25
      37
      48
      45
      37
      51
      46
      53
      39
      42
      46
      36
      40
      37
      53
      42
      36
      41
      39
      45
      38
      40
      48
      36
      49
      39
      36
      44
      50
      50
      41
      38
      43
      37
      44
      39
      47
      49
      45
      40
      42
      45
      52
      46
      38
      54
      47
      40
      30
      34
      44
      36
      36
      34
      45
      40
      38
      34
      35
      32
      36
      35
      40
      42
      43
      37
      34
      40
      32
      40
      35
      40
      44
      47
      46
      33
      44
      45
      49
      35
      47
      36
      39
      44
      40
      47
      42
      35
      33
      43
      39
      46
      46
      45
      37
      43
      36
      39
      44
      35
      51
      47
      46
      51
      42
      42
      39
      39
      49
      50
      43
      47
      32
      47
      32
      26
      41
      34
      30
      34
      41
      34
      44
      35
      45
      46
      26
      43
      28
      40
      43
      43
      38
      41
      38
      28
      38
      36
      42
      31
      42
      28
      37
      35
      40
      37
      35
      34
      44
      40
      30
      47
      35
      35
      39
      38
      36
      42
      31
      30
      31
      34
      44
      38
      40
      39
      34
      45
      44
      34
      41
      37
      39
      51
      40
      36
      47
      47
      42
      31
      41
      44
      36
      30
      40
      41
      41
      35
      37
      40
      32
      38
      38
      45
      38
      57
      38
      32
      24
      38
      35
      31
      50
      45
      42
      40
      45
      43
      32
      42
      45
      33
      38
      42
      41
      38
      47
      46
      44
      43
      31
      36
      31
      39
      36
      43
      45
      44
      45
      41
      36
      38
      36
      48
      33
      46
      25
      33
      44
      36
      44
      35
      56
      41
      45
      46
      37
      34
      41
      41
      36
      40
      39
      32
      45
      27
      44
      48
      27
      38
      30
      39
      37
      43
      48
      36
      38
      36
      27
      36
      38
      24
      32
      20
      34
      27
      37
      33
      34
      20
      28
      25
      37
      34
      19
      33
      28
      24
      24
      19
      24
      19
      22
      19
      26
      15
      28
      19
      25
      21
      27
      27
      40
      29
      26
      17
      36
      21
      19
      19
      35
      23
      25
      27
      26
      29
      30
      27
      15
      26
      32
      27
      19
      26
      30
      19
      22
      26
      25
      30
      22
      23
      27
      17
      26
      20
      24
      20
      19
      13
      18
      20
      28
      15
      23
      22
      29
      19
      31
      22
      23
      23
      25
      29
      30
      17
      27
      18
      20
      22
      19
      19
      18
      18
      17
      23
      21
      19
      24
      15
      14
      19
      22
      19
      15
      14
      20
      27
      16
      30
      20
      25
      25
      21
      24
      29
      22
      30
      49
      38
      43
      64
      81
      98
     125
     140
     179
     244
     314
     398
     515
     646
     767
     859
     981
    1018
    1000
    1012
     974
     882
     711
     563
     386
     226
     158
     103
      87
      48
      40
      27
      25
      17
      12
      12
      13
      14
      18
      19
      15
       7
      15
      15
      21
      14
       9
      12
      15
      10
      11
      13
      14
       8
      12
      14
      11
      20
      14
      15
      14
      14
      10
      16
      11
       6
      21
       6
      13
      13
      12
       9
      15
      11
       8
      12
      16
      15
      12
      18
       9
      16
       6
      11
      12
      14
      12
      15
      13
       4
      14
       7
      14
      15
      15
      14
      11
      13
       5
       8
       9
       7
      11
      14
       9
       7
      10
      11
      11
       9
       7
      15
       7
       9
       9
      11
       7
      10
      14
      10
       8
       6
       5
       8
       9
      11
       6
       6
      10
      11
       7
      11
       4
       9
       8
       4
      10
       8
       6
       9
       5
       5
       7
       3
       7
       9
       8
       3
       6
       8
       8
       5
      10
       7
       3
      11
      13
       4
      10
       3
       5
       2
      13
       3
       6
       7
       7
      11
       7
      11
       6
       6
       5
       8
       4
       7
       7
       2
       8
       4
       9
      10
       8
       7
      10
       5
       6
       8
       6
       5
       3
       5
       4
       6
       9
       6
       7
       5
      11
      10
       5
       4
       3
       4
       2
       7
       5
      11
       9
       8
       7
       4
       1
       5
       7
       4
       6
       3
       2
       1
       8
       8
       5
       7
       4
       6
       6
       5
       8
       6
       2
       7
       9
       2
       6
       6
       4
       1
      10
       8
       7
       4
       3
       5
       4
       4
       5
       1
       4
       7
       6
       3
       7
       6
       3
      11
       6
       3
       1
       5
       7
       6
       8
       2
       9
       3
       4
       4
       3
       8
       5
       4
       5
       4
       6
       4
       4
       2
       6
       6
       7
       4
       7
       0
       3
       7
       5
       7
       7
       6
       6
       3
       4
       2
       8
       6
       6
       4
       5
       5
       5
       5
       4
       7
       4
       6
       6
      10
       6
       3
      10
       4
       7
       6
       1
       2
       5
       4
       4
       8
       3
       1
       3
       8
       6
       3
       5
       4
       7
       3
       6
       5
       3
       8
       7
       8
       7
       6
       5
       7
       5
       6
       2
       8
       6
       3
       2
       8
       3
       6
      11
       7
       8
       4
       7
       6
       4
       5
       6
       3
       5
       6
       4
       6
       3
       2
       4
       6
       5
       9
      10
       7
       8
       7
       8
       9
       4
       6
      11
       8
       9
       4
      11
       7
       9
      15
       4
      20
      10
       8
      15
      13
      20
      11
      19
       9
      12
       8
      17
      18
      20
      37
      39
      51
      65
      88
     109
     106
     168
     204
     237
     284
     370
     496
     585
     671
     721
     770
     821
     798
     833
     785
     786
     636
     544
     386
     251
     155
     103
      74
      59
      37
      20
      13
       3
       3
       4
       2
       1
       2
       1
       0
       4
       3
       3
       3
       2
       1
       1
       2
       2
       4
       0
       2
       2
       1
       2
       0
       0
       0
       0
       1
       0
       1
       1
       1
       1
       2
       1
       2
       1
       1
       4
       0
       4
       2
       2
       1
       0
       1
       1
       1
       1
       2
       1
       3
       1
       1
       1
       2
       0
       2
       5
       0
       0
       0
       0
       2
       0
       3
       2
       2
       0
       1
       0
       0
       3
       1
       2
       0
       1
       1
       0
       3
       0
       0
       2
       2
       1
       2
       1
       1
       0
       0
       0
       0
       0
       1
       2
       1
       2
       0
       2
       2
       0
       0
       1
       0
       0
       1
       1
       2
       1
       2
       0
       0
       1
       0
       3
       1
       4
       0
       1
       2
       1
       2
       4
       1
       0
       0
       1
       2
       1
       0
       0
       2
       2
       1
       1
       0
       0
       1
       1
       0
       2
       0
       1
       2
       1
       0
       1
       2
       0
       1
       1
       2
       2
       0
       1
       1
       3
       3
       0
       3
       1
       0
       0
       0
       0
       0
       0
       0
       1
       3
       0
       0
       1
       0
       2
       0
       1
       3
       1
       2
       1
       0
       1
       0
       0
       0
       0
       0
       0
       0
       0
       0
       0
       1
       0
       1
       0
       1
       1
       2
       1
       2
       1
       4
       0
       2
       0
       1
       0
       1
       0
       0
       0
       0
       0
       0
       0
       0
       2
       3
       2
       2
       0
       0
       0
       0
       3
       1
       0
       1
       1
       1
       0
       0
       1
       0
       1
       1
       0
       1
       1
       0
       1
       1
       0
       0
       0
       0
       0
       2
       2
       0
       0
       1
       0
       2
       1
       0
       2
       1
       0
       1
       0
       1
       0
       0
       0
       2
       3
       0
       0
       1
       1
       1
       1
       1
       0
       1
       0
       0
       1
       0
       0
       0
       0
       1
       1
       0
       1
       0
       0
       1
       3
       0
       2
       1
       0
       1
       1
       0
       0
       2
       0
       1
       0
       0
       2
       2
       0
       1
       3
       0
       1
       1
       2
       2
       0
       2
       1
       2
       1
       1
       0
       0
       0
       1
       1
       0
       1
       0
       0
       1
       0
       0
       1
       1
       0
       2
       0
       0
       0
       0
       0
       0
       0
       1
       1
       0
       1
       1
       0
       2
       1
       2
       1
       1
       0
       0
       0
       0
       0
       1
       1
       0
       1
       0
       0
       1
       0
       1
       0
       0
       0
       0
       0
       3
       1
       1
       0
       2
       1
       0
       0
       0
       1
       0
       0
       1
       0
       0
       0
       1
       1
       1
       0
       1
       0
       0
       1
       0
       0
       2
       0
       1
       1
       0
       0
       1
       0
       1
       0
       0
       0
       1
       1
       0
       0
       0
       1
       1
       1
       0
       0
       0
       1
       2
       0
       0
       0
       0
       0
       0
       1
       0
       0
       0
       0
       1
       1
       0
       0
       0
       2
       0
       0
       0
       0
       0
       1
       1
       1
       0
       0
       2
       1
       0
       0
       1
       3
       1
       0
       2
       0
       1
       0
       0
       0
       0
       0
       0
       0
       0
       0
       2
       0
       1
       0
       1
       1
       1
       0
       1
       0
       0
       1
       0
       2
       0
       0
       1
       1
       0
       0
       1
       0
       0
       1
       0
       0
       0
       0
       0
       2
       1
       1
       2
       0
       0
       0
       0
       2
       0
       0
       1
       0
       2
       1
       0
       2
       0
       0
       0
       1
       1
       0
       1
       1
       2
       0
       0
       1
       0
       1
       0
       0
       0
       0
       1
       1
       0
       2
       0
       0
       1
       1
       0
       1
       0
       1
       1
       1
       0
       2
       0
       0
       1
       2
       0
       1
       0
       0
       0
       0
       1
       2
       0
       1
       1
       1
       0
       0
       0
       1
       1
       0
       1
       0
       0
       0
       0
       0
       0
       1
       1
       1
       0
       0
       0
       1
       0
       1
       0
       0
       0
       0
       0
       0
       0
       0
       1
       0
       0
       0
       0
       0
       1
       0
       2
       3
       1
       0
       1
       0
       3
       0
       0
       1
       0
       1
       0
       0
       0
       0
       0
       0
       0
       1
       0
       2
       0
       1
       0
       0
       1
       0
       1
       0
       0
       0
       0
       1
       0
       0
       1
       0
       0
       0
       1
       0
       0
       0
       0
       0
       0
       1
       1
       1
       0
       0
       1
       3
       0
       1
       0
       1
       0
       0
       1
       0
       0
       0
       2
       1
       0
       0
       1
       0
       0
       0
       0
       1
       0
       0
       0
       0
       0
       0
       1
       1
       0
       1
       0
       0
       0
       1
       0
       1
       0
       0
       0
       1
       0
       1
       0
       0
       1
       0
       0
       0
       2
       0
       0
       0
       1
       0
       1
       0
       0
       0
       0
       0
       0
       0
       1
       0
       0
       0
       1
       0
       2
       0
       0
       1
       0
       0
       1
       1
       0
       0
       2
       0
       0
       0
       0
       0
       1
       0
       1
       1
       1
       1
       0
       0
       0
       1
       0
       1
       1
       0
       0
       0
       1
       0
       1
       0
       0
       0
       0
       0
       0
       0
       0
       0
       1
       0
       1
       0
       1
       0
       3
       0
       0
       2
       0
       0
       0
       0
       0
       0
       1
       0
       0
       3
       0
       1
       0
       0
       0
       1
       0
       0
       0
       2
       1
       0
       1
       0
       0
       1
       0
       0
       0
       0
       0
       1
       0
       1
       1
       0
       1
       0
       1
       1
       1
       0
       1
       0
       0
       0
       2
       0
       0
       0
       0
       0
       0
       1
       0
       0
       0
       1
       0
       1
       1
       0
       0
       1
       0
       0
       0
       0
       0
       0
       1
       0
       0
       0
       0
       1
       0
       1
       1
       1
       0
       0
       0
       1
       0
       0
       0
       0
       0
       0
       2
       1
       0
       0
       0
       0
       0
       1
       0
       0
       0
       0
       0
       0
       0
       0
       2
       1
       1
       0
       0
       0
       1
       0
       1
       0
       0
       0
       0
       0
       0
       2
       0
       2
       2
       1
       0
       1
       0
       0
       2
       0
       2
       0
       1
       0
       0
       0
       0
       0
       0
       0
       0
       1
       0
       0
       0
       0
       1
       0
       1
       1
       0
       0
       0
       0
       0
       0
       0
       0
       0
       0
       0
       0
       0
       0
       1
       0
       0
       1
       1
       0
       1
       1
       0
       0
       0
       0
       0
       1
       0
       0
       0
       1
       1
       0
       1
       0
       0
       0
       0
       0
       0
       0
       0
       0
       0
       0
       0
       1
       0
       0
       1
       0
       0
       0
       0
       0
       0
       0
       0
       1
       0
       0
       0
       0
       0
       1
       0
       1
       0
       0
       0
       0
       0
       1
       1
       0
       0
       1
       0
       0
       0
       0
       0
       0
       1
       1
       2
       0
       0
       1
       0
       1
       0
       0
       0
       0
       0
       1
       1
       1
       0
       1
       0
       0
       0
       0
       1
       0
       0
       0
       0
       0
       0
       0
       1
       0
       1
       0
       0
       0
       0
       0
       0
       1
       0
       0
       0
       0
       1
       0
       1
       1
       0
       0
       0
       0
       1
       0
       0
       0
       0
       0
       0
       0
       0
       0
       0
       1
       0
       0
       1
       0
       0
       0
       0
       0
       0
       0
       0
       0
       0
       0
       0
       0
       1
       0
       1
       0
       0
       0
       0
       0
       0
       0
       1
       0
       0
       1
       1
       0
       0
       0
       0
       0
       0
       0
       1
       1
       1
       0
       0
       0
       0
       0
       0
       0
       0
       0
       0
       0
       0
       0
       0
       0
       0
       1
       0
       0
       1
       0
       0
       0
       0
       0
       0
       1
       1
       0
       0
       0
       0
       0
       0
       1
       1
       0
       0
       1
       0
       1
       0
       0
       0
       0
       0
       0
       0
       0
       0
       0
       0
       0
       0
       0
       0
       0
       0
       0
       0
       0
       0
       0
       1
       1
       0
       0
       0
       1
       0
       1
       1
       0
       0
       0
       0
       0
       0
       1
       0
       0
       0
       0
       0
       0
       1
       0
       0
       0
       0
       1
       0
       1
       0
       0
       0
       0
       0
       1
       0
       0
       1
       1
       0
       0
       0
       0
       0
       1
       1
       0
       0
       0
       0
       0
       0
       1
       0
       0
       0
       2
       1
       1
       0
       0
       0
       1
       1
       0
       0
       0
       1
       1
       0
       0
       0
       0
       1
       0
       0
       0
       0
       0
       0
       0
       1
       1
       0
       0
       0
       0
       0
       0
       0
       0
       0
       0
       0
       0
       0
       1
       1
       0
       0
       0
       0
       0
       0
       0
       0
       0
       0
       0
       0
       0
       1
       0
       0
       0
       0
       0
       0
       1
       0
       0
       0
       1
       0
       1
       0
       0
       0
       1
       0
       0
       0
       0
       0
       0
       0
       0
       0
       0
       1
       0
       0
       1
       0
       0
       0
       0
       1
       0
       0
       0
       0
       0
       0
       0
       0
       0
       0
       0
       0
       0
       1
       0
       0
       0
       0
       0
       0
       0
       0
       0
       0
       1
       0
       1
       0
       0
       0
       0
       0
       0
       0
       0
       0
       0
       0
       0
       0
       0
       0
       1
       0
       0
       0
       0
       0
       0
       0
       0
       0
       0
       2
       2
       0
       0
       0
       0
       0
       1
       0
       0
       0
       1
       1
       0
       0
       0
       0
       0
       0
       0
       0
       1
       0
       0
       0
       0
       0
       0
       0
       0
       1
       0
       0
       0
       0
       0
       0
       0
       0
       0
       0
       0
       0
       1
       0
       0
       0
       0
       0
       1
       0
       0
       1
       1
       0
       0
       0
       0
       0
       0
       0
       0
       0
       0
       0
       0
       0
       0
       0
       0
       0
       1
       0
       1
       0
       0
       0
       1
       0
       0
       0
       0
       0
       0
       0
       0
       0
       1
       0
       0
       0
       0
       0
       0
       0
       1
       0
       0
       0
       0
       0
       0
       0
       0
       0
       0
       0
       0
       1
       0
       1
       0
       0
       0
       0
       0
       0
       0
       0
       0
       0
       0
       0
       0
       0
       0
       1
       1
       0
       0
       0
       0
       0
       0
       0
       1
       0
       0
       0
       0
       0
       0
       1
       0
       0
       0
       0
       0
       0
       1
       1
       0
       0
       0
       1
       0
       0
       0
       0
       0
       0
       0
       0
       0
       0
       0
       0
       0
       0
       0
       0
       0
       0
       0
       1
       0
       0
       1
       0
       2
       0
       0
       0
       0
       0
       2
       0
       0
       1
       0
       0
       0
       0
       0
       0
       0
       0
       0
       0
       0
       0
       0
       0
       0
       1
       1
       0
       0
       0
       0
       0
       0
       0
       0
       1
       0
       0
       0
       1
       0
       0
       0
       2
       0
       0
       0
       0
       0
       1
       0
       2
       0
       0
       0
       0
       0
       0
       0
       0
       0
       0
       0
       0
       1
       0
       0
       0
       0
       1
       0
       0
       2
       0
       1
       0
       0
       0
       2
       0
       0
       1
       1
       0
       0
       0
       0
       0
       1
       0
       0
       0
       0
       0
       0
       0
       0
       0
       0
       1
       0
       0
       0
       0
       0
       0
       0
       0
       0
       0
       0
       0
       0
       0
       1
       0
       0
       0
       1
       1
       0
       0
       0
       0
       0
       0
       0
       0
       0
       0
       0
       0
       0
       0
       0
       0
       0
       1
       0
       0
       0
       0
       0
       0
       0
       0
       0
       0
       0
       0
       0
       0
       0
       0
       0
       0
       0
       0
       1
       0
       0
       0
       0
       1
       0
       0
       0
       0
       0
       0
       0
       0
       0
       1
       0
       0
       0
       0
       1
       1
       0
       0
       0
       1
       0
       0
       0
       0
       0
       0
       0
       0
       0
       0
       1
       0
       0
       0
       0
       1
       0
       0
       1
       0
       0
       0
       0
       0
       1
       0
       0
       0
       0
       0
       0
       0
       0
       0
       0
       0
       0
       0
       0
       0
       0
       0
       0
       0
       0
       0
       0
       1
       0
       0
       0
       0
       0
       0
       0
       1
       0
       0
       0
       1
       0
       1
       0
       0
       0
       0
       0
       0
       0
       0
       0
       0
       1
       0
       0
       1
       0
       0
       0
       0
       0
       0
       0
       0
       0
       0
       0
       0
       0
       0
       0
       0
       0
       0
       0
       0
       0
       0
       0
       0
       0
       1
       0
       0
       1
       0
       0
       0
       0
       0
       0
       1
       0
       0
       0
       0
       0
       0
       0
       0
       0
       0
       0
       1
       0
       0
       0
       0
       0
       0
       0
       0
       0
       0
       0
       0
       0
       0
       1
       0
       1
       0
       0
       0
       0
       0
       0
       0
       0
       0
       0
       0
       0
       0
       0
       0
       0
       0
       0
       0
       1
       0
       0
       0
       0
       0
       0
       0
       0
       0
       0
       1
       1
       0
       0
       1
       0
       0
       0
       0
       0
       0
       0
       0
       1
       0
       0
       0
       0
       0
       0
       0
       0
       0
       0
       0
       0
       0
       0
       0
       0
       0
       0
       0
       0
       0
       0
       0
       0
       0
       0
       0
       0
       0
       0
       0
       1
       0
       0
       0
       0
       0
       0
       0
       0
       0
       0
       0
       1
       0
       0
       0
       0
       0
       0
       0
       1
       0
       0
       0
       0
       0
       0
       0
       0
       0
       0
       0
       0
       0
       0
       0
       0
       0
       0
       0
       0
       0
       0
       0
       0
       0
       2
       0
       0
       0
       0
       0
       0
       1
       0
       0
       0
       0
       0
       0
       0
       0
       1
       0
       0
       1
       0
       0
       0
       0
       0
       0
       0
       0
       0
       0
       0
       0
       0
       0
       0
       0
       0
       0
       0
       0
       0
       0
       0
       0
       0
       0
       0
       0
       1
       0
       0
       0
       0
       1
       0
       0
       0
       0
       0
       0
       0
       0
       0
       0
       0
       0
       0
       0
       0
       0
       0
       0
       0
       0
       0
       0
       0
       0
       0
       1
       0
       0
       0
       0
       0
       0
       0
       1
       0
       0
       0
       1
       1
       1
       0
       0
       0
       0
       0
       0
       0
       0
       0
       0
       0
       1
       0
       0
       0
       0
       0
       0
       0
       0
       0
       0
       0
       0
       0
       0
       0
       0
       0
       0
       0
       0
       0
       0
       0
       0
       0
       0
       0
       0
       0
       0
       0
       0
       0
       0
       0
       0
       0
       0
       0
       0
       0
       0
       0
       0
       0
       0
       0
       0
       0
       0
       0
       0
       0
       0
       0
       1
       0
       1
       0
       0
       0
       1
       0
       0
       0
       0
       1
       0
       0
       0
       0
       0
       0
       0
       0
       0
       0
       0
       0
       0
       0
       0
       0
       0
       0
       1
       0
       0
       0
       0
       0
       0
       0
       0
       1
       0
       0
       0
       0
       0
       0
       0
       0
       0
       0
       0
       0
       0
       0
       0
       0
       0
       0
       0
       0
       0
       0
       0
       0
       0
       0
       0
       0
       0
       0
       0
       0
       0
       0
       0
       0
       0
       0
       0
       0
       0
       0
       0
       0
       0
       1
       0
       0
       1
       2
       0
       0
       0
       0
       0
       0
       1
       0
       0
       0
       0
       0
       0
       1
       0
       0
       1
       0
       0
       0
       0
       0
       0
       0
       0
       0
       0
       0
       0
       0
       0
       0
       0
       0
       0
       0
       0
       0
       0
       0
       0
       0
       1
       0
       0
       0
       0
       0
       1
       0
       0
       1
       0
       1
       0
       0
       0
       0
       0
       0
       0
       1
       0
       0
       1
       0
       0
       0
       0
       0
       0
       1
       0
       0
       0
       0
       0
       0
       0
       0
       0
       1
       0
       0
       0
       0
       0
       0
       1
       0
       0
       0
       0
       1
       1
       0
       0
       0
       0
       0
       0
       0
       0
       0
       0
       0
       0
       0
       0
       0
       0
       0
       0
       0
       0
       0
       1
       0
       0
       0
       1
       0
       0
       0
       0
       0
       0
       0
       0
       0
       0
       0
       0
       0
       0
       0
       0
       0
       0
       0
       1
       0
       0
       0
       0
       0
       0
       0
       0
       0
       1
       0
       0
       0
       1
       0
       0
       0
       0
       0
       0
       0
       1
       0
       0
       1
       0
       0
       0
       0
       0
       0
       0
       0
       0
       0
       0
       0
       0
       0
       0
       0
       0
       1
       0
       0
       0
       0
       0
       0
       0
       0
       0
       0
       0
       0
       0
       0
       0
       0
       0
       0
       0
       0
       0
       0
       0
       0
       0
       0
       0
       0
       1
       0
       0
       0
       0
       0
       1
       0
       0
       0
       0
       0
       1
       0
       0
       0
       0
       0
       0
       0
       0
       0
       0
       0
       0
       0
       0
       0
       0
       0
       0
       0
       1
       0
       0
       0
       0
       0
       1
       0
       0
       0
       1
       0
       0
       0
       1
       0
       0
       0
       0
       0
       0
       0
       0
       1
       1
       0
       0
       0
       0
       0
       0
       0
       0
       0
       0
       1
       0
       0
       0
       0
       0
       0
       0
       0
       0
       0
       0
       0
       0
       0
       0
       0
       0
       0
       0
       1
       0
       0
       0
       0
       0
       0
       0
       0
       0
       0
       0
       0
       1
       1
       0
       0
       0
       0
       0
       1
       0
       0
       0
       0
       0
       0
       0
       0
       0
       0
       0
       0
       0
       1
       0
       0
       0
       0
       0
       0
       0
       0
       0
       0
       0
       0
       0
       0
       0
       0
       0
       0
       0
       0
       0
       0
       0
       0
       0
       0
       0
       0
       0
       0
       0
       0
       0
       0
       1
       0
       0
       0
       0
       0
       0
       1
       0
       0
       0
       0
       0
       0
       0
       0
       0
       0
       0
       0
       0
       0
       0
       0
       0
       0
       0
       0
       0
       0
       0
       0
       0
       0
       0
       0
       0
       0
       0
       0
       0
       0
       0
       0
       0
       0
       0
       0
       0
       0
       0
       0
       0
       0
       0
       0
       0
       0
       0
       0
       0
       1
       0
       0
       0
       1
       0
       0
       0
       0
       0
       0
       0
       0
       0
       0
       0
       0
       0
       0
       0
       0
       0
       0
       0
       0
       0
       0
       0
       0
       0
       0
       0
       0
       0
       0
       0
       0
       0
       0
       0
       0
       0
       0
       0
       0
       0
       0
       0
       0
       0
       0
       0
       0
       0
       0
       0
       0
       0
       0
       0
       0
       0
       0
       0
       0
       0
       0
       0
       0
       0
       0
       0
       0
       0
       0
       0
       0
       0
       0
       0
       0
       1
       0
       0
       0
       0
       0
       0
       0
       0
       0
       0
       0
       0
       0
       0
       0
       0
       0
       0
       0
       0
       0
       0
       0
       0
       0
       0
       0
       0
       0
       0
       0
       0
       0
       0
       0
       1
       0
       0
       0
       0
       0
       0
       0
       0
       0
       0
       0
       0
       0
       0
       0
       0
       0
       0
       0
       0
       0
       0
       0
       0
       0
       0
       0
       0
       0
       0
       1
       0
       0
       0
       0
       0
       0
       0
       0
       0
       0
       0
       0
       0
       0
       0
       0
       0
       0
       0
       0
       0
       0
       0
       0
       0
       0
       0
       0
       0
       0
       0
       0
       0
       0
       0
       0
       0
       0
       0
       0
       0
       0
       0
       0
       0
       0
       0
       0
       0
       0
       0
       0
       0
       0
       0
       0
       0
       0
       0
       0
       0
       0
       0
       0
       0
       0
       0
       0
       0
       0
       0
       0
       1
       0
       0
       0
       0
       0
       0
       0
       1
       0
       1
       1
       1
       0
       0
       1
       0
       0
       1
       0
       1
       0
       2
       0
       1
       1
       1
       1
       1
       0
       0
       0
       1
       0
       0
       0
       0
       0
       0
       0
       0
       0
       0
       0
       0
       0
       0
       0
       0
       0
       0
       0
       1
       0
       0
       0
       0
       0
       0
       0
       0
       0
       0
       0
       0
       0
       0
       0
       0
       0
       0
       0
       0
       0
       0
       0
       0
       0
       0
       0
       0
       0
       0
       0
       0
       0
       0
       0
       0
       0
       0
       0
       0
       0
       0
       0
       0
       0
       0
       0
       0
       0
       0
       0
       0
       0
       0
       0
       0
       0
       0
       0
       0
       0
       0
       0
       0
       0
       0
       0
       0
       1
       0
       0
       0
       1
       0
       0
       0
       0
       0
       0
       0
       0
       0
       0
       0
       0
       0
       0
       0
       0
       0
       0
       0
       0
       0
       0
       0
       0
       0
       0
       0
       0
       0
       0
       0
       0
       0
       0
       0
       0
       0
       0
       0
       0
       0
       0
       0
       0
       0
       0
       0
       0
       0
       0
       0
       0
       0
       0
       0
       0
       0
       0
       0
       0
       0
       0
       0
       1
       0
       0
       0
       0
       0
       0
       0
       0
       0
       0
       0
       0
       0
       0
       0
       0
       0
       0
       0
       0
       0
       0
       0
       0
       0
       0
       0
       0
       1
       0
       0
       0
       0
       0
       0
       0
       0
       0
       0
       0
       0
       0
       0
       0
       0
       0
       0
       0
       0
       0
       0
       0
       0
       0
       0
       0
       0
       0
       0
       0
       0
       0
       0
       0
       0
       0
       0
       0
       0
       0
       0
       0
       0
       0
       0
       0
       0
       0
       0
       0
       0
       0
       0
       0
       0
       0
       0
       0
       0
       0
       0
       0
       0
       0
       0
       0
       0
       0
       0
       0
       0
       0
       0
       0
       0
       0
       0
       1
       0
       0
       0
       0
       0
       0
       0
       0
       0
       0
       0
       0
       0
       0
       0
       0
       0
       0
       0
       0
       0
       0
       0
       0
       0
       0
       0
       0
       0
       0
       0
       0
       0
       0
       0
       0
       0
       0
       0
       0
       0
       0
       0
       0
       0
       0
       0
       0
       0
       0
       0
       0
       0
       0
       0
       0
       0
       0
       0
       0
       0
       0
       0
       0
       0
       0
       0
       0
       0
       0
       0
       0
       1
       0
       0
       0
       0
       0
       0
       0
       0
       0
       0
       0
       0
       0
       0
       0
       0
       0
       0
       0
       0
       0
       1
       0
       0
       0
       0
       0
       0
       0
       0
       0
       0
       0
       0
       0
       0
       0
       0
       0
       0
       0
       0
       0
       1
       0
       0
       0
       0
       0
       0
       0
       0
       0
       0
       0
       0
       0
       0
       0
       0
       0
       0
       0
       0
       0
       0
       0
       0
       0
       0
       0
       0
       0
       0
       0
       0
       0
       0
       0
       0
       0
       0
       0
       0
       0
       0
       0
       1
       0
       0
       0
       0
       0
       0
       0
       0
       0
       0
       0
       0
       0
       0
       0
       0
       0
       0
       0
       0
       0
       0
       0
       0
       0
       0
       0
       0
       0
       0
       0
       0
       0
       0
       0
       0
       0
       0
       0
       0
       0
       0
       0
       0
       0
       0
       1
       0
       0
       0
       0
       0
       0
       0
       0
       0
       0
       0
       0
       0
       0
       0
       0
       0
       0
       0
       0
       0
       0
       0
       0
       0
       0
       0
       0
       1
       1
       0
       0
       0
       0
       0
       0
       1
       0
       0
       0
       0
       0
       0
       0
       0
       0
       0
       0
       0
       0
       0
       0
       0
       0
       0
       0
       0
       0
       0
       0
       0
       0
       0
       0
       0
       0
       0
       0
       0
       0
       0
       0
       0
       0
       0
       0
       0
       0
       0
       0
       0
       0
       0
       0
       0
       0
       0
       0
       0
       0
       0
       0
       0
       0
       0
       0
       0
       0
       0
       0
       0
       0
       0
       0
       0
       0
       0
       0
       0
       0
       0
       0
       0
       0
       0
       0
       0
       0
       0
       0
       0
       0
       0
       0
       0
       0
       0
       0
       0
       0
       0
       0
       0
       0
       0
       0
       1
       0
       0
       0
       0
       0
       0
       0
       0
       0
       0
       0
       0
       0
       0
       0
       0
       0
       0
       0
       0
       0
       0
       0
       0
       0
       0
       0
       0
       0
       0
       0
       0
       1
       0
       0
       0
       0
       0
       0
       0
       0
       0
       0
       0
       0
       0
       0
       0
       0
       0
       0
       0
       1
       0
       0
       0
       0
       0
       0
       0
       0
       0
       0
       0
       0
       0
       0
       0
       0
       0
       0
       0
       0
       0
       0
       0
       0
       0
       0
       0
       0
       0
       0
       0
       0
       0
       0
       0
       0
       0
       0
       0
       0
       0
       0
       0
       0
       0
       0
       0
       0
       0
       0
       0
       0
       0
       0
       0
       0
       0
       0
       0
       0
       0
       0
       0
       0
       0
       0
       0
       0
       0
       0
       0
       0
       0
       0
       0
       0
       0
       0
       0
       0
       0
       0
       0
       0
       0
       0
       0
       0
       0
       0
       0
       0
       0
       0
       0
       0
       0
       0
       0
       0
       0
       0
       0
       0
       0
       0
       0
       0
       0
       0
       0
       0
       0
       0
       0
       0
       0
       0
       0
       0
       0
       0
       0
       0
       0
       0
       0
       0
       0
       0
       1
       0
       0
       0
       0
       0
       0
       0
       0
       0
       0
       0
       0
       0
       0
       0
       0
       0
       0
       0
       0
       0
       0
       0
       0
       0
       0
       0
       0
       0
       0
       0
       0
       0
       0
       0
       0
       0
       0
       0
       0
       0
       0
       0
       0
       0
       0
       0
       0
       0
       0
       0
       0
       0
       0
       0
       0
       0
       0
       0
       0
       0
       0
       0
       0
       0
       0
       0
       0
       0
       0
       0
       0
       1
       0
       0
       0
       0
       0
       0
       0
       0
       0
       0
       0
       0
       0
       0
       0
       0
       0
       0
       0
       0
       0
       0
       0
       0
       0
       1
       0
       0
       0
       0
       0
       0
       0
       0
       0
       0
       0
       0
       0
       0
       0
       0
       0
       0
       0
       0
       0
       0
       0
       0
       0
       0
       0
       0
       0
       0
       0
       0
       0
       0
       0
       0
       0
       0
       0
       0
       0
       0
       0
       0
       0
       0
       0
       0
       0
       0
       0
       0
       0
       0
       0
       0
       0
       0
       0
       0
       0
       0
       0
       0
       0
       0
       0
       0
       0
       0
       0
       0
       0
       0
       0
       0
       0
       0
       0
       0
       0
       0
       0
       0
       0
       0
       0
       0
       0
       0
       0
       0
       0
       0
       0
       0
       0
       0
       0
       0
       0
       0
       0
       0
       0
       0
       0
       0
       0
       0
       0
       0
       0
       0
       0
       0
       0
       0
       0
       0
       0
       0
       0
       0
       0
       0
       0
       0
       0
       0
       0
       0
       0
       0
       0
       0
       0
       0
       0
       0
       0
       0
       0
       0
       0
       0
       0
       0
       0
       0
       0
       0
       0
       0
       0
       0
       0
       0
       0
       0
       0
       0
       0
       0
       0
       0
       0
       0
       0
       0
       0
       0
       0
       0
       0
       0
       0
       0
       0
       0
       0
       0
       0
       0
       0
       0
       0
       0
       0
       0
       0
       0
       0
       0
       0
       0
       0
       0
       0
       0
       0
       0
       0
       0
       0
       0
       0
       0
       0
       0
       1
       0
       0
       0
       0
       0
       0
       0
       0
       0
       0
       0
       0
       0
       0
       0
       0
       0
       0
       0
       0
       0
       0
       0
       0
       0
       0
       0
       0
       0
       0
       0
       0
       0
       0
       0
       0
       0
       0
       0
       0
       0
       0
       0
       0
       0
       0
       0
       0
       0
       0
       0
       0
       0
       0
       0
       0
       0
       1
       0
       0
       0
       0
       0
       0
       0
       0
       0
       0
       0
       0
       0
       0
       0
       0
       0
       0
       0
       0
       0
       0
       0
       0
       0
       0
       0
       0
       0
       0
       0
       0
       0
       0
       0
       0
       0
       0
       0
       0
       0
       0
       0
       0
       0
       0
       0
       0
       0
       0
       0
       0
       0
       0
       0
       0
       0
       0
       0
       0
       0
       0
       0
       0
       0
       0
       0
       0
       0
       0
       0
       0
       0
       0
       0
       0
       0
       0
       0
       0
       0
       0
       0
       0
       0
       0
       0
       0
       0
       0
       0
       0
       0
       0
       0
       0
       0
       0
       0
       0
       0
       0
       0
       0
       0
       0
       0
       0
       0
       0
       0
       0
       0
       0
       0
       0
       0
       0
       0
       0
       0
       0
       0
       0
       0
       0
       0
       0
       0
       0
       0
       0
       0
       0
       0
       0
       0
       0
       0
       0
       0
       0
       0
       0
       0
       0
       0
       0
       0
       0
       0
       0
       0
       0
       0
       0
       0
       0
       0
       0
       0
       0
       0
       0
       0
       0
       0
       0
       0
       0
       0
       0
       0
       0
       0
       0
       0
       0
       0
       0
       0
       1
       0
       0
       0
       0
       0
       0
       0
       0
       1
       0
       0
       0
       0
       0
       0
       0
       0
       0
       0
       0
       0
       0
       0
       0
       0
       0
       0
       0
       0
       0
       0
       0
       0
       0
       0
       0
       0
       0
       0
       0
       0
       0
       0
       0
       0
       0
       0
       0
       0
       0
       0
       0
       0
       0
       0
       0
       0
       0
       0
       0
       0
       0
       0
       0
       0
       0
       0
       0
       0
       0
       0
       0
       0
       0
       0
       0
       0
       0
       0
       0
       0
       0
       0
       0
       0
       0
       0
       0
       0
       0
       0
       0
       0
       0
       0
       0
       0
       0
       0
       0
       0
       0
       0
       0
       0
       0
       0
       0
       0
       0
       0
       0
       0
       0
       0
       0
       0
       0
       0
       0
       1
       0
       0
       0
       0
       0
       0
       0
       0
       0
       0
       0
       0
       0
       0
       0
       0
       0
       0
       0
       0
       0
       1
       0
       0
       0
       0
       0
       0
       0
       0
       0
       0
       0
       0
       0
       0
       0
       0
       0
       0
       0
       0
       0
       0
       0
       0
       0
       0
       0
       0
       0
       0
       0
       0
       0
       0
       0
       0
       0
       0
       0
       0
       0
       0
       0
       0
       0
       0
       0
       0
       0
       0
       0
       0
       0
       0
       0
       0
       0
       0
       0
       0
       0
       0
       0
       0
       0
       0
       0
       0
       0
       0
       0
       0
       0
       0
       0
       0
       0
       0
       0
       0
       0
       0
       0
       0
       1
       0
       0
       0
       0
       0
       0
       0
       0
       0
       0
       1
       0
       0
       0
       0
       0
       0
       0
       0
       0
       0
       0
       0
       0
       0
       0
       0
       0
       0
       0
       0
       0
       0
       0
       0
       0
       0
       0
       0
       0
       0
       0
       0
       0
       0
       0
       0
       0
       0
       0
       0
       0
       0
       0
       0
       0
       0
       0
       0
       1
       0
       0
       0
       0
       1
       0
       0
       0
       0
       0
       0
       0
       0
       0
       0
       0
       0
       0
       0
       0
       0
       0
       0
       0
       0
       0
       0
       0
       0
       0
       0
       0
       0
       0
       0
       0
       0
       0
       0
       0
       0
       0
       0
       0
       0
       0
       0
       0
       0
       0
       0
       0
       0
       0
       0
       0
       0
       0
       0
       0
       0
       0
       0
       0
       0
       0
       0
       0
       0
       0
       0
       0
       0
       0
       0
       0
       0
       0
       0
       0
       0
       0
       0
       0
       0
       0
       0
       0
       0
       0
       0
       0
       0
       0
       0
       0
       0
       0
       0
       0
       0
       0
       0
       0
       0
       0
       0
       0
       0
       0
       0
       0
       0
       0
       0
       0
       0
       0
       0
       0
       0
       0
       0
       0
       0
       0
       0
       0
       0
       0
       0
       0
       0
       0
       0
       0
       0
       0
       0
       0
       0
       0
       0
       0
       0
       0
       0
       0
       0
       0
       0
       0
       0
       0
       0
       0
       0
       0
       0
       0
       0
       0
       0
       0
       0
       0
       0
       0
       0
       0
       0
       0
       0
       0
       0
       0
       0
       0
       0
       0
       0
       0
       0
       0
       0
       0
       0
       0
       0
       0
       0
       0
       0
       0
       0
       0
       0
       0
       0
       0
       0
       0
       0
       0
       0
       0
       0
       0
       0
       0
       0
       0
       0
       0
       0
       0
       0
       0
       0
       0
       0
       0
       0
       0
       0
       0
       0
       0
       0
       0
       0
       0
       0
       0
       0
       0
       0
       0
       0
       0
       0
$ROI:
3
2091 2111
2937 2969
3328 3372
$PRESETS:
None
0
0
$ENER_FIT:
-1.603023 0.398142
$MCA_CAL:
3
-1.603023E+000 3.981421E-001 -1.843240E-007 keV
$SHAPE_CAL:
3
5.712108E+000 -5.708310E-004 7.647117E-007
