$SPEC_ID:
Pulser
$SPEC_REM:
DET# 2
DETDESC# DETECTOR 2
AP# GammaVision Version 7.01.03
$DATE_MEA:
03/26/2017 10:08:33
$MEAS_TIM:
865 888
$DATA:
0 8191
       0
       0
       0
       0
       0
       0
       0
       0
       0
       0
       0
       0
       0
       0
       0
       0
       0
       0
       0
       0
       0
       0
       0
     123
    3323
    2939
    1909
    1600
    1555
    1443
    1493
    1580
    1573
    1554
    1582
    1543
    1619
    1655
    1611
    1631
    1686
    1685
    1646
    1665
    1648
    1761
    1752
    1794
    1820
    1847
    1783
    1919
    2028
    2153
    2520
    2898
    3111
    2680
    2286
    1953
    1931
    2004
    2035
    1940
    1983
    2200
    2417
    2530
    2761
    2767
    3052
    3635
    4413
    5089
    5591
    5587
    5613
    6348
    9395
   18585
   32488
   40635
   33460
   18495
    7691
    3628
    2609
    2546
    2465
    3337
    5342
    8480
   10253
    8849
    6384
    4073
    2639
    1834
    1636
    1558
    1550
    1542
    1528
    1563
    1516
    1585
    1556
    1551
    1574
    1571
    1544
    1554
    1547
    1578
    1529
    1577
    1570
    1555
    1508
    1572
    1589
    1567
    1580
    1536
    1574
    1579
    1605
    1601
    1524
    1589
    1580
    1603
    1590
    1635
    1565
    1610
    1554
    1671
    1594
    1580
    1691
    1674
    1651
    1713
    1706
    1713
    1740
    1771
    1768
    1807
    1729
    1819
    1823
    1845
    1799
    1769
    1839
    1845
    1905
    1829
    1832
    1824
    1888
    1840
    1929
    1885
    1856
    1875
    1894
    1895
    1878
    1929
    1944
    1919
    1840
    1918
    1963
    2024
    1949
    1911
    2122
    2468
    3533
    4824
    5546
    4732
    3729
    4001
    6058
    8198
    7754
    5321
    2987
    1966
    1761
    1705
    1639
    1676
    1681
    1713
    1637
    1713
    1651
    1629
    1747
    1680
    1672
    1815
    1670
    1781
    1798
    2152
    2791
    3824
    4236
    3979
    2971
    2266
    1917
    2160
    2386
    2399
    2146
    1853
    1694
    1591
    1613
    1613
    1567
    1506
    1608
    1550
    1573
    1630
    1598
    1589
    1627
    1526
    1553
    1620
    1612
    1562
    1585
    1558
    1642
    1591
    1594
    1663
    1624
    1605
    1520
    1631
    1615
    1612
    1527
    1665
    1590
    1591
    1543
    1611
    1665
    1611
    1621
    1614
    1630
    1575
    1671
    1656
    1611
    1593
    1723
    1624
    1659
    1574
    1613
    1632
    1675
    1737
    1630
    1644
    1684
    1653
    1659
    1669
    1662
    1746
    1749
    1823
    1756
    1770
    1762
    1698
    1654
    1774
    1730
    1817
    1744
    1744
    1720
    1750
    1771
    1825
    1763
    1795
    1747
    1728
    1767
    1806
    1775
    1794
    1768
    1756
    1805
    1804
    1760
    1792
    1802
    1818
    1756
    1723
    1800
    1846
    1750
    1845
    1697
    1723
    1755
    1784
    1831
    1768
    1787
    1792
    1772
    1739
    1779
    1797
    1731
    1859
    1686
    1798
    1776
    1823
    1789
    1850
    1746
    1747
    1781
    1787
    1812
    1723
    1746
    1765
    1827
    1756
    1783
    1747
    1796
    1715
    1751
    1726
    1816
    1763
    1792
    1787
    1782
    1856
    1753
    1726
    1742
    1789
    1662
    1760
    1772
    1685
    1771
    1730
    1785
    1769
    1733
    1735
    1745
    1801
    1798
    1716
    1726
    1775
    1768
    1742
    1747
    1729
    1739
    1803
    1703
    1787
    1759
    1720
    1807
    1767
    1804
    1811
    1756
    1773
    1761
    1780
    1784
    1713
    1701
    1836
    1741
    1753
    1758
    1848
    1760
    1810
    1770
    1805
    1853
    1838
    1819
    1766
    1702
    1742
    1788
    1751
    1776
    1769
    1845
    1846
    1858
    1861
    1848
    1736
    1921
    1815
    1859
    1793
    1846
    1788
    1890
    1871
    1852
    1908
    1870
    1906
    1864
    1878
    1912
    1926
    1822
    1937
    1882
    1815
    1906
    1950
    1943
    2006
    1935
    1991
    2081
    2035
    2144
    2126
    2203
    2349
    2322
    2541
    2483
    2602
    2622
    2657
    2741
    2654
    2739
    2848
    2747
    2784
    2710
    2916
    2848
    2807
    2841
    2792
    2783
    2796
    2681
    2846
    2817
    2866
    2886
    2733
    2791
    2797
    2859
    2753
    2878
    2666
    2805
    2787
    2803
    2756
    2795
    2664
    2839
    2697
    2757
    2718
    2609
    2597
    2718
    2666
    2584
    2524
    2563
    2586
    2549
    2541
    2455
    2461
    2521
    2413
    2390
    2435
    2409
    2382
    2324
    2296
    2297
    2401
    2266
    2369
    2341
    2272
    2260
    2328
    2248
    2307
    2212
    2254
    2120
    2236
    2274
    2196
    2300
    2142
    2150
    2138
    2181
    2201
    2217
    2168
    2243
    2148
    2139
    2147
    2221
    2047
    2180
    2030
    2169
    2171
    2004
    2112
    2082
    2187
    2095
    2045
    2090
    2093
    2042
    2053
    2051
    1989
    2022
    2106
    1965
    2023
    2001
    2070
    2029
    1981
    2056
    1960
    1970
    1924
    2038
    1883
    1995
    1975
    1875
    1980
    1902
    1940
    1947
    1953
    1819
    1927
    1911
    1908
    1891
    1925
    1902
    1824
    1884
    1918
    1914
    1972
    1875
    1919
    1840
    1757
    1802
    1813
    1835
    1788
    1849
    1843
    1799
    1806
    1844
    1795
    1722
    1796
    1771
    1754
    1783
    1759
    1784
    1678
    1827
    1721
    1756
    1719
    1726
    1773
    1680
    1784
    1674
    1728
    1722
    1787
    1712
    1774
    1693
    1726
    1741
    1688
    1656
    1730
    1661
    1630
    1642
    1729
    1702
    1636
    1656
    1628
    1663
    1629
    1623
    1612
    1619
    1627
    1608
    1638
    1581
    1612
    1671
    1539
    1600
    1584
    1652
    1581
    1576
    1614
    1573
    1604
    1557
    1593
    1516
    1529
    1620
    1559
    1573
    1569
    1569
    1552
    1481
    1502
    1466
    1599
    1515
    1567
    1476
    1528
    1532
    1516
    1509
    1572
    1497
    1534
    1490
    1494
    1456
    1508
    1450
    1484
    1420
    1498
    1487
    1388
    1453
    1516
    1529
    1454
    1526
    1452
    1418
    1485
    1465
    1411
    1431
    1424
    1474
    1467
    1399
    1496
    1447
    1425
    1405
    1473
    1371
    1406
    1446
    1365
    1394
    1403
    1452
    1406
    1458
    1422
    1384
    1350
    1460
    1359
    1451
    1412
    1384
    1350
    1417
    1404
    1403
    1389
    1447
    1451
    1357
    1414
    1413
    1424
    1382
    1399
    1423
    1457
    1381
    1330
    1409
    1425
    1374
    1415
    1412
    1398
    1384
    1380
    1384
    1364
    1431
    1373
    1411
    1431
    1302
    1346
    1369
    1400
    1344
    1388
    1445
    1413
    1384
    1395
    1323
    1361
    1385
    1368
    1440
    1449
    1375
    1386
    1403
    1377
    1460
    1392
    1401
    1416
    1280
    1391
    1360
    1380
    1417
    1312
    1381
    1352
    1417
    1349
    1411
    1374
    1348
    1395
    1402
    1403
    1364
    1401
    1425
    1390
    1426
    1437
    1448
    1378
    1422
    1363
    1350
    1326
    1422
    1385
    1358
    1405
    1341
    1341
    1386
    1348
    1399
    1405
    1453
    1445
    1452
    1387
    1402
    1424
    1338
    1471
    1345
    1343
    1353
    1412
    1370
    1429
    1355
    1372
    1398
    1399
    1416
    1410
    1486
    1413
    1375
    1428
    1394
    1439
    1435
    1417
    1394
    1447
    1448
    1486
    1402
    1405
    1433
    1429
    1404
    1369
    1407
    1448
    1371
    1413
    1419
    1420
    1410
    1386
    1426
    1426
    1414
    1450
    1366
    1427
    1493
    1469
    1465
    1340
    1439
    1435
    1457
    1495
    1441
    1385
    1405
    1427
    1480
    1337
    1439
    1500
    1471
    1492
    1466
    1401
    1510
    1447
    1435
    1429
    1428
    1432
    1383
    1385
    1358
    1542
    1416
    1442
    1484
    1481
    1521
    1455
    1481
    1461
    1455
    1512
    1484
    1437
    1432
    1463
    1405
    1547
    1490
    1477
    1554
    1439
    1517
    1467
    1531
    1483
    1474
    1466
    1463
    1431
    1527
    1546
    1549
    1526
    1483
    1479
    1547
    1545
    1519
    1563
    1512
    1548
    1480
    1552
    1561
    1419
    1543
    1552
    1493
    1515
    1569
    1588
    1587
    1453
    1546
    1550
    1537
    1513
    1525
    1572
    1609
    1560
    1631
    1585
    1543
    1575
    1549
    1616
    1612
    1580
    1574
    1664
    1549
    1551
    1593
    1556
    1485
    1566
    1544
    1595
    1665
    1566
    1626
    1568
    1607
    1585
    1639
    1556
    1739
    1676
    1649
    1573
    1650
    1577
    1653
    1749
    1609
    1660
    1616
    1640
    1645
    1586
    1626
    1665
    1696
    1606
    1705
    1627
    1608
    1682
    1628
    1648
    1726
    1598
    1787
    1777
    1776
    1691
    1681
    1691
    1737
    1783
    1698
    1766
    1543
    1647
    1738
    1807
    1705
    1731
    1602
    1753
    1708
    1836
    1684
    1764
    1781
    1711
    1721
    1790
    1797
    1731
    1706
    1776
    1767
    1849
    1763
    1792
    1796
    1806
    1760
    1871
    1755
    1790
    1806
    1775
    1854
    1903
    1799
    1810
    1838
    1803
    1848
    1818
    1797
    1828
    1867
    1887
    1825
    1839
    1904
    1849
    1906
    1843
    1906
    1932
    1962
    1901
    1921
    1929
    1860
    1888
    1976
    1998
    1867
    1952
    1952
    1961
    1949
    1924
    1838
    1933
    1907
    2011
    1966
    2041
    2037
    2000
    1884
    2016
    1918
    2044
    1955
    2016
    2127
    2018
    2046
    2082
    2021
    1948
    2087
    2025
    2092
    2010
    2006
    2065
    2050
    2047
    2083
    1992
    2116
    2073
    2046
    2114
    2132
    2216
    2127
    2105
    2208
    2147
    2042
    2158
    2105
    2101
    2213
    2081
    2141
    2090
    2215
    2175
    2057
    2156
    2118
    2164
    2187
    2075
    2193
    2188
    2170
    2245
    2208
    2275
    2188
    2187
    2233
    2171
    2225
    2209
    2289
    2183
    2175
    2240
    2256
    2192
    2240
    2183
    2143
    2118
    2183
    2198
    2035
    2132
    2028
    2075
    2055
    1952
    1936
    1951
    1939
    1934
    1858
    1831
    1807
    1725
    1714
    1612
    1589
    1624
    1536
    1486
    1488
    1396
    1397
    1405
    1423
    1376
    1303
    1374
    1340
    1253
    1263
    1289
    1262
    1227
    1262
    1203
    1170
    1181
    1132
    1172
    1171
    1132
    1150
    1168
    1225
    1092
    1138
    1122
    1073
    1174
    1059
    1132
    1075
    1053
    1058
    1081
    1061
    1048
    1071
    1069
     996
    1013
    1041
    1018
    1059
    1099
    1025
     965
     963
     934
     990
     951
     913
     927
     955
     985
     921
     990
     940
     996
     918
     920
     920
     971
     908
     881
     905
     882
     886
     943
     922
     912
     849
     875
     911
     880
     822
     884
     862
     854
     832
     827
     831
     793
     748
     855
     814
     796
     834
     784
     802
     762
     735
     807
     766
     770
     696
     779
     730
     713
     713
     688
     759
     750
     701
     685
     706
     704
     732
     745
     659
     705
     720
     659
     638
     606
     638
     668
     678
     685
     666
     639
     664
     620
     672
     618
     587
     652
     581
     615
     588
     618
     587
     575
     614
     567
     597
     596
     598
     564
     571
     564
     517
     528
     511
     482
     545
     517
     497
     513
     487
     476
     499
     451
     457
     466
     452
     490
     425
     448
     414
     488
     445
     422
     430
     430
     427
     384
     432
     450
     441
     449
     391
     410
     390
     378
     396
     380
     396
     386
     362
     373
     369
     369
     351
     332
     359
     383
     360
     336
     378
     335
     346
     298
     331
     340
     325
     299
     298
     309
     310
     296
     311
     319
     294
     308
     293
     294
     273
     300
     283
     278
     284
     275
     263
     259
     279
     275
     300
     305
     260
     264
     249
     295
     246
     234
     259
     246
     276
     271
     239
     244
     272
     251
     245
     207
     247
     228
     245
     240
     258
     237
     226
     218
     187
     210
     266
     229
     222
     226
     202
     210
     207
     260
     219
     221
     200
     253
     231
     230
     205
     220
     229
     246
     210
     208
     201
     194
     210
     228
     166
     193
     176
     223
     201
     207
     210
     212
     217
     216
     199
     203
     195
     177
     189
     217
     221
     200
     203
     178
     200
     211
     202
     161
     190
     209
     199
     194
     201
     199
     183
     191
     198
     193
     196
     212
     196
     210
     215
     192
     183
     184
     179
     199
     209
     195
     180
     202
     179
     200
     217
     219
     214
     202
     198
     182
     172
     185
     193
     157
     205
     158
     185
     176
     187
     180
     200
     196
     183
     178
     220
     167
     198
     195
     191
     206
     168
     192
     195
     187
     213
     209
     201
     183
     168
     188
     173
     182
     195
     179
     200
     162
     179
     176
     186
     176
     175
     180
     185
     188
     194
     181
     189
     182
     169
     183
     165
     204
     192
     198
     175
     216
     182
     178
     158
     171
     179
     143
     162
     194
     186
     190
     199
     187
     177
     179
     202
     166
     198
     175
     178
     159
     193
     167
     192
     200
     202
     173
     185
     174
     182
     193
     182
     175
     188
     203
     174
     190
     202
     186
     187
     201
     176
     201
     201
     204
     211
     213
     208
     229
     231
     245
     237
     204
     199
     237
     229
     204
     213
     240
     254
     257
     264
     305
     402
     666
    1196
    2335
    4252
    7389
   12104
   19002
   29309
   43726
   60072
   76690
   87846
   91089
   85769
   72812
   53370
   34289
   19238
   10052
    4852
    2280
     896
     361
     152
     112
      90
     102
      89
      99
      86
      77
      88
      90
      74
      75
      52
      74
      66
      70
      73
      70
      71
      65
      63
      61
      72
      55
      53
      73
      60
      75
      69
      72
      51
      63
      60
      55
      64
      63
      72
      65
      55
      57
      72
      55
      71
      61
      45
      54
      55
      50
      61
      68
      42
      56
      57
      53
      67
      50
      49
      60
      56
      55
      71
      76
      64
      65
      71
      64
      65
      56
      48
      53
      86
      49
      38
      58
      57
      61
      50
      54
      43
      50
      40
      52
      34
      56
      49
      51
      46
      28
      59
      46
      50
      39
      37
      54
      48
      57
      50
      53
      40
      43
      54
      48
      48
      49
      38
      29
      42
      49
      32
      35
      48
      41
      40
      35
      43
      46
      40
      52
      40
      45
      43
      47
      40
      32
      42
      44
      38
      40
      45
      38
      42
      30
      46
      46
      48
      48
      35
      45
      53
      44
      42
      45
      35
      44
      42
      47
      52
      41
      46
      49
      34
      48
      50
      47
      50
      42
      52
      36
      55
      29
      38
      49
      48
      37
      50
      51
      40
      30
      44
      42
      42
      53
      43
      40
      46
      30
      41
      54
      50
      49
      45
      32
      50
      38
      46
      44
      48
      44
      40
      37
      44
      43
      41
      52
      38
      46
      36
      45
      36
      41
      36
      38
      36
      34
      43
      35
      41
      27
      34
      41
      38
      38
      45
      38
      42
      32
      35
      35
      23
      38
      36
      34
      46
      45
      39
      37
      45
      37
      26
      48
      45
      39
      61
      33
      39
      34
      37
      37
      41
      34
      42
      36
      34
      34
      39
      29
      40
      32
      44
      40
      51
      39
      39
      35
      39
      34
      37
      45
      46
      42
      43
      51
      48
      32
      39
      36
      35
      33
      29
      44
      41
      48
      48
      33
      39
      32
      26
      45
      37
      37
      37
      46
      41
      35
      42
      38
      41
      37
      31
      40
      53
      37
      36
      32
      30
      35
      40
      37
      33
      29
      42
      41
      41
      38
      39
      34
      41
      41
      41
      37
      48
      43
      40
      48
      29
      43
      46
      40
      35
      34
      31
      42
      37
      44
      51
      47
      39
      32
      44
      38
      32
      38
      32
      33
      52
      44
      29
      33
      37
      34
      39
      47
      41
      33
      40
      42
      47
      41
      45
      46
      50
      34
      41
      40
      43
      38
      50
      39
      43
      42
      36
      39
      43
      38
      46
      46
      47
      35
      41
      35
      40
      39
      52
      41
      44
      45
      43
      21
      46
      44
      51
      45
      55
      31
      35
      42
      48
      57
      38
      39
      44
      51
      46
      43
      39
      49
      40
      48
      44
      49
      36
      33
      35
      46
      34
      57
      36
      35
      44
      36
      39
      37
      43
      34
      38
      46
      41
      36
      40
      48
      34
      47
      52
      32
      35
      38
      41
      35
      50
      43
      58
      56
      53
      42
      29
      47
      43
      37
      38
      49
      42
      51
      53
      41
      50
      41
      47
      44
      50
      45
      32
      38
      44
      42
      46
      48
      37
      22
      33
      53
      38
      43
      51
      46
      44
      38
      37
      57
      41
      36
      30
      62
      39
      45
      52
      27
      43
      37
      41
      46
      44
      46
      55
      44
      32
      30
      36
      47
      32
      58
      33
      40
      41
      53
      50
      45
      37
      42
      50
      49
      37
      60
      55
      44
      41
      39
      43
      47
      54
      47
      50
      36
      48
      49
      43
      35
      40
      38
      52
      42
      46
      37
      35
      47
      50
      52
      35
      49
      58
      40
      41
      46
      47
      52
      54
      35
      41
      36
      45
      39
      45
      43
      38
      54
      44
      42
      45
      45
      47
      53
      39
      50
      49
      43
      50
      41
      36
      48
      40
      68
      49
      48
      53
      48
      53
      41
      58
      44
      57
      51
      38
      51
      38
      34
      52
      61
      55
      41
      48
      40
      37
      44
      53
      41
      48
      52
      39
      60
      62
      32
      45
      49
      43
      59
      43
      60
      40
      50
      53
      52
      61
      39
      52
      44
      38
      54
      40
      56
      51
      58
      42
      57
      58
      48
      48
      45
      49
      39
      56
      46
      37
      56
      39
      61
      61
      54
      47
      45
      52
      52
      52
      38
      59
      36
      60
      51
      58
      49
      62
      34
      48
      50
      49
      51
      47
      49
      48
      55
      46
      65
      47
      54
      45
      52
      41
      54
      51
      53
      44
      52
      41
      65
      57
      48
      51
      55
      63
      48
      45
      52
      60
      49
      56
      40
      54
      70
      38
      44
      58
      58
      62
      57
      55
      47
      48
      35
      48
      61
      70
      59
      47
      43
      47
      58
      59
      42
      57
      43
      52
      45
      65
      60
      49
      67
      52
      67
      57
      53
      55
      61
      56
      53
      46
      42
      53
      61
      57
      53
      55
      65
      53
      52
      56
      73
      47
      52
      51
      53
      52
      60
      54
      46
      69
      56
      57
      61
      46
      47
      40
      37
      50
      63
      59
      50
      50
      48
      43
      54
      44
      55
      39
      51
      46
      44
      43
      48
      38
      48
      54
      45
      43
      41
      49
      39
      44
      50
      45
      38
      34
      38
      36
      42
      42
      43
      45
      42
      51
      52
      37
      39
      44
      36
      47
      47
      33
      46
      49
      40
      49
      42
      42
      34
      38
      31
      51
      38
      45
      41
      31
      34
      39
      45
      48
      41
      46
      43
      36
      49
      50
      32
      41
      45
      28
      32
      39
      32
      45
      40
      40
      41
      52
      50
      34
      34
      42
      38
      34
      42
      33
      40
      53
      40
      37
      35
      29
      46
      37
      35
      35
      37
      39
      41
      49
      39
      49
      48
      47
      41
      42
      38
      29
      42
      27
      29
      43
      35
      33
      31
      43
      34
      32
      45
      40
      30
      39
      30
      39
      37
      45
      41
      30
      35
      36
      34
      41
      37
      30
      31
      33
      32
      41
      40
      34
      44
      35
      38
      32
      38
      36
      22
      31
      48
      34
      33
      43
      44
      48
      32
      44
      31
      48
      46
      31
      38
      39
      37
      36
      31
      46
      45
      33
      28
      31
      34
      41
      40
      41
      32
      26
      32
      40
      42
      28
      39
      33
      45
      40
      33
      37
      41
      45
      45
      29
      31
      40
      39
      34
      26
      30
      34
      36
      38
      27
      37
      39
      40
      30
      36
      38
      33
      36
      37
      34
      39
      30
      30
      35
      43
      26
      34
      33
      26
      30
      31
      51
      30
      33
      34
      34
      37
      25
      30
      41
      35
      27
      28
      25
      37
      33
      32
      27
      28
      43
      40
      39
      32
      44
      26
      36
      28
      30
      28
      45
      35
      38
      28
      34
      31
      33
      38
      35
      38
      42
      42
      43
      38
      39
      40
      38
      34
      31
      28
      34
      31
      33
      41
      29
      39
      32
      31
      27
      30
      47
      32
      36
      39
      25
      32
      42
      30
      39
      30
      37
      38
      24
      29
      26
      35
      30
      30
      44
      29
      38
      30
      32
      30
      32
      22
      36
      38
      39
      28
      32
      36
      32
      28
      28
      43
      41
      39
      40
      30
      27
      44
      35
      47
      37
      31
      42
      35
      32
      35
      38
      41
      39
      36
      34
      38
      42
      35
      27
      31
      44
      40
      33
      35
      30
      30
      32
      32
      38
      42
      37
      36
      35
      23
      38
      39
      33
      38
      35
      35
      40
      33
      23
      35
      33
      37
      42
      46
      27
      38
      37
      41
      36
      40
      32
      27
      32
      38
      40
      42
      27
      52
      31
      40
      29
      27
      28
      31
      33
      35
      31
      25
      37
      32
      30
      28
      25
      25
      35
      18
      26
      20
      25
      27
      32
      27
      27
      30
      29
      31
      33
      31
      17
      30
      22
      19
      25
      25
      30
      18
      30
      20
      20
      26
      20
      20
      18
      26
      26
      18
      20
      29
      25
      16
      10
      14
      17
      22
      15
      29
      24
      19
      21
      15
      24
      24
      13
      20
      14
      18
      25
      28
      24
      13
      18
      28
      20
      30
      25
      25
      22
      21
      23
      16
      18
      15
      16
      12
      27
      24
      15
      21
      21
      18
      18
      21
      19
      22
      20
      23
      13
      16
      18
      20
      19
      18
      27
      16
      24
      25
      19
      10
      10
      18
      19
      17
      18
      13
      22
      24
      22
      13
      24
      14
      23
      20
      16
      11
      17
      23
      20
      12
      18
      24
      16
      23
      24
      29
      36
      47
      54
      69
      80
     121
     152
     175
     223
     285
     369
     505
     623
     718
     854
     942
     937
     959
     981
     944
     857
     664
     562
     352
     243
     130
     105
      72
      43
      35
      44
      20
      20
      16
      14
      11
      12
      12
      12
      15
      11
       9
      12
      13
      10
       9
      13
       9
      11
      23
      13
      10
      13
      12
      19
      19
       9
       9
      10
      12
      11
      11
       8
      13
      15
      17
      10
      10
       8
      11
       6
       6
       5
       8
      14
      14
      12
       6
      10
      16
      14
      10
      15
      15
      11
      12
       8
      10
       5
       8
      11
      11
       5
      14
       9
       7
      11
      13
      10
      14
       8
       8
       8
      14
      13
       9
      10
       6
       4
       5
       8
       8
       6
       7
      15
       7
       5
      12
      10
      11
       6
       7
      17
       5
      11
       8
      10
       7
       4
       5
       5
      12
       5
       4
       8
       8
       4
       4
       7
       7
       5
      11
      13
       5
       5
       6
       6
       2
       9
       6
      11
      10
       7
       8
       7
       5
       4
       5
       2
       4
       3
       5
       8
       4
       2
       6
       3
       5
       4
       7
       3
       3
       3
      11
       5
       6
       6
      12
       4
       7
       3
       5
       6
       5
       7
       8
       2
       2
       7
       4
       5
       2
       2
       5
       5
       3
       6
       3
       4
       6
       4
       5
       3
       3
       3
       4
       4
       6
       3
       6
       6
       5
       6
       5
       6
       4
       8
       1
       1
       4
       5
       3
       5
       5
       1
       0
       8
       0
       8
       5
       2
       1
       9
       6
       3
       4
       4
       2
       7
       5
       5
       3
       3
       3
       7
       4
       6
       4
       3
       1
       2
       7
       6
       1
       3
       2
       4
       1
       4
       3
       8
       6
       2
       5
       4
       5
       3
       2
       5
       3
       5
       3
       4
       5
       2
       3
       7
       3
       5
       4
       3
       4
       4
       4
       4
       3
       4
       1
       6
       4
       1
       3
       3
       3
       1
       3
       4
       3
       3
       7
       3
       3
       2
       6
       3
       3
       4
       6
       5
       5
       3
       2
      10
       0
       5
       6
       0
       2
       4
       2
       3
       6
       3
       2
       5
       5
       2
       4
       2
       4
       4
       3
       5
       3
       3
       6
       3
       6
       6
       1
       4
       4
       4
       5
       3
       4
       6
       1
       4
       3
       9
       6
       4
       8
       6
       4
       5
       5
       5
       2
       7
       2
       1
       2
       3
       3
       9
       5
       9
       9
       6
       9
      11
       2
       5
       3
       6
      10
       4
       7
       5
       7
       3
      13
       6
      11
       4
       8
       9
      11
       7
      10
       8
      13
      13
      12
      15
      12
      24
      11
      29
      41
      53
      55
      70
      73
     119
     141
     164
     223
     309
     356
     452
     536
     678
     683
     702
     723
     754
     772
     775
     769
     629
     504
     374
     253
     146
      98
      86
      54
      34
      31
      19
       8
       2
       3
       0
       3
       3
       3
       0
       0
       1
       2
       0
       0
       0
       3
       2
       1
       1
       0
       2
       0
       2
       0
       1
       0
       0
       3
       1
       1
       2
       0
       2
       2
       2
       1
       0
       2
       0
       1
       3
       1
       2
       2
       1
       0
       0
       2
       1
       0
       4
       2
       0
       2
       2
       1
       1
       1
       2
       0
       2
       0
       0
       0
       1
       1
       1
       0
       0
       0
       0
       0
       0
       0
       1
       2
       1
       1
       3
       1
       0
       0
       1
       2
       0
       0
       0
       0
       1
       0
       0
       1
       0
       1
       0
       2
       0
       0
       3
       0
       1
       1
       0
       0
       1
       5
       0
       0
       3
       3
       1
       0
       0
       0
       0
       2
       1
       1
       0
       1
       0
       2
       1
       0
       0
       1
       1
       2
       3
       1
       1
       2
       0
       4
       1
       1
       0
       0
       3
       3
       2
       0
       0
       1
       0
       2
       0
       2
       0
       0
       1
       2
       1
       0
       0
       0
       0
       0
       1
       2
       2
       0
       0
       0
       1
       1
       2
       1
       0
       0
       1
       1
       0
       1
       0
       1
       1
       2
       2
       1
       1
       1
       0
       0
       0
       0
       0
       1
       0
       2
       1
       0
       3
       1
       0
       0
       3
       2
       3
       1
       0
       0
       1
       0
       1
       2
       1
       0
       1
       0
       0
       2
       1
       1
       0
       1
       0
       0
       0
       1
       3
       1
       3
       0
       1
       1
       1
       0
       0
       1
       2
       1
       1
       1
       0
       0
       0
       3
       1
       4
       0
       2
       0
       0
       1
       2
       1
       2
       1
       3
       1
       0
       0
       0
       1
       2
       2
       1
       2
       2
       2
       1
       1
       1
       0
       0
       0
       1
       1
       0
       0
       1
       2
       0
       0
       0
       1
       0
       0
       0
       0
       0
       0
       3
       0
       1
       0
       0
       0
       1
       1
       0
       3
       0
       1
       1
       0
       0
       1
       3
       0
       0
       1
       1
       1
       0
       0
       0
       0
       1
       1
       0
       0
       0
       0
       0
       0
       0
       0
       0
       2
       0
       0
       0
       0
       1
       1
       0
       1
       0
       1
       1
       0
       1
       2
       0
       1
       0
       1
       0
       0
       1
       2
       0
       2
       2
       1
       2
       0
       1
       1
       0
       0
       0
       0
       0
       2
       1
       1
       0
       0
       0
       1
       0
       0
       0
       0
       0
       0
       0
       1
       2
       0
       0
       0
       1
       1
       1
       0
       1
       0
       0
       1
       0
       0
       0
       1
       1
       1
       0
       0
       0
       0
       0
       0
       5
       0
       0
       1
       0
       2
       1
       1
       0
       0
       1
       0
       1
       1
       1
       1
       1
       0
       0
       0
       0
       1
       0
       0
       2
       0
       0
       1
       0
       0
       0
       0
       1
       0
       1
       0
       0
       0
       0
       1
       1
       1
       0
       0
       0
       2
       1
       1
       3
       0
       1
       1
       1
       1
       1
       0
       0
       1
       1
       0
       0
       3
       0
       0
       0
       0
       0
       1
       0
       1
       0
       1
       0
       0
       1
       0
       1
       1
       0
       1
       1
       1
       0
       1
       0
       1
       0
       0
       0
       1
       1
       0
       0
       0
       1
       0
       0
       1
       1
       0
       0
       0
       0
       0
       0
       0
       0
       1
       1
       1
       0
       0
       1
       1
       0
       0
       0
       1
       1
       0
       0
       0
       1
       0
       1
       0
       0
       1
       1
       1
       1
       0
       0
       1
       1
       1
       1
       0
       0
       2
       0
       0
       0
       0
       0
       0
       1
       1
       0
       0
       2
       1
       0
       1
       0
       0
       0
       0
       0
       1
       0
       2
       2
       1
       0
       0
       1
       0
       0
       1
       1
       0
       0
       1
       0
       0
       0
       0
       0
       2
       0
       1
       0
       1
       0
       1
       1
       0
       0
       0
       0
       0
       0
       0
       0
       0
       0
       0
       0
       0
       0
       0
       0
       0
       0
       0
       0
       0
       1
       0
       0
       0
       1
       0
       0
       1
       1
       0
       0
       1
       1
       0
       1
       0
       0
       0
       0
       1
       0
       1
       1
       0
       1
       0
       1
       0
       1
       0
       1
       1
       0
       1
       0
       0
       0
       0
       2
       0
       0
       0
       0
       0
       0
       1
       0
       0
       0
       1
       1
       3
       0
       1
       0
       0
       0
       0
       0
       0
       2
       1
       0
       0
       1
       0
       0
       0
       0
       0
       0
       0
       0
       1
       1
       1
       1
       0
       2
       0
       0
       0
       0
       0
       1
       0
       0
       1
       1
       1
       0
       0
       0
       0
       0
       0
       0
       1
       1
       0
       2
       0
       0
       0
       1
       0
       1
       0
       0
       0
       0
       0
       0
       1
       0
       0
       1
       0
       0
       2
       0
       0
       0
       0
       0
       0
       0
       0
       0
       0
       0
       0
       0
       1
       0
       1
       0
       0
       0
       0
       0
       0
       1
       0
       1
       0
       0
       1
       1
       0
       0
       1
       1
       0
       0
       0
       0
       0
       0
       0
       1
       0
       0
       0
       0
       0
       0
       0
       0
       0
       0
       0
       1
       0
       1
       0
       0
       0
       0
       0
       0
       0
       1
       1
       0
       0
       0
       0
       0
       0
       0
       0
       0
       0
       0
       0
       0
       1
       1
       0
       1
       0
       1
       0
       0
       1
       0
       0
       0
       0
       0
       0
       0
       0
       0
       0
       0
       0
       1
       0
       0
       1
       0
       0
       0
       0
       0
       0
       0
       0
       0
       0
       0
       0
       0
       0
       0
       0
       0
       1
       1
       0
       0
       0
       0
       0
       0
       0
       1
       0
       0
       0
       1
       0
       0
       0
       0
       0
       0
       0
       2
       0
       0
       0
       1
       0
       0
       1
       1
       0
       0
       1
       1
       0
       1
       0
       0
       0
       0
       0
       0
       0
       0
       0
       0
       0
       1
       1
       0
       0
       1
       0
       1
       1
       0
       0
       2
       1
       0
       0
       0
       2
       0
       1
       0
       1
       2
       0
       0
       0
       0
       0
       0
       0
       2
       1
       0
       0
       0
       0
       0
       0
       1
       1
       2
       0
       2
       0
       0
       0
       1
       0
       0
       0
       1
       0
       0
       0
       0
       0
       1
       1
       0
       0
       0
       0
       1
       0
       0
       0
       0
       0
       0
       0
       0
       0
       0
       1
       0
       1
       0
       0
       0
       0
       0
       0
       0
       0
       0
       0
       0
       1
       0
       0
       0
       0
       0
       0
       0
       2
       1
       0
       0
       0
       0
       0
       0
       0
       0
       0
       0
       1
       1
       0
       1
       0
       0
       0
       0
       0
       1
       1
       1
       0
       0
       0
       0
       0
       0
       0
       0
       1
       0
       1
       1
       0
       0
       0
       0
       0
       0
       0
       0
       0
       0
       0
       0
       0
       0
       0
       1
       1
       0
       1
       1
       0
       0
       0
       0
       0
       0
       1
       0
       0
       1
       0
       0
       0
       0
       0
       0
       0
       1
       0
       0
       1
       0
       0
       0
       0
       0
       0
       0
       3
       0
       0
       0
       1
       1
       0
       0
       0
       0
       0
       0
       0
       0
       0
       0
       0
       0
       0
       1
       0
       0
       0
       0
       0
       0
       0
       0
       0
       1
       0
       1
       0
       1
       0
       0
       1
       1
       0
       0
       1
       1
       0
       0
       0
       0
       0
       0
       1
       0
       0
       0
       0
       1
       0
       0
       0
       0
       1
       0
       1
       1
       0
       1
       0
       0
       0
       0
       0
       0
       0
       0
       0
       0
       1
       0
       1
       0
       1
       0
       0
       0
       1
       0
       1
       0
       0
       0
       1
       0
       0
       0
       0
       0
       0
       0
       0
       0
       1
       0
       1
       0
       1
       0
       0
       0
       1
       1
       0
       0
       1
       0
       0
       0
       0
       0
       0
       0
       0
       0
       0
       0
       0
       1
       1
       0
       0
       0
       0
       0
       0
       0
       0
       0
       1
       0
       0
       0
       0
       0
       0
       2
       0
       0
       0
       1
       0
       0
       1
       1
       0
       0
       0
       0
       0
       0
       0
       0
       1
       0
       0
       1
       1
       0
       1
       0
       2
       0
       0
       0
       0
       1
       0
       1
       0
       2
       0
       1
       0
       1
       0
       0
       0
       0
       1
       0
       0
       0
       0
       1
       1
       0
       0
       0
       0
       0
       0
       0
       0
       0
       0
       0
       0
       0
       0
       0
       1
       0
       0
       1
       1
       0
       0
       0
       0
       0
       0
       0
       0
       0
       0
       0
       0
       0
       0
       0
       0
       0
       0
       0
       1
       0
       0
       0
       0
       0
       0
       0
       0
       0
       0
       0
       0
       0
       0
       0
       0
       0
       1
       0
       1
       0
       1
       0
       0
       1
       0
       0
       0
       0
       0
       0
       0
       0
       0
       0
       0
       0
       0
       0
       0
       0
       0
       0
       0
       0
       0
       0
       0
       0
       0
       0
       0
       0
       0
       2
       0
       0
       0
       0
       0
       0
       0
       0
       0
       0
       0
       1
       1
       0
       0
       0
       0
       0
       0
       0
       0
       0
       0
       0
       0
       1
       0
       0
       0
       0
       0
       0
       0
       0
       0
       0
       0
       0
       0
       0
       0
       0
       0
       0
       0
       0
       0
       0
       0
       0
       0
       0
       0
       0
       0
       0
       0
       0
       0
       0
       0
       0
       0
       0
       0
       0
       0
       0
       1
       0
       0
       0
       1
       0
       0
       0
       1
       0
       0
       0
       0
       2
       0
       0
       0
       0
       0
       1
       0
       0
       0
       0
       0
       0
       0
       0
       1
       1
       1
       0
       0
       0
       1
       0
       1
       0
       1
       1
       0
       0
       0
       0
       0
       0
       0
       0
       0
       0
       0
       0
       2
       0
       0
       0
       0
       0
       0
       0
       0
       0
       0
       0
       0
       0
       0
       0
       0
       0
       1
       0
       0
       0
       0
       0
       0
       0
       0
       0
       0
       0
       0
       0
       0
       0
       1
       0
       1
       0
       0
       0
       0
       0
       0
       1
       0
       0
       0
       0
       1
       0
       0
       0
       0
       0
       0
       0
       0
       0
       0
       0
       0
       0
       0
       0
       0
       0
       0
       0
       0
       0
       0
       0
       0
       1
       0
       0
       0
       0
       0
       0
       1
       1
       0
       0
       0
       1
       0
       0
       0
       0
       1
       2
       0
       0
       0
       0
       0
       1
       0
       0
       0
       0
       0
       0
       0
       1
       0
       0
       0
       0
       0
       1
       1
       0
       0
       0
       0
       0
       0
       0
       0
       0
       0
       0
       0
       0
       3
       0
       0
       0
       1
       0
       0
       0
       0
       0
       0
       0
       0
       1
       0
       0
       1
       2
       0
       0
       0
       0
       0
       1
       0
       0
       0
       0
       0
       0
       0
       1
       0
       0
       0
       0
       0
       0
       0
       0
       2
       0
       1
       1
       0
       1
       0
       1
       0
       0
       0
       0
       0
       0
       0
       0
       0
       0
       1
       0
       0
       0
       1
       0
       0
       0
       0
       0
       0
       0
       0
       0
       0
       0
       0
       0
       0
       0
       0
       0
       0
       0
       0
       0
       0
       0
       0
       0
       0
       0
       0
       0
       0
       0
       0
       1
       1
       0
       1
       0
       0
       0
       0
       0
       0
       0
       0
       0
       0
       0
       0
       0
       0
       0
       0
       0
       0
       0
       0
       0
       0
       0
       0
       0
       0
       0
       0
       0
       0
       0
       0
       0
       0
       0
       0
       1
       0
       0
       0
       0
       0
       1
       0
       0
       0
       0
       1
       0
       0
       0
       0
       0
       0
       0
       0
       0
       0
       0
       0
       0
       0
       0
       0
       0
       0
       0
       0
       0
       0
       0
       0
       0
       1
       0
       0
       0
       0
       0
       0
       0
       0
       0
       0
       0
       0
       0
       0
       0
       0
       1
       0
       0
       1
       0
       1
       0
       0
       0
       0
       0
       0
       0
       0
       0
       0
       0
       0
       0
       0
       0
       0
       0
       0
       1
       0
       0
       1
       0
       0
       0
       0
       0
       0
       0
       1
       0
       0
       0
       0
       0
       0
       0
       0
       0
       0
       0
       0
       0
       0
       0
       0
       0
       0
       0
       0
       0
       0
       0
       0
       0
       0
       0
       0
       0
       0
       0
       1
       0
       0
       2
       0
       0
       0
       1
       0
       0
       0
       0
       0
       0
       0
       0
       0
       2
       0
       0
       0
       0
       0
       0
       0
       0
       0
       0
       1
       0
       0
       0
       0
       0
       0
       0
       0
       0
       0
       1
       0
       0
       0
       0
       0
       0
       0
       0
       0
       0
       0
       0
       0
       0
       0
       0
       0
       0
       0
       1
       0
       0
       0
       0
       0
       0
       0
       0
       0
       1
       0
       0
       0
       0
       0
       0
       0
       0
       0
       1
       0
       0
       0
       0
       0
       0
       1
       0
       0
       0
       0
       0
       0
       1
       0
       0
       0
       0
       0
       0
       0
       0
       0
       0
       0
       0
       0
       0
       0
       0
       0
       1
       0
       0
       0
       0
       0
       1
       0
       1
       0
       1
       0
       0
       0
       0
       0
       0
       0
       1
       0
       0
       0
       1
       0
       0
       0
       0
       0
       0
       0
       0
       0
       0
       1
       0
       0
       0
       0
       0
       0
       0
       0
       0
       0
       0
       0
       1
       0
       0
       0
       0
       0
       0
       0
       0
       0
       0
       0
       0
       0
       0
       0
       0
       0
       0
       0
       0
       0
       0
       0
       0
       0
       0
       0
       0
       0
       0
       0
       0
       0
       0
       0
       0
       0
       1
       0
       0
       0
       1
       0
       0
       0
       0
       0
       0
       0
       0
       0
       1
       0
       0
       0
       1
       0
       0
       0
       0
       0
       0
       0
       0
       0
       0
       0
       0
       0
       0
       0
       1
       0
       0
       0
       0
       0
       0
       0
       0
       0
       1
       1
       0
       0
       0
       0
       0
       0
       0
       0
       0
       0
       0
       0
       0
       0
       0
       0
       0
       0
       0
       0
       0
       0
       0
       0
       0
       0
       0
       0
       0
       0
       1
       1
       0
       1
       0
       0
       0
       0
       0
       0
       0
       0
       1
       0
       0
       0
       0
       0
       0
       0
       0
       0
       0
       0
       0
       0
       0
       0
       0
       0
       0
       0
       0
       0
       0
       0
       0
       0
       0
       0
       0
       0
       0
       0
       0
       1
       0
       0
       0
       1
       0
       1
       0
       0
       0
       0
       0
       0
       0
       0
       0
       0
       0
       0
       1
       0
       0
       0
       0
       1
       0
       0
       0
       0
       0
       0
       1
       0
       0
       0
       0
       0
       0
       0
       0
       0
       0
       1
       0
       0
       0
       0
       0
       0
       0
       0
       0
       0
       0
       0
       0
       0
       0
       0
       0
       1
       0
       0
       0
       0
       0
       0
       0
       0
       0
       0
       0
       0
       0
       0
       0
       0
       0
       0
       0
       1
       0
       1
       0
       0
       0
       0
       0
       0
       0
       0
       0
       1
       0
       0
       0
       0
       0
       0
       0
       0
       0
       0
       0
       0
       0
       0
       0
       0
       0
       0
       0
       0
       0
       0
       0
       0
       1
       0
       0
       0
       0
       0
       0
       0
       0
       0
       1
       0
       0
       0
       0
       0
       0
       0
       0
       0
       0
       0
       0
       0
       0
       1
       0
       0
       0
       0
       0
       0
       0
       0
       0
       0
       0
       0
       0
       0
       0
       0
       0
       0
       0
       0
       0
       0
       0
       0
       0
       1
       0
       0
       0
       0
       0
       0
       0
       0
       0
       0
       0
       0
       0
       0
       1
       0
       0
       0
       0
       0
       0
       0
       0
       0
       0
       0
       0
       0
       0
       0
       0
       0
       0
       0
       0
       0
       0
       0
       0
       0
       0
       0
       0
       0
       1
       1
       0
       2
       0
       0
       0
       0
       1
       1
       0
       0
       0
       0
       0
       1
       0
       0
       0
       0
       0
       0
       0
       0
       0
       0
       0
       0
       0
       0
       0
       0
       0
       0
       0
       0
       0
       0
       0
       0
       0
       0
       0
       0
       0
       0
       0
       0
       0
       1
       0
       0
       0
       0
       0
       0
       0
       0
       0
       1
       0
       0
       0
       0
       0
       0
       0
       0
       0
       0
       0
       0
       0
       0
       0
       0
       0
       0
       0
       0
       0
       0
       0
       0
       0
       0
       0
       0
       0
       0
       0
       0
       0
       0
       0
       0
       0
       1
       0
       0
       0
       0
       0
       0
       0
       0
       0
       0
       0
       1
       1
       0
       0
       1
       0
       0
       1
       0
       0
       0
       0
       0
       0
       0
       0
       0
       0
       0
       0
       0
       0
       0
       0
       0
       0
       0
       0
       0
       0
       0
       0
       0
       0
       0
       0
       0
       0
       0
       0
       0
       0
       0
       0
       0
       0
       0
       0
       0
       0
       0
       0
       0
       0
       0
       0
       0
       0
       0
       0
       0
       0
       0
       0
       0
       0
       0
       0
       0
       0
       0
       0
       0
       0
       0
       0
       0
       0
       0
       0
       0
       0
       1
       0
       0
       0
       0
       0
       0
       0
       0
       0
       0
       0
       0
       0
       0
       0
       0
       0
       0
       0
       0
       0
       0
       0
       0
       0
       0
       0
       0
       0
       0
       0
       0
       0
       0
       0
       0
       0
       0
       0
       0
       0
       0
       0
       0
       0
       0
       1
       0
       0
       0
       0
       0
       0
       0
       0
       0
       0
       0
       0
       0
       0
       0
       0
       0
       0
       0
       0
       0
       0
       0
       0
       0
       0
       1
       0
       0
       0
       0
       0
       0
       0
       0
       0
       0
       0
       0
       0
       0
       0
       0
       0
       0
       0
       0
       0
       0
       0
       0
       0
       0
       0
       0
       0
       0
       0
       0
       0
       0
       0
       0
       0
       0
       0
       0
       0
       0
       0
       0
       0
       0
       0
       0
       0
       0
       0
       0
       0
       0
       0
       0
       0
       0
       0
       0
       0
       0
       0
       0
       0
       0
       0
       0
       0
       0
       0
       0
       0
       0
       0
       0
       0
       0
       0
       0
       0
       0
       0
       0
       0
       0
       0
       0
       0
       0
       0
       0
       0
       0
       0
       0
       0
       0
       0
       0
       0
       0
       0
       0
       0
       1
       0
       0
       0
       0
       0
       0
       0
       0
       0
       0
       0
       0
       0
       0
       0
       1
       0
       0
       0
       0
       0
       0
       0
       0
       0
       0
       0
       0
       0
       0
       0
       0
       0
       0
       0
       0
       1
       0
       0
       1
       0
       0
       0
       0
       0
       0
       0
       0
       0
       0
       0
       0
       0
       0
       0
       0
       0
       0
       0
       0
       0
       0
       0
       0
       0
       0
       0
       0
       0
       0
       0
       0
       0
       0
       0
       0
       0
       0
       0
       0
       0
       0
       0
       0
       0
       0
       0
       0
       0
       0
       0
       0
       0
       0
       0
       0
       0
       0
       0
       0
       0
       0
       0
       0
       0
       0
       0
       0
       0
       0
       0
       0
       0
       0
       0
       0
       0
       0
       0
       0
       0
       0
       0
       0
       0
       0
       0
       0
       0
       0
       0
       0
       1
       0
       0
       0
       0
       0
       0
       0
       0
       1
       0
       0
       0
       0
       0
       0
       0
       0
       0
       0
       0
       0
       0
       0
       0
       1
       0
       0
       0
       0
       0
       0
       0
       0
       0
       0
       0
       0
       0
       0
       1
       2
       0
       0
       0
       1
       0
       2
       1
       0
       0
       1
       1
       0
       3
       2
       1
       1
       0
       0
       1
       0
       0
       0
       0
       0
       0
       0
       0
       0
       0
       0
       0
       0
       0
       0
       0
       1
       0
       0
       0
       0
       0
       0
       0
       0
       0
       0
       0
       0
       0
       0
       0
       0
       0
       0
       0
       0
       0
       0
       0
       0
       0
       0
       0
       0
       0
       0
       0
       0
       0
       0
       0
       0
       0
       0
       0
       0
       0
       0
       0
       0
       0
       0
       0
       0
       0
       0
       0
       0
       0
       0
       0
       0
       0
       0
       0
       0
       0
       0
       0
       0
       0
       0
       0
       0
       0
       0
       0
       0
       0
       0
       1
       0
       0
       0
       0
       0
       0
       0
       0
       1
       0
       0
       0
       0
       1
       0
       0
       0
       0
       0
       0
       0
       0
       0
       0
       0
       0
       0
       0
       0
       0
       0
       0
       0
       0
       0
       0
       0
       0
       0
       0
       0
       0
       0
       0
       0
       0
       0
       0
       0
       0
       0
       0
       0
       0
       0
       0
       0
       0
       0
       0
       0
       0
       0
       1
       0
       0
       0
       0
       1
       0
       0
       0
       0
       0
       0
       0
       0
       0
       0
       0
       0
       0
       0
       0
       1
       0
       0
       0
       0
       0
       0
       0
       0
       0
       0
       0
       0
       0
       0
       0
       0
       0
       0
       0
       0
       0
       1
       0
       0
       0
       0
       0
       1
       0
       0
       0
       0
       0
       0
       0
       0
       0
       0
       0
       0
       0
       0
       0
       0
       0
       0
       0
       0
       0
       0
       0
       0
       0
       0
       0
       0
       0
       0
       0
       0
       0
       0
       0
       0
       0
       0
       0
       0
       0
       0
       0
       0
       0
       0
       0
       0
       0
       0
       0
       0
       0
       0
       0
       0
       0
       1
       0
       0
       0
       0
       0
       0
       0
       0
       0
       0
       0
       0
       0
       0
       0
       0
       0
       0
       0
       0
       0
       0
       0
       0
       0
       0
       0
       0
       0
       0
       0
       0
       0
       0
       0
       0
       0
       0
       0
       0
       0
       0
       0
       0
       0
       0
       0
       0
       0
       0
       0
       0
       0
       0
       0
       0
       0
       0
       0
       0
       0
       0
       0
       0
       0
       0
       0
       0
       0
       0
       0
       0
       0
       0
       0
       0
       0
       1
       0
       1
       0
       0
       0
       0
       0
       0
       0
       0
       0
       0
       0
       0
       0
       0
       0
       0
       0
       0
       0
       0
       0
       0
       0
       0
       1
       0
       0
       0
       0
       1
       0
       0
       0
       0
       0
       0
       0
       0
       0
       0
       0
       0
       0
       0
       0
       0
       0
       0
       0
       0
       0
       0
       0
       0
       0
       0
       0
       0
       0
       0
       0
       0
       0
       0
       0
       0
       0
       0
       0
       0
       0
       0
       0
       0
       0
       0
       0
       0
       0
       0
       0
       0
       0
       0
       0
       0
       0
       0
       0
       0
       0
       0
       0
       0
       0
       0
       0
       0
       0
       0
       0
       0
       0
       0
       0
       0
       0
       0
       0
       0
       0
       0
       0
       0
       0
       0
       0
       0
       0
       0
       0
       0
       0
       0
       0
       0
       0
       0
       0
       0
       0
       0
       0
       0
       0
       0
       0
       0
       0
       0
       0
       0
       0
       0
       0
       0
       0
       0
       0
       0
       0
       0
       0
       0
       0
       0
       0
       0
       0
       0
       0
       0
       0
       0
       0
       0
       0
       0
       0
       0
       0
       0
       0
       0
       0
       0
       0
       0
       0
       0
       0
       0
       0
       0
       0
       0
       0
       0
       0
       0
       0
       0
       0
       0
       0
       0
       0
       0
       0
       0
       0
       0
       0
       0
       0
       0
       0
       0
       0
       0
       0
       0
       0
       0
       0
       0
       0
       0
       0
       0
       0
       0
       0
       0
       1
       0
       0
       0
       0
       0
       0
       0
       0
       0
       0
       0
       0
       0
       0
       0
       0
       0
       1
       0
       0
       0
       0
       0
       0
       0
       0
       0
       0
       0
       0
       0
       0
       0
       0
       0
       0
       0
       0
       0
       0
       0
       0
       0
       0
       0
       0
       0
       0
       0
       0
       0
       0
       0
       0
       0
       0
       0
       0
       0
       0
       0
       0
       0
       0
       1
       0
       0
       0
       0
       0
       0
       0
       0
       0
       0
       0
       0
       0
       0
       0
       0
       0
       0
       0
       0
       0
       0
       0
       0
       0
       0
       0
       0
       0
       0
       0
       0
       0
       0
       0
       0
       0
       0
       0
       0
       0
       0
       0
       0
       0
       0
       0
       0
       0
       0
       0
       0
       0
       0
       0
       0
       1
       0
       0
       0
       1
       0
       0
       0
       0
       0
       0
       0
       0
       0
       0
       0
       0
       0
       0
       0
       0
       0
       0
       0
       0
       0
       0
       0
       0
       0
       0
       0
       0
       0
       0
       0
       0
       0
       0
       0
       0
       0
       0
       0
       0
       0
       0
       0
       0
       0
       0
       0
       0
       0
       0
       0
       0
       0
       0
       0
       0
       0
       0
       0
       0
       0
       0
       0
       0
       0
       0
       0
       0
       0
       0
       0
       0
       0
       0
       0
       0
       0
       0
       0
       0
       0
       0
       0
       0
       0
       0
       0
       0
       0
       0
       1
       0
       0
       0
       0
       0
       0
       0
       0
       0
       0
       0
       0
       0
       0
       0
       0
       0
       0
       0
       0
       0
       0
       0
       0
       0
       0
       0
       0
       0
       0
       0
       0
       0
       0
       0
       0
       0
       1
       0
       0
       0
       0
       0
       0
       0
       0
       0
       0
       0
       0
       0
       0
       0
       0
       0
       0
       0
       0
       0
       0
       0
       0
       0
       0
       0
       0
       0
       0
       0
       0
       0
       0
       0
       0
       0
       0
       0
       0
       0
       0
       0
       0
       0
       0
       0
       0
       0
       0
       0
       0
       0
       0
       0
       0
       0
       0
       0
       0
       0
       0
       0
       0
       0
       0
       0
       0
       0
       0
       0
       0
       0
       0
       0
       0
       0
       0
       0
       0
       0
       0
       0
       0
       0
       0
       0
       0
       0
       0
       0
       0
       0
       0
       0
       0
       0
       0
       0
       0
       0
       0
       0
       0
       0
       0
       0
       0
       0
       0
       0
       0
       0
       1
       0
       0
       0
       0
       0
       1
       0
       0
       0
       0
       0
       0
       0
       0
       0
       0
       0
       0
       0
       0
       1
       0
       0
       0
       0
       0
       0
       0
       0
       0
       0
       0
       1
       0
       0
       0
       0
       0
       0
       0
       0
       0
       0
       0
       0
       0
       0
       0
       0
       0
       0
       0
       0
       0
       0
       0
       0
       0
       0
       0
       0
       0
       0
       0
       0
       0
       0
       0
       0
       0
       0
       0
       0
       0
       0
       0
       0
       0
       0
       0
       0
       0
       0
       0
       0
       0
       0
       0
       0
       0
       0
       0
       0
       0
       0
       0
       0
       1
       0
       0
       0
       0
       0
       0
       0
       0
       0
       0
       0
       0
       0
       0
       0
       0
       0
       0
       0
       0
       0
       0
       0
       0
       0
       0
       0
       0
       0
       0
       0
       0
       0
       0
       0
       0
       0
       0
       0
       0
       0
       0
       0
       0
       0
       0
       0
       0
       0
       0
       0
       0
       0
       0
       0
       0
       0
       0
       0
       0
       0
       0
       0
       0
       0
       0
       0
       0
       0
       0
       0
       0
       0
       0
       0
       0
       0
       0
       0
       0
       0
       0
       0
       0
       0
       0
       0
       0
       0
       0
       0
       0
       0
       0
       0
       1
       0
       0
       0
       0
       0
       1
       0
       0
       0
       0
       0
       0
       0
       0
       0
       0
       0
       0
       0
       0
       0
       0
       0
       0
       0
       0
       0
       0
       0
       0
       0
       0
       0
       0
       0
       0
       0
       0
       0
       0
       0
       0
       0
       0
       0
       0
       0
       0
       0
       0
       0
       0
       0
       0
       0
       0
       0
       0
       0
       0
       0
       0
       0
       0
       0
       0
       0
       0
       0
       0
       0
       0
       0
       0
       0
       0
       0
       0
       0
       0
       0
       0
       0
       0
       0
       0
       0
       0
       0
       0
       0
       0
       0
       0
       0
       0
       0
       0
       0
       0
       0
       0
       0
       0
       0
       0
       0
       0
       0
       0
       0
       0
       0
       0
       0
       0
       0
       0
       0
       0
       0
       0
       0
       0
       0
       0
       0
       0
       0
       0
       0
       0
       0
       0
       0
       0
       0
       0
       0
       0
       0
       0
       0
       0
       0
       0
       0
       0
       0
       0
       0
       0
       0
       0
       0
       0
       0
       0
       0
       0
       0
       0
       0
       0
       0
       0
       0
       0
       0
       0
       0
       0
       0
       0
       0
       0
       0
       0
       0
       0
       0
       0
       0
       0
       0
       0
       0
       0
       0
       0
       0
       0
       0
       0
       0
       0
       0
       0
       0
       0
       0
       0
       0
       0
       0
       0
       0
       0
       0
       0
       0
       0
       0
       0
       0
       0
       0
       0
       0
       0
       0
       0
       0
       0
       0
       0
       0
       0
       0
       0
       0
       0
       0
       0
       0
       0
       0
       0
       0
       0
       0
       0
       0
       0
       0
       0
       0
       0
       0
       0
       0
       0
       0
       0
       0
       0
       0
       0
       0
       0
       0
       0
       0
       0
       0
       0
       0
       0
       0
       0
       0
       0
       0
       0
       0
       0
       0
       0
       0
       0
       0
       0
       0
       0
       0
       0
       0
       0
       0
       0
       0
       0
       0
       0
       0
       0
       0
       0
       0
       0
       0
       0
       0
       0
       0
       0
       0
       0
       0
       0
       0
       0
       0
       0
       0
       0
       0
       0
       0
       0
       0
       0
       0
       0
       0
       0
       0
       0
       0
       0
       0
       0
       0
       0
       0
       0
       0
       0
       0
       0
       0
       0
       0
       0
       0
       0
       0
       0
       0
       0
       0
       0
       0
       0
       0
       0
       0
       0
       0
       1
       0
       0
       0
       0
       0
       0
       0
       0
       0
       0
       0
       0
       0
       0
       0
       0
       0
       0
       0
       0
       0
       0
       0
       0
       0
       0
       0
       0
       0
       0
       0
       0
       0
       0
       0
       0
       0
       0
       0
       0
       0
       0
       0
       0
       0
       0
       0
       0
       0
       0
       0
       0
       0
       0
       0
       0
       0
       0
       0
       0
       0
       0
       0
       0
       0
       0
       0
       0
       0
       0
       0
       0
       0
       0
       0
       0
       0
       0
       0
       0
       0
       0
       0
       0
       0
       0
       0
       0
       0
       0
       0
       0
       0
       0
       0
       0
       0
       0
       0
       0
       0
       0
       0
       0
       0
       0
       0
       0
       0
       0
       0
       0
       0
       0
       0
       0
       0
       0
       0
       0
       0
       0
       0
       0
       0
       0
       0
       0
       0
       0
       0
       0
       0
       0
       0
       0
       0
       0
       0
       0
       0
       0
       0
       0
       0
       0
       0
       0
       0
       0
       0
       0
       0
       0
       0
       1
       0
       0
       0
       0
       0
       0
       0
       0
       0
       0
       0
       0
       0
       0
       0
       0
       0
       0
       0
       1
       0
       0
       0
       0
       0
       0
       0
       0
       0
       1
       0
       0
       0
       0
       0
       0
       0
       0
       0
       0
       0
       0
       0
       0
       0
       0
       0
       0
       0
       0
       0
       0
       0
       0
       0
       0
       0
       0
       0
       0
       0
       0
       0
       0
       0
       0
       0
       0
       0
       0
       0
       0
       0
       0
       0
       0
       0
       0
       0
       0
       0
       0
       0
       0
       0
       0
       0
       0
       0
       0
       0
       0
       0
       0
       0
       0
       0
       0
       0
       0
       0
       0
       0
       0
       0
       0
       0
       0
       0
       0
       0
       0
       0
       0
       0
       0
       0
       0
       0
       0
       0
       0
       0
       0
       0
       0
       0
       0
       0
       0
       0
       0
       0
       0
       0
       0
       0
       0
       0
       0
       0
       0
       0
       0
       0
       0
       0
       0
       0
       0
       0
       0
       0
       0
       0
       0
       0
       0
       0
       0
       0
       0
       0
       0
       0
       0
       0
       0
       0
       0
       0
       0
       0
       0
       0
       0
       0
       0
       0
       0
       0
       0
       0
       0
       0
       0
       0
       0
       0
       0
       0
       0
       0
       0
       0
       0
       0
       0
       0
       0
       0
       0
       0
       0
       0
       0
       0
       0
       0
       0
       0
       0
       0
       0
       0
       0
       0
       0
       0
       0
       0
       0
       0
       0
       0
       0
       0
$ROI:
3
2091 2111
2937 2969
3328 3372
$PRESETS:
None
0
0
$ENER_FIT:
-1.603023 0.398142
$MCA_CAL:
3
-1.603023E+000 3.981421E-001 -1.843240E-007 keV
$SHAPE_CAL:
3
5.712108E+000 -5.708310E-004 7.647117E-007
