 probability of flux obtained by MIEKE
           1           1
           1          29          29   191506.0    
   169035.5      0.0000000E+00  0.0000000E+00
   169810.4      3.4000001E-07  3.4000001E-07
   170585.2      3.5200001E-06  3.5200001E-06
   171360.0      2.3520000E-05  2.3520000E-05
   172134.9      1.5078000E-04  1.5078000E-04
   172909.8      6.8886002E-04  6.8886002E-04
   173684.6      2.5971599E-03  2.5971599E-03
   174459.4      8.2414402E-03  8.2414402E-03
   175234.3      2.1354780E-02  2.1354780E-02
   176009.1      4.5807261E-02  4.5807261E-02
   176784.0      8.1611879E-02  8.1611879E-02
   177558.8      0.1212713      0.1212713    
   178333.7      0.1511449      0.1511449    
   179108.5      0.1591143      0.1591143    
   179883.4      0.1423360      0.1423360    
   180658.2      0.1094190      0.1094190    
   181433.0      7.3050544E-02  7.3050544E-02
   182207.9      4.2837381E-02  4.2837381E-02
   182982.7      2.2419320E-02  2.2419320E-02
   183757.6      1.0578720E-02  1.0578720E-02
   184532.4      4.5485999E-03  4.5485999E-03
   185307.3      1.8036400E-03  1.8036400E-03
   186082.1      6.7872001E-04  6.7872001E-04
   186857.0      2.1889999E-04  2.1889999E-04
   187631.8      7.1700000E-05  7.1700000E-05
   188406.7      1.9519999E-05  1.9519999E-05
   189181.5      6.5999998E-06  6.5999998E-06
   189956.3      1.1000000E-06  1.1000000E-06
   190731.2      2.0000000E-07  2.0000000E-07
