$SPEC_ID:
Pulser
$SPEC_REM:
DET# 2
DETDESC# DETECTOR 2
AP# GammaVision Version 7.01.03
$DATE_MEA:
03/26/2017 13:39:46
$MEAS_TIM:
77969 77977
$DATA:
0 8191
       0
       0
       0
       0
       0
       0
       0
       0
       0
       0
       0
       0
       0
       0
       0
       0
       0
       0
       0
       0
       0
       0
       0
      45
    7187
   10580
    1280
     812
     674
     614
     720
    1080
    1622
    1710
    1464
    1156
    1059
    1000
    1086
    1372
    1722
    1913
    1690
    1281
     970
     927
     912
    1026
    1053
    1039
    1024
     917
     841
     852
     823
     804
     810
     714
     852
     810
     834
     885
     892
     857
     944
     955
     989
     908
     989
    1042
    1016
     937
     981
     936
     959
     973
     945
     913
     892
     805
     809
     745
     718
     706
     718
     640
     704
     585
     588
     588
     578
     531
     476
     456
     427
     397
     424
     404
     362
     370
     386
     333
     326
     330
     313
     274
     297
     274
     308
     251
     240
     209
     186
     184
     144
     201
     233
     333
     348
     265
     214
     177
     152
     145
     173
     172
     182
     161
     164
     168
     173
     193
     184
     204
     262
     295
     291
     232
     171
     174
     195
     177
     168
     201
     186
     196
     187
     213
     202
     220
     245
     248
     227
     208
     179
     213
     205
     240
     347
     556
     724
     642
     407
     270
     224
     201
     239
     225
     253
     211
     223
     212
     212
     245
     262
     253
     281
     249
     279
     246
     269
     283
     399
     512
     704
     640
     441
     465
     654
     937
    1055
     703
     433
     278
     313
     242
     283
     246
     220
     249
     196
     198
     215
     247
     228
     184
     200
     237
     210
     204
     223
     271
     361
     481
     536
     500
     378
     264
     242
     259
     267
     327
     272
     231
     204
     207
     198
     211
     216
     213
     207
     256
     414
     650
     851
     747
     522
     318
     243
     199
     179
     170
     181
     171
     172
     172
     193
     183
     214
     208
     188
     196
     175
     160
     168
     177
     169
     154
     169
     174
     192
     207
     165
     172
     171
     175
     178
     159
     179
     170
     138
     170
     171
     158
     156
     163
     159
     179
     154
     156
     159
     144
     131
     163
     153
     167
     149
     135
     144
     119
     127
     124
     125
     124
     119
     122
     113
     139
     130
     145
     133
     135
     137
     133
     138
     291
     593
    1216
    1789
    1709
    1180
     612
     226
     166
     122
     118
     122
     110
     126
     107
     123
     118
     111
     102
     100
     130
     122
     109
     125
     118
     118
     105
     119
     115
     107
     122
     121
     125
     118
     116
     113
     108
     153
     221
     285
     297
     259
     188
     162
     137
      92
     118
     138
     140
     141
     131
     130
     119
     118
     101
     134
     135
     140
     165
     144
     156
     141
     104
     102
     106
     121
     125
     120
     106
     124
     111
      92
     110
     113
      98
     102
     104
     108
      94
     106
     103
     106
      97
     120
     100
     105
     111
     105
     114
     108
     106
      92
     124
     108
     114
     125
     111
     102
     130
     105
     102
     103
     118
     110
      99
     109
     128
     123
     122
     125
     125
     107
     121
     111
     114
      95
      91
     106
     110
     114
     124
      85
     112
     117
      96
      83
      80
     107
     100
      83
     105
     102
     100
     125
      86
     116
     117
     110
     125
     101
      99
      95
     113
      79
     114
     106
      85
      99
     119
     111
      98
     113
     101
     116
      94
     100
     100
      87
      98
     102
     110
     137
     220
     353
     340
     299
     213
     170
     128
     102
     108
     110
     108
     103
      95
      94
      89
     102
      74
     115
      86
     100
     107
     101
     100
      96
     111
     103
      93
      79
     103
     101
     114
     110
     128
     138
     146
     119
     113
      99
      83
      94
      90
      97
      97
      83
      74
     114
      92
      90
      97
     100
     111
     106
     110
     106
     101
      96
      83
      92
      81
      86
      91
      85
     104
     112
      97
      95
      96
      77
      99
      71
      97
      85
     102
      88
      96
      88
      91
     103
      82
     101
      85
      83
      90
      82
      86
      89
      91
      92
      75
      85
      92
      89
      83
      91
     100
      86
      76
      95
      90
     104
      87
      89
      94
      92
      79
      83
      77
     104
      75
      87
      89
      88
      83
      92
      90
      82
      81
      81
      99
      98
      78
      84
      77
      98
      77
      82
      96
      85
      82
      83
      69
      77
      96
     117
     131
     167
     148
     125
     101
      84
      95
     107
      89
      90
     100
      87
      87
      90
      79
      82
      74
      77
      77
      76
      79
      68
      95
      92
      78
      92
      76
      89
      72
      84
      91
      90
      70
      81
      79
      89
      78
      78
      87
     102
      84
      60
      95
      66
      80
      88
      85
      71
      87
      88
      86
      80
      91
      91
      90
      90
      92
      81
      73
      74
      82
      76
      92
      70
      78
      73
      77
      67
      75
      78
      75
      50
      82
      81
      75
      79
      93
      79
      68
      77
      86
      74
      76
      80
      82
      68
      77
      92
      71
      83
      58
      72
      68
      66
      81
      78
      68
      79
      77
      79
      81
      70
      82
      90
      88
      77
      63
      70
      65
      74
      67
      56
      64
      68
      71
      73
      51
      85
      95
      53
      80
      67
      70
      80
      68
      88
      79
      64
      68
      62
      79
      68
      68
      75
      80
      56
      85
      82
      81
      73
      76
      72
      76
      92
      82
     102
      77
      79
      74
      64
      74
      72
      78
      61
      59
      64
      80
      81
      88
      70
      73
      75
      69
      71
      57
      80
      68
      70
      72
      68
      65
      72
      70
      65
      69
      79
      60
      70
      70
      77
      67
      84
      73
      70
      70
      70
      59
      64
      72
      66
      72
      76
      67
      51
      55
      67
      59
      66
      77
      84
      68
      77
      68
      75
      69
      52
      65
      67
      70
      73
      72
      64
      63
      49
      73
      66
      77
      77
      65
      68
      56
      79
      72
      79
      82
      76
      73
      66
      60
      73
      72
      68
      83
      67
      61
      56
      63
      54
      76
      64
      81
      62
      70
      74
      52
      62
      59
      66
      68
      67
      64
      78
      81
      76
      69
      70
      56
      74
      70
      77
      57
      55
      61
      66
      51
      69
      61
      65
      50
      54
      62
      59
      58
      57
      63
      65
      62
      75
      60
      54
      55
      59
      60
      61
      81
      79
      86
      82
      93
      81
      74
      53
      57
      68
      60
      71
      63
      71
      48
      70
      47
      51
      52
      61
      65
      46
      60
      61
      58
      54
      54
      57
      46
      40
      50
      55
      46
      61
      53
      63
      53
      63
      48
      61
      50
      68
      58
      55
      56
      61
      56
      64
      62
      59
      58
      49
      56
      59
      45
      44
      50
      51
      72
      56
      70
      65
      57
      53
      64
      58
      53
      53
      56
      61
      50
      55
      45
      50
      58
      65
      39
      55
      60
      40
      42
      47
      56
      45
      53
      46
      45
      47
      45
      48
      63
      58
      61
      45
      51
      64
      44
      39
      56
      49
      48
      61
      58
      49
      54
      40
      61
      47
      41
      63
      48
      54
      64
      58
      49
      44
      47
      40
      44
      45
      41
      45
      60
      52
      49
      62
      53
      52
      60
      56
      47
      56
      51
      68
      56
      56
      43
      53
      47
      48
      49
      57
      48
      47
      49
      50
      56
      45
      54
      60
      52
      37
      46
      59
      50
      46
      44
      39
      55
      50
      49
      51
      40
      58
      58
      52
      54
      52
      46
      38
      48
      46
      53
      60
      46
      49
      73
      44
      59
      33
      56
      56
      47
      47
      48
      44
      49
      41
      40
      60
      35
      58
      38
      52
      50
      50
      53
      53
      41
      39
      55
      57
      45
      47
      39
      54
      49
      59
      56
      49
      39
      64
      44
      42
      39
      38
      48
      47
      44
      70
      56
      48
      52
      41
      42
      50
      58
      47
      41
      35
      48
      45
      51
      39
      40
      44
      53
      41
      38
      42
      46
      40
      35
      32
      51
      50
      46
      36
      43
      54
      48
      46
      45
      44
      47
      32
      44
      41
      48
      53
      43
      40
      38
      43
      41
      34
      37
      30
      40
      26
      34
      33
      37
      45
      28
      51
      51
      52
      43
      36
      46
      44
      45
      46
      51
      40
      43
      47
      40
      40
      45
      40
      48
      43
      58
      50
      42
      60
      50
      53
      36
      34
      50
      47
      31
      38
      48
      47
      43
      38
      41
      35
      43
      41
      41
      46
      54
      45
      36
      49
      51
      31
      39
      42
      49
      52
      45
      46
      45
      43
      42
      48
      32
      46
      40
      37
      35
      50
      31
      37
      43
      40
      35
      30
      45
      55
      39
      35
      35
      34
      45
      30
      30
      29
      40
      35
      32
      35
      33
      41
      39
      47
      36
      30
      39
      43
      43
      43
      30
      35
      37
      33
      27
      40
      43
      32
      33
      40
      55
      27
      36
      42
      38
      43
      49
      37
      39
      29
      45
      40
      33
      46
      37
      48
      52
      59
      64
      79
     116
     128
     172
     230
     250
     202
     220
     187
     168
     131
     107
      88
      65
      50
      45
      54
      43
      39
      46
      50
      39
      32
      36
      39
      35
      36
      23
      28
      30
      36
      43
      32
      26
      33
      40
      38
      43
      37
      33
      31
      26
      27
      39
      31
      35
      33
      23
      34
      38
      39
      29
      39
      39
      31
      33
      44
      30
      43
      32
      48
      29
      31
      36
      28
      28
      47
      42
      45
      34
      48
      36
      39
      35
      37
      50
      43
      47
      32
      55
      39
      46
      39
      32
      28
      39
      27
      36
      32
      41
      41
      38
      39
      35
      34
      29
      36
      36
      42
      31
      30
      37
      39
      34
      40
      37
      32
      34
      40
      48
      36
      39
      38
      30
      42
      31
      34
      34
      25
      40
      39
      37
      36
      36
      35
      38
      31
      36
      37
      29
      30
      19
      33
      37
      40
      33
      38
      36
      38
      39
      31
      26
      43
      37
      34
      44
      34
      46
      57
      43
      33
      35
      46
      46
      44
      44
      32
      39
      29
      33
      36
      46
      33
      27
      34
      39
      47
      43
      36
      40
      36
      38
      37
      40
      37
      28
      36
      35
      46
      36
      43
      42
      34
      39
      51
      36
      48
      55
      42
      45
      33
      41
      43
      36
      30
      41
      36
      38
      28
      42
      39
      32
      28
      40
      36
      45
      37
      31
      31
      30
      36
      32
      32
      27
      31
      35
      35
      26
      33
      39
      59
      54
      35
      44
      50
      44
      38
      54
      52
      49
      34
      37
      38
      41
      44
      48
      39
      51
      34
      32
      44
      36
      40
      44
      43
      21
      37
      41
      46
      40
      45
      52
      52
      75
      46
      53
      51
      32
      46
      50
      30
      43
      37
      36
      40
      46
      42
      37
      41
      34
      30
      36
      38
      46
      38
      29
      33
      32
      40
      33
      38
      23
      43
      30
      43
      42
      24
      31
      36
      30
      45
      31
      36
      34
      23
      24
      19
      35
      29
      26
      28
      35
      44
      27
      25
      26
      37
      28
      35
      33
      28
      26
      19
      33
      35
      28
      31
      38
      21
      27
      16
      25
      31
      38
      30
      29
      26
      33
      21
      30
      30
      37
      32
      24
      18
      31
      29
      39
      26
      41
      26
      25
      45
      34
      37
      31
      33
      28
      37
      24
      23
      36
      36
      32
      31
      27
      37
      31
      31
      34
      26
      32
      36
      26
      40
      25
      25
      25
      27
      38
      33
      35
      28
      26
      28
      23
      29
      34
      33
      32
      25
      37
      44
      37
      29
      38
      49
      26
      31
      24
      24
      31
      31
      22
      18
      31
      27
      35
      34
      24
      28
      23
      31
      27
      28
      23
      23
      30
      28
      23
      39
      32
      30
      16
      25
      28
      38
      21
      24
      30
      30
      22
      20
      26
      29
      22
      33
      29
      35
      26
      33
      27
      37
      33
      30
      28
      29
      25
      27
      20
      28
      27
      38
      32
      30
      35
      21
      33
      39
      28
      20
      27
      22
      28
      26
      29
      31
      26
      34
      27
      30
      39
      40
      40
      39
      37
      28
      25
      29
      37
      32
      38
      26
      36
      35
      39
      23
      38
      28
      36
      40
      29
      30
      35
      33
      28
      27
      30
      37
      44
      29
      28
      32
      33
      45
      28
      33
      25
      35
      30
      40
      25
      26
      21
      21
      27
      32
      39
      20
      24
      32
      32
      31
      18
      31
      24
      23
      32
      23
      34
      30
      25
      22
      17
      35
      18
      36
      22
      31
      33
      33
      21
      25
      24
      27
      18
      34
      22
      21
      32
      33
      24
      31
      28
      33
      23
      31
      34
      17
      34
      26
      29
      18
      40
      33
      31
      22
      26
      17
      17
      32
      26
      31
      31
      38
      26
      27
      24
      18
      31
      29
      36
      30
      24
      34
      28
      29
      23
      27
      23
      23
      27
      25
      32
      35
      26
      25
      25
      22
      28
      24
      30
      38
      27
      29
      31
      22
      16
      21
      26
      26
      16
      23
      26
      23
      31
      28
      24
      33
      26
      22
      15
      30
      21
      28
      24
      20
      20
      21
      29
      27
      26
      38
      18
      31
      29
      23
      26
      25
      28
      24
      28
      31
      22
      23
      22
      27
      25
      22
      30
      34
      30
      21
      22
      30
      22
      29
      22
      23
      22
      36
      38
      39
      29
      29
      27
      34
      31
      28
      23
      24
      12
      26
      25
      24
      23
      28
      26
      19
      34
      28
      23
      18
      24
      25
      18
      18
      19
      17
      29
      18
      24
      20
      28
      25
      28
      24
      31
      19
      38
      27
      24
      36
      26
      25
      27
      26
      30
      31
      33
      23
      29
      30
      13
      13
      27
      19
      21
      11
      20
      26
      25
      20
      23
      22
      34
      21
      32
      27
      23
      27
      17
      30
      23
      19
      27
      24
      23
      27
      27
      22
      21
      20
      20
      33
      28
      18
      35
      24
      27
      25
      24
      26
      33
      24
      19
      31
      21
      30
      34
      21
      24
      27
      25
      19
      27
      20
      34
      26
      23
      27
      20
      34
      25
      28
      28
      21
      18
      29
      28
      34
      18
      20
      18
      27
      29
      21
      24
      37
      11
      25
      23
      19
      28
      19
      22
      31
      19
      20
      23
      24
      28
      32
      24
      13
      25
      24
      21
      11
      25
      25
      30
      19
      16
      21
      21
      17
      21
      22
      21
      22
      19
      24
      26
      30
      21
      20
      24
      24
      23
      21
      26
      21
      22
      27
      27
      28
      26
      34
      25
      21
      30
      35
      18
      29
      16
      24
      15
      27
      19
      25
      28
      22
      27
      25
      29
      29
      35
      36
      24
      37
      26
      19
      20
      36
      25
      20
      28
      23
      21
      18
      25
      19
      31
      21
      20
      27
      28
      25
      15
      15
      18
      26
      21
      23
      21
      15
      31
      25
      22
      23
      31
      25
      27
      23
      31
      21
      37
      25
      32
      24
      15
      26
      23
      18
      18
      14
      19
      20
      18
      21
      20
      27
      14
      19
      25
      19
      15
      29
      25
      31
      22
      26
      17
      22
      19
      22
      27
      22
      16
      21
      19
      20
      25
      22
      11
      29
      24
      23
      22
      25
      22
      27
      20
      27
      26
      24
      19
      26
      33
      23
      27
      22
      16
      14
      23
      26
      25
      14
      21
      19
      25
      18
      19
      24
      23
      19
      18
      22
      13
      26
      20
      21
      26
      23
      23
      21
      23
      38
      26
      15
      25
      21
      15
      27
      20
      23
      19
      12
      19
      25
      27
      20
      29
      27
      18
      12
      20
      10
      21
      32
      26
      25
      19
      18
      14
      20
      21
      19
      12
      21
      17
      20
      18
      21
      22
      22
      24
      18
      20
      28
      28
      25
      40
      37
      16
      27
      20
      21
      20
      14
      15
      15
      21
      17
      18
      22
      18
      26
      18
      19
      14
      22
      23
       8
      24
      18
      18
      17
      19
      21
      14
      26
      23
      24
      13
      18
      21
      18
      11
      24
      21
      13
      22
      15
      25
      19
      17
      24
      19
      22
      19
      18
      20
      22
      13
      19
      28
      17
      13
      24
      20
      18
      25
      14
      17
      23
      22
      20
      16
      16
      13
      26
      17
      28
      20
      21
      20
      26
      13
      13
      19
      10
      18
      19
      15
      14
      21
      17
      10
      14
      22
      15
      15
      12
      20
      20
      18
      24
      17
      20
      11
      15
      20
      24
      16
      27
      22
      11
      13
      11
      14
       6
      13
      18
      20
      22
      16
      16
      14
      27
      15
      14
      19
      17
      18
      16
      16
      17
      14
      13
      19
      22
      26
      13
      23
      28
      19
      19
      18
      20
      28
      15
      23
      24
      20
      31
      16
      27
      22
      14
      24
      10
      31
      22
      21
      25
      24
      15
      16
      15
      15
      14
      19
      19
      20
      14
      14
       9
      21
      17
      24
      17
      14
      19
      19
      16
      22
      19
      18
      16
      17
      10
      19
      17
      13
      18
      17
      15
      12
      21
      19
      13
      19
      13
      13
      12
      15
      13
      16
      17
      17
      13
      20
      16
      15
      14
      17
      14
      13
      20
      14
      13
      14
      17
      17
       8
      23
      17
      14
      27
      22
      23
      16
      18
      21
      17
      24
      31
      25
      23
      29
      23
      28
      22
      22
      23
      21
      10
      10
      23
      17
      21
      21
      17
      20
      18
      25
      28
      13
      16
      15
      13
      14
      12
      22
      18
      15
      26
      17
      14
      10
      20
      13
      28
      21
      12
      13
      20
      11
      21
      15
      23
      19
      14
      24
      10
      14
      18
      17
      14
      13
      18
      17
      14
      13
      11
      14
      15
      12
      11
      11
      17
      14
      21
      12
      16
      19
      20
      15
      17
      16
      16
       9
      17
      16
      12
      21
      16
      11
      12
      31
      14
      13
      21
      15
      19
      22
      13
      17
      23
      17
      19
      25
      17
      19
      16
      15
      20
      13
      21
      19
      14
      17
      14
      24
      12
      22
      27
      22
      11
      12
      14
      21
      25
      20
      16
      16
      15
      25
      14
      14
      22
      14
      17
      14
      20
      17
      18
      19
      14
      18
      19
      22
      16
      10
      19
      20
      20
      15
      18
      23
      17
      16
      16
      12
      14
      20
      12
      17
      25
      17
      16
      10
      13
      15
      21
      16
      25
      18
      21
      28
      22
      18
      15
      22
      15
      20
      21
      19
      13
      12
      16
      20
      19
      18
      16
      16
      10
      22
      16
       8
      12
      15
      13
      15
      16
      17
      17
      12
      24
      15
      12
      13
      12
      21
      14
      20
      17
      19
      14
      20
      12
      17
      13
      11
      13
      13
      16
      10
      15
      16
      16
      18
       8
      13
      14
      11
      14
      17
      12
      17
      15
      16
      12
      11
      14
      12
      15
      19
      15
       8
      18
      19
      11
      10
      15
      20
      15
      12
      15
      19
      19
      15
      15
      21
      16
      16
      17
       6
      16
      11
      10
      12
      15
      16
      15
      15
      12
      15
      10
      19
      25
      11
      10
      10
      10
      19
      19
      12
      13
      14
      10
      20
       7
      14
      15
      16
      19
      15
      18
      12
      13
      13
      13
      12
      21
      17
      15
       8
      15
      18
      13
      19
      20
      20
      15
      11
      15
      18
      12
      26
      19
       9
      15
      13
      17
      13
      14
      12
      20
      11
      18
      28
      10
      18
      18
      12
      18
      20
      18
       8
      15
      13
      17
      10
      13
      15
      22
      14
      12
       8
      20
      18
      15
      14
      15
      12
      18
      18
      10
      22
      13
      11
      12
      14
      14
      11
       9
      16
       8
      15
      14
      18
      18
      15
      10
      12
      12
      13
       6
      14
      24
      12
      17
      11
      21
      19
      15
      18
      10
      15
      15
      10
      15
      15
       8
       7
      19
      20
      13
      16
      11
      17
      14
      13
      17
       9
      18
      16
      15
       5
      15
      16
      13
      10
       8
      14
      14
      12
      14
      16
      12
      15
       9
      11
      14
      11
      13
      19
      10
      15
      14
      12
      10
      18
      12
      15
      12
      21
      18
      16
      14
       7
      16
      14
      15
       9
      11
      14
      10
      19
      13
      12
      14
       7
       8
      13
      11
       8
      13
      16
      16
      13
      12
      15
      11
      15
       9
      11
      20
      16
      15
      13
      20
      12
      13
      20
      11
      13
      17
      15
      14
      16
      19
      17
      13
      12
      10
      13
      10
      12
       9
      15
       6
      15
      11
      14
      21
      15
      14
      19
      13
      15
      10
      17
      15
      12
      15
      16
       9
       9
      13
       8
      12
      14
      11
      15
      19
      16
      17
      11
      13
      19
      13
      14
      15
      19
      19
       8
      11
      12
      22
      14
      13
      12
      12
      18
      13
      14
      12
      12
      14
      15
      18
      19
      14
      14
      14
      21
      18
      15
      14
      12
       5
      12
       8
      18
      11
      13
      18
      20
      14
      17
      19
      21
      17
      16
       6
      13
      16
       8
       9
      19
      16
      14
      18
      16
      10
      19
      21
      21
      12
      11
      11
      18
       8
      14
      21
      15
      15
      16
      17
       9
      11
      15
      13
      16
      20
      12
       8
      17
      14
      13
      16
      14
      17
      12
       8
       8
       8
      23
      14
      18
      14
      17
       6
      21
      12
      11
      21
      19
      14
       9
       9
      19
      11
      13
      17
      12
      13
      13
      14
      10
      15
       8
      20
      10
       8
      15
      14
      12
      14
       8
      13
      15
      11
      11
      13
      12
       4
      14
       8
      17
      22
       9
      13
      12
      17
      15
      13
      14
      13
      14
      13
       8
       8
      15
      12
       9
      19
      11
       9
      13
      15
      18
      15
       7
       9
      18
      12
      10
      14
      13
      10
       8
      11
      15
      11
      12
      21
      14
       7
       9
       7
      10
      14
      13
      18
      11
      13
      19
      16
      10
      17
      13
      15
      13
      16
      10
      12
       7
       9
      13
      15
      13
       8
      13
      10
       9
      14
       9
      16
      13
       9
      13
       9
      19
      11
      11
      18
       9
      12
      15
      16
      12
      10
      11
      11
       6
      12
      13
      11
       9
      14
       9
      15
       5
      10
       9
       9
      13
       6
      14
      11
      12
      17
       9
      15
      11
      10
      20
       9
       5
       8
       9
       9
       9
      14
      14
       9
       7
      13
      15
       9
      13
      17
      12
       9
      11
       9
      12
      10
      11
      12
       7
      15
       9
      16
      10
      14
      18
      14
      13
      10
      14
      11
      17
      13
       9
      11
       9
      10
       7
      12
       9
       4
       9
      12
       5
       8
       6
      13
      15
      14
      12
       9
       6
      13
       6
      12
      15
       9
      13
       8
      18
      12
      18
      16
       7
      11
      18
       6
      11
       7
      16
      10
      14
      12
       9
      10
       8
       9
       9
      10
       5
      10
       7
      11
      18
      12
       8
       7
       9
      10
      11
      11
      11
       6
      12
      18
      13
      13
       8
      16
       8
       9
       8
       8
       6
      11
       9
      12
      10
      13
      11
       6
       7
      11
      10
      17
       8
      11
       9
      10
      13
      10
      10
      13
       5
      16
      10
      12
       9
       8
      11
       7
       8
       7
       8
      12
       4
      14
      12
      11
      13
      10
      11
       7
       6
       9
      17
      10
      13
      18
       7
       8
       2
       7
      13
      15
       7
       4
      10
      10
       8
       7
      14
      13
      11
      11
       6
       7
       6
       9
       4
       3
      10
      10
       6
      10
       4
       5
       9
       9
      13
       9
       9
      11
       9
       5
      14
       9
       6
       8
       5
      16
       6
      11
      15
      15
      14
       9
       9
      14
       9
      14
      12
       5
      12
      13
      12
       6
      12
      10
       7
       6
       6
       9
       4
       9
      10
      11
       9
      12
      12
       7
       7
      10
      10
       6
      13
      10
      13
       6
       9
      11
       6
       6
      12
       7
      11
      11
       8
       8
       5
       8
      12
       8
      10
      12
       6
       6
       8
       4
       9
      10
       8
       6
      10
       9
       6
      11
       9
       7
      13
      21
      13
      10
       5
      10
      10
       8
       6
       7
      15
       9
       5
      10
       8
      11
      15
      16
       8
       8
      15
       7
       6
       9
       9
      11
       9
       6
       3
      12
       8
      10
       9
       5
       9
       9
       8
      15
       9
       7
      10
       7
       4
       6
       9
      10
      13
       9
      10
       4
       6
       8
      10
       7
       8
       8
       6
      12
      10
       7
       9
       5
      12
       6
       4
      11
       8
      12
       6
      13
      11
      10
       9
      11
       5
       9
       7
       9
      17
       6
       5
       6
       9
      11
       9
       9
       7
       6
      11
      10
      10
       7
      13
       8
      12
      13
       9
       7
       5
      14
       6
       8
       7
       9
      10
       9
       8
       9
      10
      10
       9
      13
       8
      13
      12
      13
       5
      13
       7
      13
       9
       6
      10
       8
       9
       8
       3
       6
       1
      17
       0
       8
      10
       9
       6
       4
      10
      13
       7
       3
       9
      12
       6
      10
       6
       7
      19
      21
      23
      16
      28
      21
      24
      25
      37
      30
      16
      26
      23
      11
      17
      17
      12
      13
       7
      10
      12
      10
       5
       8
       6
       6
       9
       7
      14
       7
      14
      10
      10
      12
      12
       9
      11
      11
      10
       7
       5
       9
       6
      14
      11
       4
       8
      10
       6
       6
       9
       7
       4
       6
       8
       9
      11
       5
       8
       6
       9
       5
       6
       6
       2
      11
       5
       8
       3
      14
       8
       1
       9
      10
      12
       9
      10
       7
       7
       4
       9
      10
       7
       8
       5
      11
       5
      10
      12
      10
       6
       7
      13
       7
       8
       7
       6
      11
       3
       5
       7
       8
       9
       6
       3
      10
      15
       7
       3
       8
      10
       8
      10
      12
       5
      10
      18
       8
       4
       6
       5
       6
       9
       8
      10
      10
       8
       8
       7
      12
       6
       5
      14
       2
       5
       6
       9
       8
       4
       6
      13
       5
       9
       6
       9
       7
      12
       7
      11
       9
       7
       7
       7
       7
      11
       4
       8
       5
       6
       7
       8
      11
      11
       7
      12
       7
       2
      11
       5
       8
       5
       6
       7
       5
       9
       7
       4
      11
       6
       9
      12
       7
       7
       4
      11
       4
      12
       9
       5
       3
      10
       5
       4
       6
       6
       9
       5
       6
      13
      11
       5
      10
       8
       6
      12
       3
       6
       7
       6
       9
       9
      10
       5
       7
       4
       6
       6
       8
       8
      11
       9
      10
      10
       4
       8
       6
       5
      10
       7
       5
       8
       8
       8
      13
       7
       3
       8
       6
       9
       9
      12
       4
       6
       6
       7
       6
       8
       8
       5
       5
       9
       7
       7
       6
       7
      12
       6
       5
       5
       8
       5
       5
      11
       7
       8
       7
       7
      12
      10
       6
       6
       6
       7
       8
       8
       6
       3
       7
       4
       8
       3
      10
       6
       5
       6
       9
       5
       4
       6
       7
      11
       6
       8
       9
      14
       7
      11
       7
       7
       8
       4
       5
       7
      11
       8
       6
       6
       3
       4
       7
       8
       5
       7
       8
       3
      12
       8
       4
       9
      10
       4
      10
       7
       7
       5
       7
       2
       5
       6
       6
       9
       8
       9
       5
       9
       9
      11
       4
       7
       5
       7
      10
       5
       8
       8
       7
       8
       5
      11
       9
       6
       5
      15
       4
      10
      10
       5
       2
       7
      10
       6
       4
       5
       6
       7
      11
       3
       5
       2
       3
      10
       7
       7
       6
       5
       1
       9
       6
       8
      10
       4
       4
      10
       5
       6
       6
       5
       6
      13
       6
       8
       4
       6
       9
       5
       7
       6
       5
       3
       8
      11
       3
       6
       4
       8
       6
       7
       5
       6
       6
       5
       5
       4
       6
       6
       4
       7
       6
       7
       3
       6
       9
       5
       6
       9
       5
       8
      12
       4
       7
       1
       7
       5
       7
       3
       8
       5
       4
       6
       2
       4
       8
       6
       5
       5
       5
       5
       6
       3
       6
       5
       6
       4
       3
       6
       7
       4
       6
       5
       6
       3
       8
       4
      10
       4
       5
       3
       4
       6
       3
       5
       4
       4
      10
       8
       6
       7
      11
       5
       6
       7
       7
       9
       7
       8
       5
       2
       5
       8
       5
       9
       8
       4
       2
       5
       4
       5
       9
       5
      12
       9
       5
       6
       1
       7
       6
       6
       9
       8
      12
      10
       8
       3
       1
       5
       3
       6
       7
       6
       7
       6
       7
       4
       4
       6
       4
       5
       9
       6
       4
       8
       4
       2
       5
       4
       3
       5
       7
       6
       6
       4
       5
       4
      11
       7
       6
       6
       7
       5
       5
       5
       7
       2
       7
       2
       3
       6
       6
       9
       6
       8
       2
       6
       1
       5
      12
       4
       4
       7
       8
       7
       3
       2
       7
       8
       6
       8
       3
       6
       6
      13
       6
       9
       5
       4
       6
       6
       6
       7
       5
       3
       8
       7
       5
       8
       4
       4
       9
       6
       4
       4
       6
       8
       5
       3
       6
       7
       5
       3
       5
       6
       6
       5
       9
       5
       2
       5
       5
       9
      10
       9
       6
       4
      10
       9
       8
       8
       3
       8
       1
       4
       6
       3
       3
       4
      10
       4
       3
       6
       6
       5
       4
       6
       4
       5
       4
       3
       4
      10
       5
       6
      10
       6
       9
       5
       1
       2
       7
       8
       4
       6
       5
       4
       9
       8
       4
       5
      13
       4
       5
       3
       5
       3
       6
       6
       4
       9
       4
       8
       7
       7
       4
       2
       9
       3
       4
       8
       7
       6
       6
       3
      15
       3
       5
       8
       5
       7
       5
       6
       6
       7
       5
       2
       5
       6
       4
      13
       8
       8
       2
       6
       9
       5
       8
       7
       7
       5
       6
       2
       7
       4
       3
       5
       3
       8
       6
       6
       2
       3
       3
       6
       1
       6
       3
       4
       7
       5
       2
       4
       6
       5
       5
       4
       6
       7
       6
       5
       4
       6
       6
       5
       5
      11
       5
      10
       5
       4
       6
       3
       7
      10
       7
       2
       6
       6
      10
       4
      10
       8
       6
       4
       8
      13
       7
       8
      12
       8
       7
      12
       5
       6
       5
       4
       5
       2
       3
       4
       7
       6
       4
       6
       2
       7
       6
       5
       4
       3
       2
       2
       5
       7
       4
       4
       5
       6
       5
       6
       8
       7
       2
       9
       5
       6
       6
       3
       4
       6
       5
       2
       6
       6
       1
       4
       5
       3
       8
       5
       4
       5
       6
       3
       2
       3
       6
       7
       3
       6
       3
       4
       3
       6
       3
       2
       8
       4
       3
       3
       3
       4
       5
       6
       8
       7
       4
       0
       1
       1
       4
       4
       3
       6
       9
       2
       6
       3
       6
       5
       4
       5
       5
       3
       5
       3
       3
       8
       6
       5
       6
       4
       3
       9
       5
       4
       3
       2
       3
       5
       4
       2
       5
       1
       4
       5
       4
      10
       7
       2
       6
       3
       7
       3
       2
       1
       4
       3
       5
      10
       5
       2
       6
       4
       4
       8
       3
       5
       6
       5
       4
       4
       6
       4
       7
       3
       4
       2
       7
       6
       0
       5
       1
       5
       4
       5
       5
       5
       4
       5
       4
       6
       6
       2
       6
       4
       2
       5
       4
       5
       6
       9
       4
       4
       5
       6
       0
       6
       5
       0
       7
       2
       6
       5
       1
       5
       3
       1
       4
       2
       7
       8
       4
       3
       2
       7
       1
       8
       9
       3
       5
       6
       2
       4
       5
       7
       9
       3
       4
       3
       3
       4
       5
       3
       3
       2
       3
       3
       5
       6
       3
       6
       4
       4
       6
       4
       5
       6
       1
       3
       4
       5
       4
       3
       3
       9
       7
       3
       3
       5
       4
       3
       5
       6
       5
       4
       5
       7
       5
       6
       3
       4
       2
       3
       9
       5
       4
       6
       4
       2
       5
       4
       6
       3
       6
       3
       1
       4
       4
       2
       4
       2
       3
       5
       4
       5
       5
       5
       0
       4
       8
       4
       3
       3
       3
       6
       3
       1
       3
       3
       6
       5
       6
       5
       4
       6
       3
       4
       5
       1
       4
       2
       3
       4
       6
       3
       2
       3
       2
       3
       2
       7
       1
       4
       3
       0
       5
       2
       5
       3
       3
       4
       7
       4
       1
       5
       3
       5
       8
       5
       3
       4
       4
       8
       2
       1
       2
       6
       3
       1
       7
       3
       5
       4
       4
       2
       1
       6
       6
       4
       3
       2
       6
       3
       2
       4
       6
       7
       5
       2
       0
      10
       8
       2
       3
       3
       7
       1
       5
       3
       6
       2
       1
       9
       6
       7
       5
       5
       4
       4
       2
       5
       8
       3
       4
       4
       5
       2
       3
       7
       5
       4
       1
       4
       4
       8
       4
       3
       6
       5
       2
       4
       3
       3
       8
       3
       3
       8
       9
       3
       6
       6
       5
       4
       1
       7
       7
      11
       7
       2
       4
       0
       4
       1
       1
       6
       7
       2
       5
       0
       3
       7
       7
       7
       2
       4
       3
       1
       0
       3
       7
       6
       6
       6
       4
       2
       4
       4
       7
       6
       2
       2
       6
       2
       2
       5
       5
       6
       3
       2
       2
       5
       2
       3
       3
       6
       1
       5
       4
       2
       4
      11
       4
       7
       6
       3
       4
       4
       3
       1
       3
       6
       2
       4
       3
       3
       8
       5
       2
       2
       5
       3
       3
       2
       4
       3
       4
       5
       8
       2
       1
       1
       6
       5
       4
       3
       2
       3
       4
       1
       5
       6
       2
       1
       4
       6
       6
       4
       7
       1
       2
       4
       6
       7
       2
       3
       7
       8
       2
       5
       4
       1
       1
       4
       1
       6
       3
       4
       6
       2
       4
       2
       6
       2
       3
       2
       5
       2
       4
       2
       4
       4
       0
       5
       5
       3
       5
       4
       3
       2
       8
       3
       9
       3
       4
       4
       1
       3
       1
       3
       5
       3
       6
       1
       1
       6
       5
       2
       6
       4
       2
       4
       1
       2
       1
       3
       6
       6
       8
       1
       2
       5
       0
       0
       0
       1
       6
       3
       2
       4
      10
       3
       2
       6
       2
       5
       5
       3
       1
       1
       4
       3
       4
       8
       3
       3
       5
       5
       6
       2
       1
       4
       3
       6
       4
       6
       6
       6
       1
       4
       5
       6
       1
       4
       3
       6
       4
       5
       6
       3
       0
       3
       4
       3
       4
       2
       5
       3
       5
       1
       1
       5
       2
       7
       2
       4
       3
       3
       1
       2
       1
       5
       0
       6
       6
       1
       6
       7
       3
       2
       4
       4
       5
       3
       6
       5
       5
       4
       1
       3
       1
       4
       4
       6
       4
       2
       1
       3
       7
       1
       7
       3
       2
       2
       4
       2
       3
       5
       4
       3
       3
       6
       3
       5
       1
       7
       2
       5
       2
       2
       2
       6
       1
       4
       3
       6
       2
       4
       2
       5
       4
       4
       9
       3
       6
       3
       5
       2
       7
       5
       5
       3
       1
       1
       1
       3
       2
       3
       2
       3
       5
       2
       3
       3
       2
       3
       3
       3
       1
       3
       4
       1
       6
       2
       2
       2
       3
       5
       4
       6
       4
       4
       4
       6
       1
       3
       0
       6
       5
       2
       5
       2
       3
       5
       1
       0
       2
       3
       2
       8
       4
       5
       2
       3
       2
       3
       1
       2
       5
       4
       3
       4
       5
       3
       4
       5
       0
       5
       2
       4
       6
       4
       2
       2
       3
       2
       2
       1
       3
       4
       3
       4
       6
       4
       2
       3
       3
       1
       4
      10
       6
       5
       4
       3
       2
       5
       4
       3
       1
       3
       3
       4
       1
       4
       6
       5
       3
       5
       4
       3
       4
       4
       2
       2
       2
       4
       4
       3
       4
       4
       0
       6
       5
       4
       4
       3
       2
       0
       3
       6
       5
       4
       1
       5
       5
       0
       0
       6
       7
       5
       3
       2
       9
       6
       3
       3
       8
       7
       5
       1
       0
       4
       5
       2
       5
       5
       4
       4
       6
       4
       3
       2
       3
       1
       3
       5
       0
       3
       4
       1
       7
       3
       4
       1
       7
       3
       1
       1
       2
       2
       5
       1
       4
       4
       4
       1
       4
       3
       1
       1
       5
       2
       4
       3
       4
       5
       1
       2
       4
       4
       5
       2
       1
       4
       1
       1
       2
       2
       3
       0
       4
       2
       0
       3
       5
       4
       2
       3
       2
       2
       2
       3
       0
       3
       4
       3
       5
       0
       3
       3
       5
       5
       1
       4
       2
       7
       4
       4
       0
       4
       2
       7
       2
       3
       3
       1
       3
       4
       5
       3
       0
       1
       3
       5
       3
       3
       7
       3
       3
       2
       4
       4
       3
       6
       4
       3
       1
       2
       4
       5
       3
       4
       5
       3
       5
       1
       2
       7
       1
       0
       6
       3
       1
       3
       4
       3
       1
       1
       3
       2
       2
       1
       2
       5
       5
       5
       3
       3
       5
       4
       1
       3
       3
       2
       1
       6
       0
       3
       1
       5
       4
       5
       4
       3
       2
       2
       3
       2
       4
       5
       2
       1
       6
       1
       2
       4
       2
       0
       2
       0
       7
       1
       3
       3
       2
       1
       4
       1
       3
       2
       0
       5
       4
       0
       6
       5
       0
       3
       1
       0
       2
       1
       4
       2
       2
       4
       1
       2
       1
       1
       1
       3
       1
       4
       5
       2
       2
       4
       4
       4
       4
       5
       6
       1
       2
       5
       2
       2
       2
       1
       4
       1
       1
       2
       5
       2
       1
       2
       0
       4
       2
       0
       1
       3
       3
       0
       4
       2
       4
       5
       0
       0
       3
       3
       4
       3
       3
       3
       3
       4
       5
       5
       5
       0
       2
       3
       1
       2
       4
       3
       4
       0
       5
       3
       1
       2
       4
       4
       2
       2
       5
       4
       3
       8
       6
       3
       3
       3
       7
       1
       3
       4
       2
       1
       4
       2
       1
       4
       1
       3
       4
       0
       0
       3
       6
       2
       6
       2
       0
       3
       3
       3
       4
       4
       3
       6
       4
       3
       3
       0
       1
       3
       2
       2
       5
       3
       1
       2
       4
       1
       4
       5
       5
       2
       4
       3
       4
       0
       5
       2
       2
       3
       3
       1
       3
       3
       4
       2
       1
       2
       1
       3
       1
       5
       1
       1
       4
       5
       1
       1
       3
       2
       0
       0
       2
       0
       2
       0
       1
       3
       5
       0
       0
       6
       2
       5
       1
       4
       4
       3
       4
       2
       3
       3
       2
       1
       1
       2
       4
       4
       4
       3
       2
       3
       2
      10
       4
       3
       4
       4
       3
       5
       2
       4
       1
       4
       1
       2
       5
       4
       1
       6
       5
       2
       3
       1
       2
       3
       4
       4
       0
       0
       7
       1
       3
       3
       3
       3
       4
       4
       3
       2
       3
       2
       5
       3
       3
       1
       5
       4
       1
       5
       2
       0
       0
       2
       7
       3
       3
       3
       1
       6
       2
       6
       5
       2
       5
       3
       5
       4
       3
       3
       4
       1
       4
       2
       4
       4
       6
       1
       3
       4
       3
       5
       2
       3
       5
       3
       1
       2
       4
       0
       3
       5
       1
       5
       2
       2
       3
       3
       1
       4
       2
       4
       2
       2
       1
       1
       6
       4
       2
       3
       3
       2
       2
       1
       1
       5
       1
       1
       4
       1
       2
       2
       8
       2
       5
       3
       2
       1
       2
       3
       4
       4
       6
       4
       1
       2
       4
       3
       4
       3
       3
       1
       6
       0
       3
       2
       3
       1
       4
       3
       1
       5
       2
       0
       2
       7
       1
       2
       3
       2
       3
       2
       5
       3
       4
       3
       2
       4
       4
       1
       5
       5
       2
       5
       5
       1
       0
       2
       3
       1
       5
       2
       2
       5
       1
       1
       0
       6
       2
       1
       3
       3
       2
       4
       2
       4
       3
       3
       4
       4
       4
       3
       2
       3
       2
       1
       3
       3
       3
       5
       2
       2
       2
       4
       7
       3
       1
       2
       2
       3
       4
       4
       1
       5
       4
       3
       5
       2
       4
       6
       7
       0
       2
       1
       4
       7
       4
       1
       3
       3
       4
       1
       6
       1
       2
       4
       0
       5
       5
       4
       4
       4
       3
       0
       2
       2
       7
       2
       4
       5
       3
       1
       4
       1
       6
       3
       3
       6
       4
       4
       2
       3
       5
       6
       4
       6
       4
       4
       3
       0
       2
       1
       5
       7
       0
       2
       3
       1
       3
       2
       1
       6
       4
       2
       5
       3
       5
       0
       2
       4
       4
       4
       2
       2
       2
       1
       3
       2
       3
       4
       2
       1
       1
       5
       1
       3
       0
       1
       3
       2
       0
       5
       1
       3
       3
       1
       1
       2
       3
       3
       1
       4
       1
       4
       2
       2
       2
       5
       1
       3
       2
       4
       3
       1
       3
       4
       2
       4
       1
       1
       4
       2
       3
       1
       3
       5
       2
       6
       0
       5
       0
       4
       4
       1
       3
       4
       1
       0
       3
       1
       0
       5
       0
       1
       4
       3
       1
       4
       2
       3
       2
       4
       0
       1
       3
       1
       1
       1
       3
       1
       3
       2
       1
       3
       2
       3
       2
       2
       3
       0
       6
       3
       1
       4
       4
       0
       2
       4
       2
       2
       1
       3
       4
       3
       1
       2
       2
       5
       3
       5
       1
       1
       2
       0
       0
       1
       5
       4
       2
       1
       2
       1
       3
       1
       2
       3
       4
       0
       4
       3
       2
       0
       2
       1
       4
       3
       0
       0
       4
       0
       4
       5
       2
       0
       2
       4
       0
       0
       4
       2
       3
       4
       2
       1
       3
       4
       0
       1
       2
       5
       2
       0
       6
       4
       1
       5
       3
       4
       2
       1
       4
       1
       0
       4
       4
       2
       2
       0
       2
       2
       1
       3
       6
       3
       4
       2
       4
       4
       3
       2
       1
       0
       1
       2
       1
       3
       6
       2
       5
       3
       2
       4
       2
       0
       1
       2
       3
       6
       2
       1
       3
       1
       2
       2
       3
       0
       4
       2
       2
       4
       4
       4
       0
       3
       3
       1
       3
       2
       3
       1
       2
       4
       6
       2
       1
       4
       5
       2
       3
       3
       3
       1
       6
       1
       2
       3
       1
       1
       2
       1
       3
       4
       4
       2
       0
       3
       1
       1
       5
       3
       3
       1
       3
       3
       1
       3
       1
       1
       3
       3
       5
       0
       1
       2
       2
       5
       1
       5
       2
       5
       5
       1
       2
       4
       3
       0
       1
       3
       2
       1
       5
       2
       0
       3
       1
       1
       4
       4
       1
       0
       2
       2
       3
       1
       2
       7
       0
       1
       2
       2
       0
       2
       2
       2
       2
       2
       2
       1
       2
       3
       0
       0
       3
       4
       4
       0
       1
       2
       1
       2
       2
       0
       1
       1
       2
       3
       2
       2
       1
       3
       4
       0
       2
       2
       3
       2
       1
       2
       1
       2
       1
       4
       1
       5
       5
       3
       3
       2
       1
       1
       3
       0
       2
       2
       1
       2
       0
       2
       1
       2
       2
       2
       1
       4
       3
       0
       4
       1
       0
       2
       2
       2
       3
       2
       1
       1
       2
       3
       0
       1
       1
       2
       5
       3
       4
       0
       1
       8
       2
       1
       2
       3
       3
       0
       1
       2
       1
       3
       1
       4
       6
       4
       1
       3
       2
       1
       4
       5
       1
       4
       3
       0
       5
       3
       4
       4
       0
       3
       1
       2
       2
       2
       2
       1
       1
       3
       1
       3
       1
       1
       3
       0
       3
       2
       1
       2
       0
       1
       1
       1
       3
       4
       4
       2
       2
       3
       2
       1
       0
       3
       1
       5
       2
       3
       2
       1
       3
       2
       1
       3
       2
       3
       2
       4
       4
       2
       3
       2
       3
       1
       3
       1
       2
       0
       3
       2
       4
       3
       1
       1
       0
       4
       2
       0
       0
       2
       5
       2
       3
       1
       2
       5
       3
       3
       3
       2
       3
       1
       2
       2
       2
       2
       1
       5
       2
       2
       1
       2
       2
       2
       3
       1
       2
       0
       1
       2
       0
       6
       4
       5
       5
       0
       2
       2
       2
       4
       4
       3
       3
       6
       3
       2
       2
       9
       3
       9
      12
       7
       3
       9
       2
       3
      12
       9
       5
       8
       6
       7
       8
       9
       3
       8
       8
       3
       3
       5
       0
       2
       3
       2
       2
       2
       0
       2
       3
       2
       1
       3
       3
       2
       2
       2
       0
       3
       3
       3
       2
       3
       2
       2
       4
       3
       3
       1
       0
       1
       3
       4
       1
       1
       2
       6
       1
       1
       5
       4
       5
       7
       1
       1
       0
       2
       6
       3
       3
       1
       2
       1
       1
       3
       2
       1
       4
       2
       2
       3
       8
       3
       2
       1
       3
       0
       2
       1
       1
       1
       4
       0
       5
       0
       0
       2
       1
       0
       1
       2
       1
       3
       2
       4
       3
       0
       2
       1
       3
       1
       3
       4
       2
       3
       1
       5
       3
       0
       1
       3
       3
       0
       0
       1
       6
       2
       3
       2
       1
       3
       0
       2
       4
       0
       1
       1
       2
       2
       2
       2
       0
       2
       4
       2
       1
       1
       3
       0
       2
       2
       1
       4
       1
       2
       1
       2
       2
       2
       2
       1
       1
       1
       4
       1
       0
       2
       3
       2
       0
       2
       2
       0
       2
       0
       1
       0
       4
       4
       0
       1
       1
       0
       2
       2
       2
       2
       2
       1
       0
       1
       2
       2
       1
       2
       1
       2
       0
       1
       1
       1
       0
       2
       2
       0
       3
       2
       1
       2
       1
       1
       2
       3
       2
       1
       2
       0
       3
       4
       1
       4
       1
       2
       1
       2
       2
       1
       0
       1
       4
       0
       2
       0
       2
       1
       4
       3
       2
       3
       1
       0
       1
       2
       4
       4
       0
       0
       2
       3
       2
       2
       2
       2
       2
       3
       1
       3
       3
       1
       2
       2
       2
       2
       1
       3
       1
       0
       3
       1
       1
       1
       3
       1
       5
       1
       3
       2
       1
       1
       0
       3
       2
       0
       2
       2
       3
       0
       2
       0
       0
       4
       2
       3
       2
       2
       2
       2
       2
       1
       3
       1
       0
       2
       4
       3
       1
       3
       5
       4
       2
       0
       1
       2
       3
       1
       3
       2
       7
       0
       1
       3
       1
       1
       7
       2
       1
       1
       1
       5
       1
       2
       1
       2
       2
       3
       1
       3
       1
       1
       1
       2
       1
       2
       1
       0
       1
       1
       2
       1
       0
       2
       4
       5
       2
       2
       5
       0
       2
       2
       1
       1
       3
       0
       2
       0
       1
       4
       4
       1
       1
       1
       3
       3
       1
       3
       3
       1
       2
       2
       1
       3
       2
       3
       2
       1
       3
       2
       2
       1
       0
       0
       0
       0
       3
       0
       2
       3
       2
       1
       1
       0
       2
       2
       3
       1
       1
       0
       2
       1
       0
       3
       3
       0
       4
       2
       2
       1
       0
       3
       2
       2
       2
       0
       3
       2
       1
       1
       1
       1
       2
       3
       2
       0
       0
       2
       2
       1
       3
       2
       0
       4
       0
       1
       0
       1
       1
       1
       3
       1
       2
       1
       1
       2
       3
       1
       1
       0
       3
       1
       2
       4
       2
       0
       0
       3
       3
       2
       2
       1
       1
       1
       1
       1
       3
       3
       0
       1
       0
       4
       1
       3
       2
       2
       1
       1
       3
       3
       3
       0
       2
       2
       0
       0
       1
       4
       1
       0
       0
       3
       2
       0
       1
       2
       3
       2
       1
       0
       4
       2
       2
       3
       1
       3
       1
       1
       1
       2
       1
       1
       1
       3
       1
       3
       1
       0
       2
       0
       1
       1
       0
       0
       1
       2
       4
       5
       1
       2
       0
       1
       2
       2
       1
       1
       3
       4
       4
       2
       1
       1
       5
       2
       1
       0
       2
       2
       1
       5
       3
       3
       2
       3
       1
       3
       1
       2
       2
       2
       3
       3
       3
       0
       1
       0
       1
       2
       2
       0
       2
       0
       1
       0
       2
       0
       0
       1
       2
       1
       1
       2
       2
       3
       0
       3
       2
       2
       1
       0
       2
       5
       1
       0
       1
       0
       2
       1
       1
       1
       3
       4
       1
       1
       2
       4
       2
       1
       2
       1
       1
       1
       5
       1
       0
       2
       1
       0
       3
       1
       4
       3
       3
       2
       3
       0
       2
       1
       2
       2
       3
       2
       1
       1
       2
       1
       2
       4
       6
       2
       2
       0
       1
       1
       0
       1
       1
       3
       1
       1
       1
       3
       4
       4
       0
       2
       0
       5
       3
       0
       2
       1
       2
       0
       3
       2
       0
       0
       5
       1
       4
       1
       1
       2
       1
       2
       5
       1
       3
       0
       2
       4
       2
       0
       2
       0
       2
       3
       3
       1
       1
       3
       3
       1
       1
       1
       1
       3
       4
       0
       4
       1
       1
       4
       1
       5
       1
       1
       1
       1
       3
       0
       3
       2
       1
       3
       2
       2
       3
       4
       1
       2
       5
       2
       2
       1
       0
       0
       1
       3
       0
       1
       2
       2
       3
       1
       3
       2
       1
       1
       2
       3
       2
       3
       3
       0
       2
       4
       0
       1
       1
       2
       0
       2
       1
       4
       3
       0
       3
       0
       2
       2
       1
       1
       1
       1
       3
       4
       0
       1
       4
       1
       0
       5
       0
       0
       1
       2
       2
       1
       2
       4
       3
       3
       2
       1
       0
       3
       1
       2
       1
       6
       0
       2
       2
       4
       2
       2
       2
       1
       1
       0
       1
       4
       0
       2
       1
       1
       4
       3
       3
       3
       2
       1
       2
       1
       1
       0
       3
       1
       2
       0
       3
       3
       0
       3
       2
       2
       3
       1
       1
       2
       1
       1
       2
       2
       0
       1
       3
       0
       1
       4
       1
       2
       4
       0
       1
       4
       2
       0
       1
       0
       0
       2
       3
       0
       0
       1
       1
       1
       3
       1
       1
       4
       3
       1
       2
       2
       0
       2
       1
       5
       1
       2
       2
       0
       1
       3
       3
       0
       0
       0
       0
       1
       0
       2
       4
       3
       4
       4
       2
       0
       3
       1
       0
       1
       1
       3
       1
       0
       1
       3
       2
       3
       1
       3
       1
       1
       2
       1
       2
       1
       2
       2
       2
       2
       0
       2
       1
       2
       0
       0
       1
       2
       3
       0
       1
       2
       4
       1
       2
       1
       1
       2
       3
       2
       2
       2
       0
       2
       0
       2
       1
       3
       3
       0
       2
       0
       0
       1
       1
       2
       2
       2
       1
       0
       2
       0
       1
       0
       2
       2
       1
       0
       0
       2
       1
       0
       0
       0
       3
       2
       0
       0
       2
       1
       1
       1
       4
       4
       1
       0
       2
       2
       1
       2
       1
       1
       3
       4
       2
       1
       1
       1
       0
       3
       3
       2
       3
       2
       1
       0
       1
       0
       3
       3
       0
       2
       3
       1
       1
       5
       0
       2
       1
       0
       1
       1
       2
       1
       3
       0
       2
       3
       0
       3
       2
       2
       0
       1
       1
       3
       1
       5
       4
       3
       2
       0
       4
       3
       1
       2
       0
       4
       1
       1
       0
       1
       0
       0
       0
       1
       1
       3
       3
       0
       3
       0
       2
       2
       4
       4
       0
       1
       3
       0
       0
       2
       1
       1
       0
       3
       2
       0
       1
       1
       1
       0
       1
       0
       1
       3
       2
       2
       2
       1
       2
       3
       2
       2
       0
       3
       3
       5
       1
       0
       1
       5
       2
       1
       1
       2
       3
       3
       2
       1
       2
       2
       3
       3
       2
       3
       1
       3
       2
       0
       1
       2
       0
       4
       0
       0
       3
       1
       1
       5
       2
       2
       0
       1
       0
       0
       0
       0
       3
       1
       2
       0
       1
       1
       4
       0
       0
       0
       2
       4
       0
       0
       2
       0
       1
       0
       2
       4
       1
       2
       2
       2
       4
       0
       2
       1
       1
       0
       1
       0
       2
       2
       1
       0
       1
       2
       2
       0
       0
       2
       0
       2
       1
       0
       4
       3
       1
       0
       0
       5
       2
       1
       3
       1
       1
       1
       0
       5
       1
       2
       3
       0
       0
       3
       1
       2
       0
       1
       1
       2
       1
       2
       2
       2
       3
       0
       3
       2
       1
       1
       1
       3
       1
       0
       3
       4
       0
       2
       0
       2
       1
       1
       1
       3
       3
       1
       0
       2
       2
       2
       0
       2
       1
       2
       1
       2
       0
       3
       2
       1
       1
       1
       0
       3
       0
       1
       0
       1
       1
       1
       3
       1
       0
       3
       2
       0
       1
       0
       1
       2
       0
       0
       0
       1
       0
       0
       2
       3
       1
       1
       3
       2
       1
       2
       2
       2
       2
       1
       2
       1
       4
       1
       2
       2
       2
       2
       1
       1
       1
       2
       1
       1
       1
       1
       6
       1
       1
       5
       1
       0
       3
       2
       1
       2
       2
       2
       3
       3
       1
       1
       3
       1
       3
       2
       0
       2
       3
       3
       2
       0
       1
       4
       0
       3
       1
       1
       2
       3
       4
       2
       1
       2
       0
       3
       1
       4
       1
       1
       3
       0
       2
       2
       1
       1
       0
       3
       0
       1
       4
       3
       1
       3
       1
       0
       3
       1
       1
       1
       1
       0
       0
       1
       0
       2
       1
       1
       4
       3
       0
       0
       1
       1
       2
       1
       2
       0
       3
       4
       1
       0
       2
       1
       0
       4
       0
       0
       1
       2
       0
       0
       0
       0
       1
       1
       4
       2
       0
       1
       2
       3
       2
       1
       1
       2
       0
       1
       1
       0
       2
       1
       2
       2
       1
       3
       1
       1
       0
       1
       0
       0
       0
       0
       0
       0
       0
       0
       0
       0
       0
       0
       0
       0
       0
       0
       0
       0
       0
       0
       0
       0
       0
       0
       0
       0
       0
       0
       0
       0
       0
       0
       0
       0
       0
       0
       0
       0
       0
       0
       0
       0
       0
       0
       0
       0
       0
       0
       0
       0
       0
       0
       0
       0
       0
       0
       0
       0
       0
       0
       0
       0
       0
       0
       0
       0
       0
       0
       0
       0
       0
       0
       0
       0
       0
       0
       0
       0
       0
       0
       0
       0
       0
       0
       0
       0
       0
       0
       0
       0
       0
       0
       0
       0
       0
       0
       0
       0
       0
       0
       0
       0
       0
       0
       0
       0
       0
       0
       0
       0
       0
       0
       0
       0
       0
       0
       0
       0
       0
       0
       0
       0
       0
       0
       0
       0
       0
       0
       0
       0
       0
       0
       0
       0
       0
       0
       0
       0
       0
       0
       0
       0
       0
       0
       0
       0
       0
       0
       0
       0
       0
       0
       0
       0
       0
       0
       0
       0
       0
       0
       0
       0
       0
       0
       0
       0
       0
       0
       0
       0
       0
       0
       0
       0
       0
       0
       0
       0
       0
       0
       0
       0
       0
       0
$ROI:
3
2091 2111
2937 2969
3340 3382
$PRESETS:
None
0
0
$ENER_FIT:
-1.603023 0.398142
$MCA_CAL:
3
-1.603023E+000 3.981421E-001 -1.843240E-007 keV
$SHAPE_CAL:
3
5.712108E+000 -5.708310E-004 7.647117E-007
