$SPEC_ID:
Cs137
$SPEC_REM:
DET# 2
DETDESC# DETECTOR 2
AP# GammaVision Version 7.01.03
$DATE_MEA:
03/21/2017 09:55:35
$MEAS_TIM:
85 87
$DATA:
0 8191
       0
       0
       0
       0
       0
       0
       0
       0
       0
       0
       0
       0
       0
       0
       0
       0
       0
       0
       0
       0
       0
       0
       0
       0
       0
       0
       0
       0
       0
       0
       0
       0
       0
       0
       0
       0
       0
       0
       0
       0
       0
       0
       0
       0
       0
       0
       0
       0
       0
       0
       0
       0
       0
       0
       0
       0
       0
       0
       0
       0
       0
       0
       0
       0
       0
       0
       0
       0
       0
       0
       0
       0
       0
       0
       0
       0
       0
       0
       0
       0
       0
       0
       0
       0
       0
       0
       0
       0
       0
       0
       0
       0
       0
       0
       0
       0
      10
      48
      71
      64
      61
      62
      76
      72
      63
      68
      60
      60
      53
      58
      42
      57
      54
      50
      61
      77
      58
      72
      58
      63
      74
      49
      68
      56
      50
      73
      53
      66
      52
      58
      58
      65
      41
      58
      46
      73
      65
      55
      67
      62
      64
      53
      48
      65
      67
      61
      80
      65
      59
      70
      62
      48
      64
      58
      61
      60
      52
      71
      55
      58
      65
      57
      59
      61
      55
      56
      57
      62
      65
      48
      58
      70
      71
      55
      56
      59
      77
      65
      82
      64
      80
      76
      71
      68
      75
      86
      91
      97
      67
      74
      51
      64
      76
      59
      68
      68
      56
      60
      62
      55
      55
      58
      53
      72
      50
      48
      64
      61
      70
      76
      78
      70
      72
      71
      61
      69
      64
      57
      78
      66
      62
      67
      61
      63
      61
      46
      61
      57
      61
      54
      53
      60
      68
      58
      72
      58
      58
      57
      59
      64
      67
      67
      63
      62
      60
      67
      63
      62
      56
      62
      70
      54
      43
      53
      52
      51
      80
      57
      59
      59
      55
      66
      52
      51
      56
      66
      62
      57
      61
      61
      55
      60
      53
      57
      56
      57
      57
      52
      51
      58
      59
      66
      56
      53
      68
      63
      52
      58
      45
      65
      55
      57
      63
      60
      53
      60
      66
      51
      58
      63
      51
      57
      52
      60
      62
      60
      46
      60
      58
      74
      56
      56
      51
      69
      58
      58
      56
      65
      57
      50
      60
      71
      59
      67
      61
      47
      55
      54
      62
      75
      55
      42
      51
      75
      55
      59
      61
      75
      50
      61
      58
      69
      50
      53
      69
      50
      49
      62
      57
      64
      64
      66
      54
      55
      58
      56
      65
      55
      62
      52
      55
      47
      66
      63
      53
      65
      56
      52
      65
      59
      64
      51
      79
      67
      57
      60
      64
      60
      67
      53
      60
      53
      70
      66
      43
      58
      60
      54
      41
      51
      45
      51
      45
      62
      63
      61
      48
      57
      45
      52
      59
      48
      58
      55
      63
      67
      50
      57
      58
      53
      63
      58
      38
      56
      67
      56
      72
      61
      77
      76
      59
      66
      53
      71
      48
      69
      50
      48
      60
      62
      54
      37
      57
      60
      69
      64
      60
      50
      61
      48
      50
      66
      54
      60
      53
      51
      61
      45
      66
      58
      56
      56
      56
      59
      54
      52
      68
      71
      55
      57
      57
      50
      64
      62
      57
      49
      64
      55
      39
      51
      47
      56
      54
      60
      74
      50
      58
      58
      53
      53
      71
      43
      57
      65
      69
      79
      53
      55
      62
      53
      55
      48
      63
      54
      50
      61
      52
      63
      77
      50
      53
      66
      69
      47
      60
      71
      55
      70
      60
      53
      69
      51
      65
      65
      58
      64
      69
      67
      65
      50
      69
      60
      60
      60
      72
      66
      76
      75
      80
      80
      79
      69
      80
      83
      89
      68
      98
      77
      80
      82
      66
      82
      96
      81
      96
      77
      65
      76
      81
      89
      88
      82
      78
      76
      72
      77
      78
     101
      79
      67
      79
      70
      93
      80
      81
      76
      80
      79
      76
      87
      56
      63
      62
      79
      81
      75
      69
      84
      85
      75
      78
      64
      67
      85
      80
      71
      68
      84
      66
      72
      83
      79
      74
      73
      62
      72
      81
      64
      73
      72
      66
      65
      54
      67
      70
      65
      66
      87
      72
      69
      62
      67
      69
      67
      71
      59
      66
      61
      71
      69
      64
      64
      68
      60
      56
      55
      51
      74
      40
      71
      58
      77
      83
      65
      73
      70
      69
      57
      57
      73
      68
      54
      62
      55
      53
      57
      73
      72
      56
      69
      56
      77
      58
      56
      57
      48
      73
      67
      68
      59
      70
      62
      61
      59
      65
      63
      63
      61
      66
      62
      53
      57
      51
      65
      63
      57
      66
      66
      53
      62
      74
      55
      62
      55
      63
      54
      60
      54
      60
      50
      51
      56
      77
      43
      58
      58
      56
      47
      53
      61
      61
      66
      62
      50
      56
      61
      59
      66
      54
      59
      69
      61
      55
      45
      47
      57
      54
      59
      69
      38
      59
      50
      57
      60
      54
      54
      66
      68
      41
      51
      53
      59
      62
      63
      63
      49
      57
      53
      61
      51
      55
      53
      56
      65
      60
      52
      62
      42
      55
      56
      55
      45
      55
      61
      54
      40
      55
      39
      49
      66
      75
      50
      54
      40
      56
      62
      64
      61
      62
      50
      52
      67
      58
      58
      64
      59
      47
      69
      71
      49
      48
      48
      55
      62
      68
      55
      61
      55
      55
      55
      65
      66
      47
      52
      45
      50
      60
      62
      58
      51
      64
      46
      52
      57
      47
      54
      45
      46
      45
      47
      63
      58
      46
      69
      50
      57
      57
      51
      44
      62
      48
      55
      49
      57
      58
      62
      64
      38
      66
      59
      54
      61
      53
      71
      66
      61
      50
      53
      66
      67
      42
      49
      60
      44
      48
      51
      66
      45
      44
      63
      49
      60
      43
      55
      37
      65
      50
      58
      50
      53
      47
      54
      59
      56
      48
      56
      53
      53
      49
      51
      64
      53
      61
      46
      59
      61
      61
      62
      42
      66
      50
      55
      59
      49
      52
      54
      66
      41
      47
      62
      56
      60
      58
      57
      49
      38
      67
      55
      70
      69
      50
      51
      49
      51
      56
      57
      57
      60
      61
      66
      37
      47
      65
      54
      43
      55
      59
      61
      56
      51
      49
      42
      43
      51
      52
      63
      45
      48
      55
      58
      59
      43
      58
      49
      59
      62
      55
      59
      53
      57
      57
      44
      57
      51
      43
      59
      50
      44
      52
      51
      47
      47
      50
      51
      41
      42
      55
      50
      47
      53
      51
      49
      53
      55
      47
      56
      49
      51
      65
      50
      46
      55
      50
      53
      48
      43
      61
      49
      55
      42
      55
      56
      59
      47
      50
      48
      48
      48
      48
      55
      55
      47
      43
      44
      45
      36
      41
      51
      44
      58
      46
      64
      60
      43
      69
      53
      61
      56
      34
      44
      67
      56
      45
      48
      50
      50
      51
      61
      61
      54
      45
      45
      41
      34
      58
      45
      55
      59
      47
      50
      44
      50
      53
      53
      51
      59
      32
      45
      51
      54
      54
      65
      40
      41
      65
      57
      46
      50
      50
      55
      52
      57
      48
      57
      45
      52
      57
      42
      42
      54
      50
      48
      47
      35
      49
      53
      52
      52
      59
      40
      48
      48
      60
      45
      51
      56
      55
      52
      52
      48
      67
      46
      58
      66
      45
      66
      49
      42
      57
      49
      52
      61
      53
      48
      44
      46
      58
      50
      58
      40
      42
      51
      65
      54
      41
      55
      50
      48
      39
      49
      50
      47
      46
      46
      47
      45
      44
      41
      46
      47
      45
      58
      42
      43
      45
      51
      35
      52
      43
      33
      64
      49
      53
      51
      53
      45
      47
      56
      42
      57
      59
      44
      50
      50
      51
      53
      49
      45
      53
      44
      44
      55
      40
      48
      51
      44
      49
      46
      44
      57
      44
      46
      45
      51
      45
      51
      47
      41
      46
      43
      45
      53
      58
      50
      47
      43
      54
      46
      44
      47
      48
      57
      58
      49
      49
      38
      53
      45
      46
      42
      45
      48
      60
      40
      56
      50
      51
      55
      55
      58
      56
      49
      48
      51
      59
      45
      49
      53
      39
      40
      42
      49
      52
      42
      55
      44
      64
      48
      44
      44
      52
      58
      47
      54
      48
      67
      40
      60
      40
      64
      47
      49
      44
      47
      57
      40
      53
      53
      51
      54
      43
      45
      45
      55
      63
      49
      55
      53
      50
      46
      74
      62
      53
      46
      45
      51
      51
      68
      50
      50
      37
      46
      56
      58
      78
      50
      51
      53
      45
      54
      49
      60
      55
      54
      47
      66
      60
      48
      51
      43
      53
      50
      43
      51
      51
      52
      51
      54
      58
      58
      61
      59
      63
      56
      41
      53
      54
      43
      54
      49
      53
      43
      48
      51
      53
      49
      47
      60
      56
      45
      46
      60
      48
      48
      48
      54
      39
      50
      42
      53
      60
      49
      58
      54
      61
      52
      52
      70
      38
      45
      46
      59
      67
      57
      41
      57
      50
      36
      60
      52
      44
      51
      63
      39
      65
      44
      44
      59
      54
      56
      43
      55
      53
      51
      51
      53
      52
      52
      46
      42
      48
      44
      41
      64
      57
      36
      53
      38
      61
      59
      49
      53
      62
      52
      56
      57
      61
      53
      57
      49
      51
      55
      50
      51
      53
      38
      50
      39
      41
      58
      47
      43
      55
      48
      67
      65
      57
      46
      49
      60
      55
      65
      57
      44
      52
      37
      49
      39
      47
      28
      57
      57
      43
      49
      63
      43
      59
      53
      47
      44
      46
      56
      51
      47
      45
      46
      42
      55
      48
      42
      53
      61
      46
      51
      58
      57
      48
      42
      50
      60
      52
      52
      58
      46
      53
      51
      44
      61
      45
      51
      44
      48
      48
      48
      43
      38
      48
      50
      52
      55
      59
      51
      37
      40
      49
      52
      62
      65
      53
      48
      44
      48
      48
      52
      55
      50
      50
      57
      51
      56
      51
      48
      45
      70
      52
      46
      51
      47
      70
      55
      59
      40
      61
      52
      43
      57
      43
      49
      56
      41
      44
      62
      63
      44
      49
      60
      58
      53
      49
      44
      57
      44
      49
      56
      67
      57
      57
      47
      45
      55
      48
      53
      47
      51
      54
      46
      52
      62
      59
      53
      63
      56
      50
      42
      55
      45
      53
      73
      45
      69
      41
      48
      42
      63
      58
      52
      53
      49
      52
      54
      53
      52
      54
      53
      63
      59
      51
      51
      48
      59
      59
      47
      51
      55
      46
      49
      65
      52
      52
      71
      57
      61
      35
      46
      50
      52
      58
      52
      51
      49
      52
      53
      57
      62
      47
      48
      65
      57
      47
      45
      61
      56
      45
      50
      52
      49
      60
      64
      57
      46
      54
      70
      57
      56
      50
      38
      52
      54
      41
      56
      47
      49
      58
      47
      58
      54
      49
      68
      52
      46
      51
      51
      49
      47
      61
      64
      63
      65
      48
      50
      64
      65
      60
      54
      57
      51
      49
      60
      65
      53
      64
      67
      61
      71
      62
      66
      58
      63
      54
      46
      50
      52
      64
      60
      53
      56
      45
      53
      67
      57
      58
      51
      50
      56
      51
      58
      59
      65
      56
      47
      54
      68
      48
      62
      77
      61
      56
      57
      58
      47
      62
      48
      57
      56
      60
      55
      55
      56
      64
      58
      62
      45
      56
      52
      51
      63
      50
      52
      70
      71
      67
      53
      34
      53
      55
      44
      63
      46
      68
      73
      54
      53
      58
      64
      55
      62
      62
      64
      47
      81
      37
      65
      74
      62
      58
      48
      53
      49
      51
      66
      58
      63
      42
      43
      52
      40
      63
      55
      48
      54
      52
      48
      55
      66
      60
      63
      54
      57
      56
      60
      64
      67
      56
      59
      66
      58
      63
      53
      59
      56
      66
      66
      49
      38
      53
      60
      49
      53
      58
      64
      51
      59
      58
      62
      59
      58
      54
      44
      68
      56
      61
      53
      70
      65
      58
      44
      57
      70
      53
      47
      49
      63
      60
      61
      61
      66
      50
      72
      72
      56
      48
      67
      51
      59
      76
      65
      59
      60
      70
      60
      59
      55
      66
      71
      45
      51
      63
      47
      59
      46
      68
      66
      61
      65
      68
      64
      60
      53
      71
      61
      62
      55
      58
      47
      58
      61
      55
      67
      71
      56
      55
      64
      43
      52
      71
      61
      63
      52
      60
      70
      59
      66
      58
      63
      63
      72
      56
      55
      47
      60
      64
      63
      58
      67
      51
      50
      56
      64
      75
      69
      66
      54
      60
      57
      53
      65
      78
      59
      65
      69
      56
      52
      52
      55
      60
      55
      67
      65
      69
      65
      76
      57
      58
      60
      67
      48
      49
      64
      69
      59
      64
      63
      57
      61
      72
      56
      64
      55
      72
      61
      74
      48
      57
      62
      76
      55
      58
      61
      77
      50
      53
      64
      60
      77
      71
      75
      66
      71
      73
      62
      41
      57
      67
      75
      67
      58
      70
      57
      60
      74
      64
      73
      62
      63
      60
      60
      74
      52
      72
      66
      62
      70
      56
      55
      62
      73
      66
      53
      53
      67
      72
      71
      68
      56
      67
      73
      72
      68
      76
      69
      61
      53
      79
      69
      76
      71
      69
      55
      68
      69
      69
      52
      62
      56
      64
      70
      73
      69
      63
      80
      78
      68
      67
      70
      65
      61
      70
      78
      68
      89
      64
      62
      64
      76
      73
      51
      71
      68
      60
      70
      64
      56
      79
      62
      59
      63
      78
      68
      69
      70
      73
      68
      61
      72
      75
      73
      87
      69
      81
      77
      67
      75
      72
      88
      80
      79
      83
      82
      72
      83
      77
      86
      81
      63
      83
      68
      95
      71
      66
      75
      68
      68
      77
      72
      77
      72
      84
      66
      72
      88
      79
      67
      82
      68
      78
      72
      77
      62
      75
      70
      77
      79
      60
      78
      83
      67
      79
      66
      58
      80
      77
      81
      83
      64
      67
      68
      85
      66
      72
      71
      77
      85
      75
      84
      63
      93
      57
      86
      64
      73
      79
      69
      83
      78
      73
      81
      70
      74
      76
      79
      84
      84
      74
      65
      85
      81
      84
      70
      78
      90
      78
      82
      87
      86
      74
      73
      72
      81
      71
      81
      78
      72
      74
      92
      65
      73
      80
      81
      66
      98
      78
      74
      77
      76
      81
      81
      78
      84
      73
      73
      62
      76
      74
      76
      83
      69
      86
      69
      73
      99
      67
      74
      73
      86
      65
      90
      76
      87
      89
      82
      72
      87
      76
      86
      68
      85
      75
      91
      89
      66
      93
      91
      92
      74
      76
      86
      88
      90
      78
      76
     103
      82
      83
      93
      88
     108
      87
     102
      79
      85
      80
     100
      83
      84
      81
      84
      95
      87
      95
      86
      88
      79
      90
      88
      84
      98
      80
      97
      73
      91
      92
      95
      81
      98
      81
      98
      93
      92
      85
      86
      76
      81
      88
      94
      92
      84
      90
      88
      91
      90
      98
      95
      91
      88
      89
      91
      89
      88
     101
      95
      93
      91
      88
      91
      93
     102
     102
     100
      90
      95
      95
      92
      77
     119
      89
     102
      98
      97
      84
     116
      77
      75
     100
      86
     110
      79
      99
      98
      90
      82
      88
      98
      79
     104
      89
      95
     113
     116
      93
     105
     100
      84
     120
      95
      96
     104
     111
      68
      86
     100
     100
      84
      98
     101
      76
     110
      92
     110
      91
     111
     114
     110
      71
     122
     115
     104
      97
      99
     113
      85
     103
      89
     108
      94
      95
     103
      92
     105
     111
     109
     107
      94
     109
      97
      91
     106
     117
     110
      80
     121
     117
     118
      99
     108
     117
      91
     102
     110
      94
      94
     120
     111
     114
     106
     104
     115
     119
     120
     124
     117
     110
      90
     105
     118
      92
     101
      84
     112
     111
      98
     111
     110
     119
     109
     120
     108
     108
     132
     109
     105
      98
     111
     109
      98
     104
     124
     117
      90
      96
     113
     101
     105
      92
      84
     110
     112
      95
      93
      82
     102
      92
      82
      73
      70
      95
      90
      86
      90
      78
      87
      88
     105
      95
      83
      76
      83
      71
      87
      75
      88
      69
     100
      73
      72
      80
      79
      55
      73
      83
      82
      85
      71
      82
      80
      84
      80
      77
      68
      66
      51
      78
      69
      77
      71
      73
      77
      83
      83
      83
      71
      86
      67
     100
      80
      79
      74
      77
      84
      66
      72
      79
      80
      88
      82
      74
      72
      80
      89
      67
      95
      88
      75
      75
      72
      82
      68
      75
      79
      80
      84
      76
      82
      69
      79
      85
      81
      86
      76
      69
      83
      82
      76
      64
      78
      92
      83
      81
      71
      77
      65
      83
      67
      70
      85
      81
      91
      63
      79
      95
      59
      75
      80
      77
      85
      76
      75
      82
      69
      55
      73
      66
      70
      75
      69
      66
      66
      55
      78
      85
      69
      63
      59
      71
      72
      57
      87
      85
      79
      73
      87
      66
      76
      74
      88
      68
      78
      69
      80
      72
      81
      66
      63
      72
      74
      65
      66
      61
      72
      77
      51
      69
      77
      58
      62
      75
      82
      81
      62
      53
      59
      67
      64
      67
      74
      62
      69
      72
      81
      66
      68
      61
      69
      95
      74
      82
      79
      72
      73
      71
      72
      63
      70
      72
      60
      68
      74
      68
      78
      70
      66
      58
      43
      63
      69
      59
      59
      60
      68
      58
      57
      68
      70
      89
      80
      70
      56
      67
      75
      68
      68
      76
      71
      67
      51
      84
      63
      72
      71
      68
      69
      69
      67
      82
      61
      86
      56
      77
      79
      68
      60
      59
      69
      74
      60
      85
      75
      53
      79
      73
      54
      70
      68
      75
      62
      63
      60
      74
      77
      65
      66
      92
      70
      57
      75
      49
      76
      81
      64
      60
      60
      69
      78
      69
      60
      77
      71
      74
      68
      72
      66
      59
      54
      78
      58
      63
      65
      53
      66
      64
      80
      69
      63
      72
      62
      75
      74
      80
      57
      68
      57
      89
      73
      62
      76
      86
      73
      56
      63
      70
      74
      68
      65
      64
      77
      69
      76
      76
      71
      58
      63
      69
      91
      62
      74
      72
      74
      68
      84
      65
      80
      86
      72
      73
      79
      81
      87
      73
      75
      71
      81
      66
      81
      72
      75
      72
      86
      70
      78
      62
      80
      83
      78
      64
      80
      77
      83
      78
      75
      81
      78
      79
      75
      72
      69
      75
      72
      72
      74
      66
      64
      56
      59
      63
      75
      62
      56
      58
      66
      62
      61
      47
      65
      66
      49
      39
      59
      51
      52
      45
      51
      50
      59
      53
      48
      49
      46
      44
      46
      52
      50
      43
      40
      54
      62
      50
      53
      46
      45
      50
      41
      46
      47
      45
      37
      45
      39
      41
      41
      51
      50
      47
      31
      48
      29
      43
      55
      36
      43
      53
      46
      38
      43
      40
      33
      40
      40
      44
      42
      49
      46
      44
      48
      44
      41
      39
      41
      39
      50
      47
      30
      40
      39
      39
      35
      24
      45
      34
      35
      37
      38
      35
      42
      49
      45
      40
      36
      38
      36
      36
      35
      33
      50
      54
      36
      47
      37
      28
      39
      32
      32
      40
      44
      50
      41
      40
      28
      39
      32
      50
      51
      49
      62
      59
      93
     143
     170
     218
     255
     326
     380
     460
     612
     716
     924
    1138
    1339
    1418
    1699
    1771
    1935
    2015
    1964
    1888
    1651
    1286
    1021
     796
     581
     457
     335
     259
     156
     129
      72
      54
      50
      45
      33
      32
      28
      23
      24
      30
      23
      23
      17
      26
      29
      28
      33
      25
      22
      32
      22
      23
      34
      31
      25
      23
      26
      26
      32
      22
      24
      32
      22
      30
      24
      18
      19
      34
      22
      31
      21
      28
      32
      28
      22
      19
      23
      27
      27
      30
      25
      27
      18
      15
      27
      22
      24
      18
      27
      23
      18
      17
      17
      20
      28
      23
      21
      20
      17
      19
      14
      20
      24
      14
      20
      19
      15
      23
      15
      25
      13
      14
      19
      19
      21
      26
      30
      21
      13
      19
      16
      18
      16
       6
      14
      15
      16
      18
      19
      24
      14
      14
      18
      20
      18
      13
      20
      18
       5
      10
      16
      13
      20
      12
      12
      10
      15
      11
      10
      18
      18
      14
      11
       8
      14
      16
      11
      13
       9
      16
       6
      12
       8
      15
      15
      10
      19
      11
      14
      15
      11
       6
      20
      11
       8
       7
      10
      10
       8
       8
       7
      23
       8
       7
      12
      20
      15
      11
       8
       8
      10
       9
      10
      12
       5
      10
       9
      10
      12
       8
      13
      12
       8
       6
       9
      17
      12
       5
      10
       5
       9
       7
      11
      12
       9
       4
       9
       5
       5
      10
      11
       8
      15
      10
       7
      14
      11
      17
       8
       5
       7
       9
      14
       5
       5
      11
       4
       9
      15
      11
       5
      12
       9
      10
      12
       8
       8
       4
      12
      11
       9
       9
       8
       8
       9
       9
       5
      14
      11
       9
      11
      12
       6
       8
       9
       6
      10
      12
      10
      12
       8
      10
      12
       8
      10
       7
      11
       6
      11
       7
      10
       6
       3
       9
      10
       9
       6
       8
       7
      11
       5
       5
       8
       5
       6
       9
       9
       6
       7
       8
      10
       7
      10
       4
       9
       3
      12
       7
       5
       3
       8
       6
      14
       7
      12
       8
      11
       5
       9
       6
       8
       6
       8
      11
       7
       5
       9
      16
       4
       6
       2
       6
      11
       8
      10
       8
       4
      10
      11
      11
       9
       9
       7
       7
       8
       8
      11
       8
       9
       7
      11
       7
       6
       7
       9
       7
       6
       6
       3
       6
       5
      10
       4
       7
      14
       7
       7
      13
       9
      12
      10
       7
      13
       3
       9
       8
       8
       7
       8
      13
       4
       6
      13
      10
      17
      12
       8
      11
      20
      23
      33
      33
      46
      65
      79
     133
     133
     174
     202
     257
     348
     401
     488
     595
     717
     898
    1004
    1193
    1275
    1344
    1471
    1469
    1597
    1640
    1481
    1329
    1115
     807
     692
     485
     361
     306
     220
     178
     112
      69
      42
      25
      14
      11
       7
       7
       7
       9
       2
       3
       5
       5
       4
       3
       7
       5
       4
       7
       9
      11
       3
       6
       3
       8
       2
       7
       5
       8
       5
       4
       4
       6
       5
       5
       7
       8
       5
       6
       5
       6
       5
       8
       7
       5
       5
       2
       6
       7
       4
       6
      12
       4
       7
       6
       5
       4
       3
       4
       4
       9
       5
       5
       4
       5
       2
       6
       6
      11
       4
       6
       2
       5
       9
       3
       3
       6
       4
      10
       5
       5
       5
       7
       3
       4
      10
       6
       7
       3
       5
       3
       9
       3
       9
       2
       6
       2
       5
       4
       1
       4
       8
       6
       5
       6
       7
       5
       7
       6
       7
       6
       2
       7
       4
       5
       6
       8
       7
       5
       6
       6
       2
       4
       5
       5
       7
       5
       2
       4
       2
       4
       8
       4
       7
       8
       4
       4
       7
       8
       8
       7
       4
       9
       5
       3
       4
       1
       8
       5
       5
       4
       6
       8
       7
       3
       3
       6
       9
       8
       9
       5
       5
       6
      11
       7
       3
       5
       8
       2
       4
       8
       6
       7
       7
       7
       5
       4
       5
       4
       8
       2
       6
       8
       5
       5
       8
       7
       3
       4
       5
       2
       5
       3
       3
      10
       6
       8
       3
       9
       5
       4
       4
       5
       3
       9
       6
       5
       4
       6
       8
       6
       6
       6
       4
       4
       6
       6
       9
       1
       6
       2
       3
       6
       5
       4
       6
       7
       7
       3
       5
       4
       7
       2
       8
       1
       2
       3
       3
       5
       6
       6
       3
       8
       7
       5
       4
       3
       5
       4
       4
       4
       2
       8
       7
       7
       3
       4
       4
      10
       4
       6
       7
       1
       3
       4
       6
       5
       4
       5
       1
       3
       5
       2
       6
       1
       6
      11
       4
       2
       6
       7
       7
       3
       2
       5
       5
       3
       5
       5
       3
       4
       3
       4
       3
       5
       3
       7
       6
       5
       3
       7
       4
       4
       5
       5
       3
       6
       5
       7
       9
       3
       1
       4
       1
       8
       4
       2
       4
       4
       5
       4
       4
       4
       3
       0
       6
       8
       4
       3
       4
       4
       6
       6
       7
       2
       3
       5
       5
       5
       4
       2
       4
       3
       3
       5
       2
       4
       6
       4
       5
       0
       5
       5
       8
       2
       0
       9
       4
       6
       4
       3
       5
       6
       3
       8
       6
       4
       6
       2
       2
       4
       2
       2
       5
       1
       4
       2
       5
       2
       5
       3
       1
       7
      11
       1
       4
       6
       5
       6
       7
       3
       5
       6
       4
       8
       6
       7
       5
       5
       3
       2
       4
       2
       3
       2
       5
       3
       6
       4
       6
       7
       3
       7
       9
       3
       5
       6
       3
       4
       3
       7
       5
       4
       5
       4
       5
       4
       3
       5
       2
       5
       5
       2
       6
       2
       6
       5
       4
       5
       3
       9
       5
       7
       3
       6
       3
       5
       8
       3
       3
       5
       9
       3
       6
       4
       3
       3
       3
       3
       2
       4
       4
       6
       8
       6
       2
       5
       0
       1
       3
       3
       5
       0
       8
       4
       4
       3
       4
       5
       7
       3
       5
       6
       4
       3
       3
       6
       2
       5
       5
       4
       5
       5
       5
       6
       7
       2
       2
       3
       5
       5
       2
       3
       1
       9
       7
       9
       2
       7
       7
       7
       5
       2
       1
       0
       7
       5
       7
       2
       3
       7
       8
       3
       4
       3
       5
       2
       8
       7
       4
       3
       3
       4
       7
      11
       5
       4
       5
       6
       8
       4
       2
       5
       7
       4
      10
       6
       5
       2
       5
       7
       7
       4
       7
       8
       0
       4
       5
       5
       5
       2
       3
       3
       7
       3
       4
       5
       4
       9
       6
       3
      10
       3
       5
       3
       6
       3
       7
       5
       3
       4
       4
       0
       7
       4
       3
       1
       4
       8
       4
       6
       2
       4
       5
       7
       2
       8
       5
       6
       3
       3
       4
       2
       6
       7
       5
       4
       4
       3
      10
       2
       2
       5
      11
       3
       6
       4
       5
       0
       1
       6
       4
       3
       8
       6
       6
       2
       2
       2
       2
       4
       4
       8
       4
       4
       1
       6
       4
       7
       7
       8
       5
       3
       5
       7
       4
       2
       8
       7
       4
       4
       5
       6
       3
       4
       4
       3
       5
       9
       6
       4
       8
       6
       3
       2
       4
       1
       3
       3
       0
       4
       2
       3
       2
       8
       3
       4
       4
       2
       4
       3
       2
       3
       6
       7
       6
       2
       5
       2
       6
       5
       3
       4
       5
       6
       7
       1
       6
       7
       6
       4
       2
       1
       2
       3
       4
       6
       6
       3
       5
       3
       3
       2
       2
       6
       2
       3
       9
       2
       6
       4
       2
       5
       2
       3
       1
       5
       0
       2
       1
       9
       1
       0
       2
       6
       2
       2
       4
       2
       6
       2
       2
       2
       2
       0
       5
       7
       3
       7
       6
       5
       3
       6
       1
       3
       5
       3
       3
       5
       6
       5
       3
       3
       2
       4
       6
       6
       5
       2
       2
       5
       4
       2
       4
       2
       6
       5
       3
       9
       3
       4
       3
       6
       5
       3
       2
       5
       3
       3
       5
      10
       7
       4
       2
       3
       5
       5
       7
       3
       7
       6
       3
       4
       2
      11
       3
       4
       2
       2
       4
       2
       8
       3
       7
       6
       3
       2
       5
       4
       4
       6
       8
       4
       6
       2
       2
       3
       4
       4
       6
       5
       4
       4
       7
       2
       3
       6
       3
       6
       1
       4
       3
       5
       4
       1
       2
       2
       2
       5
       6
       6
       6
       7
       5
       1
       0
       0
       1
       4
       5
       3
       2
       4
       6
       2
       1
       3
       6
       2
       5
       1
       5
       1
       4
       2
       4
       2
       2
       5
       3
       6
       2
       2
       1
       1
       3
       5
       2
       6
       3
       6
       1
       6
       3
       4
       7
       5
       4
       3
       1
       2
       5
       2
       6
       3
       5
       2
       3
       4
       2
       2
      11
       5
       1
       3
       1
       0
       3
       2
       2
       2
       5
       3
       2
       5
       7
       2
       2
       4
       2
       7
       3
       3
       5
       4
       2
       2
       8
       4
       3
       5
       4
       4
       1
       4
       1
       2
       3
       3
       6
       3
       2
       4
       2
       3
       2
       5
       2
       7
       3
       2
       4
       5
       6
       8
       0
       6
       6
       1
       6
       4
       2
       3
       4
       4
       3
       5
       3
       3
       7
       3
       3
       2
       6
       3
       5
       4
       4
       7
       4
       3
       4
       3
       4
       3
       0
       2
       4
       6
       4
       5
       2
       3
       5
       2
       1
       3
       4
       6
       5
       4
       4
       2
      10
       2
       3
       2
       1
       5
       3
       1
       7
       4
       2
       6
       1
       4
       5
       2
       4
       5
       4
       3
       7
       4
       6
       5
       4
       8
       2
       4
       6
       5
       3
       4
       3
       3
       4
       3
       3
       5
       4
       3
       6
       4
       4
       2
       2
       1
       4
       2
       5
       6
       3
       2
       3
       5
       4
       4
       5
       3
       3
       3
       3
       4
       2
       5
       4
       3
       3
       7
       1
       3
       2
       5
       1
       2
       5
       5
       3
       4
       5
       5
       2
       2
       4
       0
       7
       6
       4
       3
       2
       5
       5
       4
       2
       6
       1
       2
       4
       9
       4
       5
       1
       4
       2
      11
       3
       1
       9
       6
       1
       8
       4
       3
       3
       4
       5
       1
       2
       3
       6
       1
       4
       6
       3
       2
       3
       2
       3
       0
       6
       3
       5
       7
       4
       1
       3
       5
       1
       6
       1
       5
       4
       9
       4
       4
       3
       3
       4
       1
       4
       3
       5
       3
       1
       3
       4
       9
       1
       4
       1
       3
       4
       3
       5
       4
       2
       6
       2
       4
       3
       2
       7
       1
       1
       7
       3
       3
       6
       6
       4
       2
       4
       2
       2
       2
       4
       6
       3
       3
       3
       3
       2
       3
       0
       1
       4
       3
       5
       1
       3
       4
       6
       0
       2
       2
       3
       4
       8
       5
       3
       6
       7
       2
       9
       3
       0
       2
       7
       5
       4
       1
       5
       4
       6
       7
       1
       5
       5
       0
       6
       6
       6
       5
       4
       6
       4
       3
       3
       4
       3
       6
       2
       9
       8
       3
       5
       3
       6
       4
       0
       0
       3
       5
       0
       3
       1
       4
       4
       2
       2
       4
       6
       2
       4
       6
       3
       6
       4
       2
       8
       3
       4
       3
       3
       5
       3
       4
       8
       4
       6
       6
       3
       2
       4
       2
       7
       6
       4
       1
       3
       1
       1
       2
       4
       7
       0
       0
       5
       4
       4
       5
       2
       5
       2
       7
       5
       6
       3
       2
       4
       6
       2
       5
       1
       2
       4
       2
       0
       2
       1
       6
       6
       4
       3
       4
       7
       7
       6
       2
       2
       2
       5
       4
       6
       3
       4
       6
       9
       9
       5
       4
       5
       4
       4
       2
       3
       4
       4
       3
       2
       3
       3
       2
       3
       6
       6
       4
       4
       4
       1
       4
       3
       6
       6
       1
       4
       1
       3
       3
       4
       6
       5
       6
       0
       1
       4
       3
       4
       7
       2
       4
       2
       1
       3
       3
       2
       1
       4
       1
       3
       3
       1
       3
       6
       1
       3
       3
       3
       5
       6
       3
       7
       7
       3
       4
       5
       2
       8
       6
       2
       9
       3
       5
       5
       1
       5
       5
       4
       2
      10
       6
       3
       3
       5
       4
       3
       6
       4
       6
       7
       3
       1
       4
       5
       4
       5
       6
       4
       3
       5
       4
       5
       5
       3
       4
       5
       8
       6
       3
       6
       5
       6
       6
       4
       2
       4
       4
       7
       2
       6
       3
       4
       2
       5
       3
       5
       3
       3
       2
       7
       2
       3
       6
       1
       7
       6
       1
       5
       6
       3
       9
       7
       4
       1
       4
       2
       3
       8
       7
       5
       4
       4
       2
       2
       3
       7
       6
       2
       0
       6
       5
       4
       1
       2
       2
       7
       4
       7
       2
       7
       3
       5
       7
       4
       6
       3
       3
       5
       5
       7
       7
       4
       1
       7
       5
       3
       4
       4
       6
       7
       3
       3
       2
       2
       4
       5
       3
       2
       1
       4
       3
       3
       2
       5
       6
       2
       6
       4
       4
       2
       5
       2
       7
       2
       0
       3
       1
       3
       3
       6
       2
       2
       3
       3
       3
       0
       5
       2
       2
       2
       3
       2
       0
       4
       6
       4
       4
       0
       3
       2
       4
       2
       4
       2
       2
       4
       3
       3
       1
       4
       2
       3
       1
       5
       1
       1
       1
       4
       2
       2
       4
       7
       3
       2
       1
       0
       2
       3
       4
       7
       3
       4
       1
       4
       5
       4
       3
       2
       2
       3
       2
       3
       3
       6
       5
       5
       2
       2
       4
       8
       3
       3
       4
       2
       4
       6
       4
       4
       3
       5
       2
       3
       5
       2
       2
       4
       1
       3
       4
       2
       3
       3
       2
       4
       2
       4
       2
       4
       3
       3
       0
       3
       3
       5
       5
       3
       6
       5
       1
       2
       5
       4
       3
       5
       2
       8
       2
       7
       6
       4
       1
       7
       4
       4
       4
       4
       3
       2
       3
       3
       6
       5
       4
       3
       7
       3
       1
       3
       6
       5
       1
       4
       4
       5
       2
       2
       3
       3
       3
       5
       1
       4
       3
       2
       1
       6
       3
       4
       3
       5
       6
       2
       3
       3
       1
       2
       2
       2
       0
       2
       0
       6
       4
       2
       2
       5
       4
       7
       7
       5
       3
       2
       5
       4
       4
       3
       4
       3
       1
       1
       1
       6
       6
       5
       3
       5
       2
       2
       4
       2
       3
       2
       3
       6
       7
       1
       1
       4
       7
       3
       5
       1
       2
       3
       3
       7
       2
       1
       2
       4
       3
       3
       2
       5
       9
       2
       6
       3
       7
       6
       5
       2
       5
       2
       1
       2
       5
       6
       4
       2
       2
       3
       5
       3
       4
       9
       3
       6
       4
       2
       1
       3
       1
       3
       6
       1
       4
       4
       5
       3
       2
       1
       6
       4
       2
       3
       2
       3
       6
       3
       1
       1
       1
       7
       2
       1
       3
       3
       4
       3
       2
       4
       5
       3
       6
       8
       4
       2
       0
       2
       4
       7
       5
       7
       0
       1
       2
       2
       1
       8
       1
       2
       6
       2
       3
       5
       7
       6
       4
       3
       3
       1
       5
       3
       4
       2
       2
       2
       5
       2
       4
       1
       2
       1
       5
       3
       0
       4
       1
       4
       0
       8
       4
       1
       2
       2
       4
       2
       1
       4
       6
       5
       2
       2
       2
       4
       2
       1
       1
       0
       2
       2
       1
       1
       4
       1
       6
       2
       1
       1
       8
       3
       1
       2
       1
       3
       3
       4
       2
       7
       5
       1
       4
       2
       1
       5
       8
       4
       5
       2
       3
       5
       3
       4
       1
       5
       0
       0
       2
       4
       1
       2
       3
       6
       2
       2
       1
       1
       1
       2
       0
       0
       5
       4
       3
       2
       2
       2
       6
       1
       5
       1
       7
       3
       5
       3
       3
       2
       1
       3
       5
       5
       4
       5
       0
       8
       3
       3
       5
       2
       2
       2
       3
       7
       2
       4
       4
       2
       1
       1
       3
       2
       4
       4
       1
       2
       2
       4
       1
       3
       4
       1
       3
       4
       4
       4
       8
       1
       6
       2
       7
       2
       3
       8
       1
       8
       3
       1
       4
       3
       5
       2
       1
       5
       2
       4
       3
       4
       3
       2
       2
       5
       1
       2
       3
       1
       6
       4
       6
       3
       6
       2
       4
       2
       4
       1
       4
       3
       2
       0
       4
       5
       4
       2
       1
       4
       3
       2
       4
       2
       4
       2
       0
       2
       1
       1
       3
       0
       5
       0
       5
       1
       9
       4
       2
       1
       5
       3
       1
       2
       2
       5
       5
       2
       4
       5
       3
       4
       1
       4
       3
       4
       3
       5
       4
       5
       4
       5
       1
       8
       4
       1
      10
       1
       7
       3
       5
       4
       2
       8
       4
       2
       2
       1
       6
       6
       3
       3
       5
       3
       1
       3
       7
       2
       2
       2
       5
       7
       5
       1
       4
       3
       4
       7
       8
       3
       5
       5
       2
       2
       6
       4
       4
       3
       6
       5
       1
       8
       1
       3
       2
       5
       2
       4
       2
       7
       4
       1
       4
       5
       3
       2
       3
       5
       2
       9
       1
       4
       3
       4
       2
       4
       4
       4
       3
       3
       2
       4
       4
       4
       2
       4
       7
       3
       3
       4
       4
       6
       5
       5
       3
       2
       4
       5
       5
       2
       4
       2
       3
       3
       5
       5
       3
       4
       2
       2
       3
       2
       5
       6
       6
       3
       6
       4
       6
       3
       2
       6
       3
       6
       2
       5
       3
       3
       5
       5
       6
       3
       5
       5
       3
       9
       5
       4
       5
       5
       1
       2
       3
       4
       5
       5
       6
       4
       7
       4
       3
       1
       5
       9
       5
       6
       5
       1
       1
       0
       4
       8
       1
       5
       6
       7
       7
       7
      10
       4
       4
       6
       3
       2
       6
       3
       5
       6
       5
       2
      10
       7
       5
       4
       2
       3
       1
       2
       4
       5
       7
       6
       4
       5
       3
       3
       1
       2
       6
       2
       2
       4
       4
       2
       2
       4
       4
       4
       9
       5
       6
       2
       6
       5
       2
       4
       2
       5
       5
       1
       8
       5
       5
       4
       7
       6
       2
       2
       3
       4
       5
       3
       4
       6
       5
       4
       2
       2
       2
       2
       5
       7
       5
       1
       2
       4
       2
       4
       1
       3
       7
       3
       3
       8
       1
       2
       5
       3
       3
       0
       7
       1
       3
       4
       4
       4
       4
       6
       5
       1
       4
       2
       3
       3
       5
       3
       2
       3
       1
       2
       1
       7
       2
       2
       3
       1
       2
       3
       2
       2
       0
       2
       2
       5
       0
       3
       2
       3
       1
       1
       0
       2
       1
       3
       3
       3
       4
       1
       1
       3
       3
       7
       1
       3
       1
       0
       3
       2
       2
       2
       2
       1
       3
       1
       0
       1
       3
       1
       2
       4
       2
       3
       0
       1
       2
       1
       5
       2
       2
       2
       2
       1
       1
       1
       2
       1
       0
       4
       1
       3
       2
       2
       2
       1
       1
       2
       2
       0
       1
       1
       2
       1
       2
       1
       3
       3
       2
       0
       1
       3
       1
       3
       3
       3
       0
       1
       2
       2
       3
       1
       0
       1
       1
       1
       0
       1
       0
       1
       1
       2
       1
       3
       1
       1
       2
       1
       3
       4
       1
       0
       2
       1
       1
       2
       1
       3
       2
       0
       1
       1
       2
       1
       2
       0
       1
       1
       2
       0
       0
       3
       1
       2
       1
       1
       1
       1
       2
       1
       2
       1
       3
       5
       1
       0
       3
       0
       0
       4
       1
       2
       0
       2
       1
       2
       1
       2
       1
       0
       1
       2
       1
       3
       0
       0
       0
       3
       4
       1
       2
       4
       0
       1
       1
       0
       1
       0
       0
       2
       2
       1
       2
       1
       1
       1
       2
       1
       2
       2
       0
       2
       1
       0
       2
       0
       1
       1
       0
       0
       2
       1
       1
       0
       1
       0
       2
       0
       1
       2
       3
       0
       0
       0
       1
       0
       1
       1
       1
       1
       0
       0
       2
       0
       0
       1
       0
       2
       0
       1
       2
       0
       1
       0
       0
       0
       0
       1
       0
       0
       0
       1
       1
       0
       0
       0
       0
       1
       0
       1
       1
       0
       1
       1
       0
       0
       0
       0
       0
       1
       0
       0
       0
       1
       0
       0
       0
       0
       2
       0
       0
       2
       1
       0
       2
       0
       0
       0
       0
       1
       1
       0
       1
       1
       0
       1
       1
       0
       0
       1
       0
       0
       0
       0
       1
       0
       0
       1
       0
       1
       1
       0
       0
       0
       0
       1
       0
       0
       0
       0
       1
       3
       0
       0
       0
       0
       2
       1
       0
       0
       0
       0
       0
       0
       1
       0
       0
       0
       1
       0
       0
       0
       0
       0
       0
       0
       0
       0
       1
       1
       0
       1
       0
       0
       1
       0
       0
       0
       0
       1
       0
       0
       0
       0
       0
       0
       0
       0
       0
       1
       0
       0
       1
       0
       0
       0
       0
       0
       0
       1
       1
       0
       1
       0
       1
       0
       0
       1
       2
       0
       0
       0
       2
       0
       1
       0
       1
       0
       2
       0
       0
       1
       0
       0
       0
       1
       1
       0
       1
       0
       0
       0
       0
       0
       0
       1
       0
       2
       0
       0
       0
       0
       2
       1
       0
       0
       0
       0
       0
       0
       1
       1
       1
       0
       1
       0
       0
       0
       0
       0
       1
       0
       1
       0
       0
       1
       0
       0
       0
       1
       0
       0
       0
       0
       1
       1
       0
       0
       1
       1
       2
       2
       3
       1
       6
       2
       0
       2
       2
       5
       5
       7
       4
       8
       8
       4
       9
      11
      16
       7
       5
      10
      13
      15
      14
      18
      21
      20
      19
      22
      33
      34
      32
      27
      33
      34
      40
      30
      23
      28
      29
      12
      18
      16
      19
       7
       9
       9
       6
       3
       2
       2
       3
       1
       0
       1
       0
       1
       0
       0
       0
       0
       0
       0
       0
       0
       0
       0
       0
       0
       0
       0
       0
       0
       0
       0
       1
       0
       0
       1
       0
       0
       0
       0
       0
       0
       0
       0
       0
       0
       0
       0
       0
       1
       0
       0
       0
       0
       0
       0
       0
       0
       0
       0
       0
       1
       0
       0
       0
       0
       1
       0
       0
       0
       0
       0
       1
       0
       0
       0
       0
       0
       0
       1
       0
       0
       0
       0
       0
       0
       0
       0
       0
       0
       0
       0
       0
       0
       0
       0
       0
       0
       0
       0
       0
       0
       0
       0
       0
       0
       0
       0
       0
       0
       0
       0
       0
       0
       0
       0
       0
       0
       0
       0
       0
       0
       0
       0
       0
       0
       0
       0
       0
       0
       0
       0
       0
       0
       0
       1
       0
       0
       0
       0
       0
       0
       0
       0
       0
       0
       0
       0
       0
       0
       0
       0
       0
       0
       0
       0
       0
       0
       0
       0
       0
       2
       0
       0
       0
       0
       1
       0
       0
       0
       0
       0
       0
       0
       0
       0
       0
       0
       0
       0
       0
       0
       0
       0
       0
       0
       0
       0
       0
       0
       0
       0
       1
       0
       0
       0
       0
       0
       0
       0
       0
       0
       0
       0
       0
       0
       0
       0
       0
       0
       0
       0
       0
       0
       0
       0
       0
       1
       0
       0
       0
       0
       0
       0
       0
       0
       0
       0
       0
       0
       0
       0
       0
       0
       0
       0
       0
       1
       0
       0
       0
       0
       0
       0
       0
       0
       0
       0
       0
       0
       0
       0
       0
       0
       0
       0
       0
       0
       0
       0
       0
       0
       0
       0
       0
       0
       0
       0
       0
       0
       0
       0
       0
       0
       0
       0
       0
       0
       0
       0
       0
       0
       0
       0
       0
       0
       0
       0
       0
       0
       0
       0
       0
       0
       0
       0
       0
       0
       0
       0
       0
       0
       0
       0
       0
       0
       1
       1
       0
       0
       0
       0
       0
       1
       0
       0
       0
       0
       0
       0
       0
       0
       0
       1
       0
       0
       0
       0
       0
       0
       0
       0
       0
       1
       0
       0
       0
       0
       0
       0
       0
       0
       0
       0
       0
       0
       0
       0
       0
       0
       0
       0
       0
       0
       0
       0
       0
       0
       0
       0
       0
       0
       0
       0
       0
       1
       0
       0
       0
       0
       0
       0
       0
       0
       0
       0
       0
       0
       0
       0
       0
       0
       0
       0
       0
       0
       0
       0
       0
       0
       0
       0
       0
       0
       0
       0
       0
       0
       0
       0
       0
       0
       0
       0
       1
       0
       0
       0
       0
       0
       0
       0
       0
       0
       0
       0
       0
       0
       0
       0
       0
       0
       0
       0
       0
       0
       0
       0
       0
       0
       0
       0
       0
       0
       0
       0
       0
       0
       0
       0
       0
       0
       0
       0
       0
       0
       0
       0
       0
       1
       0
       0
       0
       0
       0
       0
       0
       0
       0
       0
       0
       0
       0
       0
       0
       0
       0
       0
       0
       0
       0
       0
       0
       0
       0
       0
       0
       0
       0
       0
       0
       0
       0
       0
       0
       0
       0
       0
       0
       0
       0
       0
       1
       0
       0
       0
       0
       0
       0
       0
       0
       0
       0
       0
       0
       0
       0
       0
       0
       0
       0
       0
       0
       0
       0
       0
       0
       0
       0
       0
       0
       0
       0
       0
       0
       0
       0
       0
       0
       0
       0
       0
       0
       0
       0
       0
       0
       0
       0
       0
       0
       0
       0
       0
       0
       0
       0
       0
       0
       0
       0
       0
       0
       0
       0
       0
       0
       0
       0
       0
       0
       0
       0
       0
       0
       0
       0
       0
       0
       0
       0
       0
       0
       0
       0
       0
       0
       0
       0
       0
       0
       0
       0
       0
       0
       0
       0
       0
       0
       1
       0
       0
       0
       0
       0
       0
       0
       0
       0
       0
       0
       0
       0
       0
       0
       0
       0
       0
       0
       0
       0
       0
       0
       0
       0
       0
       0
       0
       0
       0
       0
       0
       0
       0
       0
       0
       0
       0
       0
       0
       0
       0
       0
       0
       0
       0
       0
       0
       0
       0
       1
       0
       0
       0
       0
       0
       0
       0
       0
       0
       0
       0
       0
       0
       0
       0
       0
       1
       0
       0
       0
       0
       0
       0
       0
       0
       0
       0
       0
       0
       0
       0
       0
       0
       0
       0
       0
       0
       0
       0
       0
       0
       0
       0
       0
       0
       0
       0
       0
       0
       0
       0
       0
       0
       0
       0
       0
       0
       0
       0
       0
       0
       0
       0
       0
       0
       0
       0
       0
       0
       0
       0
       0
       0
       0
       0
       0
       0
       0
       0
       0
       1
       0
       0
       0
       1
       0
       0
       0
       0
       0
       0
       0
       0
       0
       0
       0
       0
       0
       0
       0
       0
       0
       0
       0
       0
       0
       0
       0
       0
       0
       0
       0
       0
       0
       0
       0
       0
       0
       0
       0
       0
       0
       0
       0
       0
       1
       0
       0
       1
       0
       0
       0
       0
       0
       0
       0
       0
       0
       0
       0
       0
       0
       0
       0
       0
       0
       0
       0
       0
       0
       0
       0
       0
       0
       0
       0
       0
       0
       0
       0
       0
       0
       0
       0
       0
       0
       0
       0
       0
       0
       0
       0
       0
       0
       0
       0
       0
       0
       0
       0
       0
       0
       0
       0
       0
       0
       0
       0
       0
       0
       0
       0
       0
       0
       1
       0
       0
       0
       0
       0
       0
       0
       0
       0
       0
       0
       0
       0
       0
       0
       0
       0
       0
       0
       0
       0
       0
       0
       0
       0
       0
       0
       0
       0
       0
       0
       0
       0
       0
       0
       0
       0
       0
       0
       0
       0
       0
       0
       0
       0
       0
       0
       0
       0
       0
       0
       0
       0
       0
       0
       0
       1
       0
       0
       0
       0
       0
       0
       0
       0
       0
       0
       0
       0
       0
       0
       0
       0
       1
       0
       0
       0
       0
       0
       0
       0
       0
       0
       0
       0
       0
       0
       0
       0
       0
       0
       0
       0
       0
       0
       0
       0
       0
       0
       0
       0
       0
       0
       0
       0
       0
       0
       0
       0
       0
       0
       0
       0
       0
       0
       0
       0
       1
       0
       0
       0
       0
       0
       0
       0
       0
       0
       0
       0
       0
       0
       0
       0
       0
       0
       0
       0
       0
       0
       0
       0
       0
       0
       0
       0
       0
       0
       0
       1
       0
       0
       0
       0
       0
       0
       0
       0
       0
       0
       0
       0
       0
       0
       0
       0
       0
       0
       0
       0
       0
       0
       0
       0
       0
       0
       0
       0
       0
       0
       0
       0
       0
       0
       0
       0
       0
       0
       0
       0
       0
       0
       0
       0
       0
       0
       0
       0
       0
       0
       0
       0
       0
       0
       0
       0
       0
       0
       0
       0
       0
       0
       0
       0
       0
       0
       0
       0
       0
       0
       0
       0
       0
       0
       0
       0
       0
       0
       0
       0
       0
       0
       0
       0
       0
       0
       0
       0
       0
       0
       0
       0
       0
       0
       0
       0
       0
       0
       0
       0
       0
       0
       0
       0
       0
       0
       0
       0
       0
       0
       0
       0
       0
       0
       0
       0
       0
       0
       0
       0
       0
       0
       0
       0
       0
       0
       0
       0
       0
       0
       0
       0
       0
       0
       0
       0
       1
       0
       0
       0
       0
       0
       0
       0
       0
       0
       0
       0
       0
       0
       0
       0
       0
       0
       0
       0
       0
       0
       0
       0
       0
       0
       0
       0
       0
       0
       0
       0
       0
       0
       0
       0
       0
       0
       0
       0
       0
       0
       0
       0
       0
       0
       0
       0
       0
       0
       0
       0
       0
       0
       0
       0
       0
       0
       0
       0
       0
       0
       0
       0
       0
       0
       0
       0
       0
       0
       0
       0
       0
       0
       0
       0
       0
       0
       0
       0
       0
       0
       0
       0
       0
       0
       0
       0
       0
       0
       0
       0
       0
       0
       0
       0
       0
       0
       0
       0
       0
       0
       0
       0
       1
       0
       0
       0
       0
       0
       0
       0
       0
       0
       1
       0
       0
       0
       0
       0
       0
       0
       0
       0
       0
       0
       0
       0
       0
       0
       0
       0
       0
       0
       0
       0
       0
       0
       0
       0
       0
       0
       0
       0
       0
       0
       0
       0
       0
       0
       0
       0
       0
       0
       0
       0
       0
       0
       0
       0
       0
       0
       0
       0
       0
       0
       0
       0
       0
       0
       0
       0
       0
       0
       0
       0
       0
       0
       0
       0
       0
       0
       0
       0
       0
       0
       0
       0
       0
       0
       0
       0
       0
       0
       0
       0
       0
       0
       0
       0
       0
       0
       0
       0
       0
       0
       0
       0
       0
       0
       0
       0
       0
       0
       0
       0
       0
       0
       0
       0
       0
       0
       0
       0
       0
       0
       0
       0
       0
       0
       0
       0
       0
       0
       0
       0
       0
       0
       0
       0
       0
       0
       0
       0
       0
       0
       0
       0
       0
       0
       0
       0
       0
       0
       0
       0
       0
       0
       0
       0
       0
       0
       0
       0
       0
       0
       0
       0
       0
       0
       0
       0
       0
       0
       0
       0
       0
       0
       0
       0
       0
       0
       0
       0
       0
       0
       0
       0
       0
       0
       0
       0
       0
       0
       0
       0
       0
       0
       0
       0
       0
       0
       0
       0
       0
       0
       0
       0
       0
       0
       0
       0
       0
       1
       0
       0
       0
       0
       0
       0
       0
       0
       0
       0
       0
       0
       0
       0
       0
       0
       0
       0
       0
       0
       0
       0
       0
       0
       0
       0
       0
       0
       1
       0
       0
       0
       0
       0
       0
       0
       0
       0
       0
       0
       0
       0
       0
       0
       0
       0
       0
       0
       0
       0
       0
       1
       0
       1
       0
       0
       0
       1
       0
       0
       0
       0
       0
       0
       0
       0
       0
       0
       0
       0
       0
       0
       0
       0
       0
       0
       0
       0
       0
       0
       0
       0
       0
       0
       0
       0
       0
       0
       0
       0
       0
       0
       0
       0
       0
       0
       0
       0
       0
       0
       0
       0
       0
       0
       0
       0
       0
       0
       0
       0
       0
       0
       0
       0
       0
       0
       0
       0
       0
       0
       0
       0
       0
       0
       0
       0
       0
       0
       0
       0
       0
       0
       0
       0
       0
       0
       0
       0
       0
       0
       0
       0
       0
       0
       0
       0
       0
       0
       0
       0
       0
       0
       0
       0
       0
       0
       0
       0
       0
       0
       0
       0
       0
       0
       0
       0
       0
       0
       0
       0
       0
       0
       0
       0
       0
       0
       0
       0
       0
       0
       0
       0
       0
       0
       0
       0
       0
       0
       0
       0
       0
       0
       0
       0
       0
       0
       0
       0
       0
       0
       0
       0
       0
       0
       0
       0
       0
       0
       0
       0
       0
       0
       0
       0
       0
       0
       0
       0
       0
       0
       0
       0
       0
       0
       0
       0
       0
       0
       0
       1
       0
       0
       0
       0
       0
       0
       0
       0
       0
       0
       0
       0
       0
       0
       0
       0
       0
       0
       0
       0
       0
       0
       0
       0
       0
       0
       0
       0
       0
       0
       0
       0
       0
       0
       0
       0
       0
       0
       0
       0
       0
       0
       0
       0
       0
       0
       0
       0
       0
       0
       0
       0
       0
       0
       0
       0
       0
       0
       0
       0
       0
       0
       0
       0
       0
       0
       0
       0
       0
       0
       0
       0
       0
       0
       0
       0
       0
       0
       0
       0
       0
       0
       0
       0
       0
       0
       0
       0
       0
       0
       0
       0
       0
       0
       0
       0
       0
       0
       0
       0
       0
       0
       0
       0
       0
       0
       0
       0
       0
       0
       0
       0
       0
       0
       0
       0
       0
       0
       0
       0
       0
       0
       0
       0
       0
       0
       0
       0
       0
       0
       0
       0
       0
       0
       0
       0
       0
       0
       0
       0
       0
       0
       0
       0
       0
       0
       0
       0
       0
       0
       0
       0
       0
       0
       0
       0
       0
       0
       0
       0
       0
       0
       0
       0
       0
       0
       0
       0
       0
       0
       0
       0
       0
       0
       0
       0
       0
       0
       0
       0
       0
       0
       0
       0
       0
       0
       0
       0
       0
       0
       0
       0
       0
       0
       0
       0
       0
       0
       0
       0
       0
       0
       0
       0
       0
       0
       0
       0
       0
       0
       0
       0
       0
       0
       0
       0
       0
       0
       0
       0
       0
       0
       0
       0
       0
       0
       0
       0
       0
       0
       0
       0
       0
       0
       0
       0
       0
       0
       0
       0
       0
       0
       0
       0
       0
       0
       0
       0
       0
       0
       0
       0
       0
       0
       0
       0
       0
       0
       0
       0
       0
       0
       0
       0
       0
       0
       0
       0
       0
       0
       0
       0
       0
       0
       0
       0
       0
       0
       0
       0
       0
       0
       0
       0
       0
       0
       0
       0
       0
       0
       0
       0
       0
       0
       0
       0
       0
       0
       0
       0
       0
       0
       0
       0
       0
       0
       0
       0
       0
$ROI:
2
1614 1666
3280 3320
$PRESETS:
None
0
0
$ENER_FIT:
-2.895152 0.406015
$MCA_CAL:
3
-2.895152E+000 4.060154E-001 -6.035990E-007 keV
$SHAPE_CAL:
3
1.734630E+001 -9.402000E-003 2.350876E-006
