$SPEC_ID:
Pulser
$SPEC_REM:
DET# 2
DETDESC# DETECTOR 2
AP# GammaVision Version 7.01.03
$DATE_MEA:
03/24/2017 17:16:39
$MEAS_TIM:
139741 139756
$DATA:
0 8191
       0
       0
       0
       0
       0
       0
       0
       0
       0
       0
       0
       0
       0
       0
       0
       0
       0
       0
       0
       0
       0
       0
       0
      94
   13420
   18806
    2224
    1542
    1198
    1140
    1405
    2086
    2733
    3124
    2670
    2075
    1650
    1614
    1845
    2401
    3186
    3540
    3097
    2357
    1826
    1667
    1708
    1822
    1860
    1930
    1855
    1747
    1589
    1542
    1506
    1445
    1428
    1466
    1507
    1589
    1683
    1647
    1698
    1683
    1758
    1877
    1771
    1791
    1754
    1872
    1803
    1767
    1919
    1822
    1821
    1865
    1836
    1758
    1756
    1708
    1592
    1597
    1581
    1564
    1475
    1368
    1293
    1302
    1207
    1201
    1218
    1207
    1175
    1317
    1181
    1170
    1157
    1118
    1364
    1861
    2734
    3164
    2867
    1903
    1167
    1025
    1189
    1383
    1775
    1682
    1357
     862
     603
     679
     850
     983
     988
     896
     839
     686
     509
     485
     579
     658
     579
     557
     532
     447
     439
     400
     403
     376
     378
     408
     563
     573
     612
     495
     447
     365
     395
     407
     383
     381
     419
     406
     421
     454
     465
     502
     516
     494
     528
     508
     429
     471
     451
     513
     710
    1146
    1410
    1279
     871
     569
     486
     452
     478
     482
     496
     532
     498
     507
     513
     521
     570
     531
     547
     585
     603
     601
     595
     681
     841
    1235
    1549
    1413
    1077
     978
    1486
    2129
    2191
    1624
     909
     670
     617
     543
     584
     524
     501
     449
     480
     519
     507
     466
     454
     464
     433
     457
     522
     466
     506
     635
     771
     999
    1150
    1108
     886
     806
     897
     990
     942
     832
     638
     523
     424
     410
     454
     462
     455
     413
     462
     532
     868
    1269
    1536
    1389
    1021
     637
     496
     424
     376
     396
     412
     405
     385
     398
     388
     419
     431
     434
     422
     397
     385
     390
     354
     331
     374
     362
     386
     374
     416
     346
     406
     457
     491
     616
     662
     616
     510
     417
     372
     372
     376
     357
     377
     371
     342
     357
     370
     315
     348
     324
     365
     314
     385
     383
     379
     332
     354
     347
     304
     316
     305
     287
     308
     294
     292
     308
     357
     311
     303
     317
     304
     291
     381
     560
     852
    1304
    1604
    1882
    2186
    2232
    1848
    1131
     623
     377
     312
     269
     288
     298
     304
     298
     314
     280
     288
     312
     302
     287
     275
     267
     328
     299
     329
     270
     292
     287
     290
     302
     316
     287
     279
     324
     296
     287
     270
     314
     316
     283
     317
     300
     283
     300
     302
     338
     371
     315
     308
     280
     293
     266
     309
     321
     327
     354
     350
     339
     305
     304
     276
     320
     265
     277
     278
     262
     283
     276
     299
     273
     266
     314
     284
     281
     273
     274
     295
     264
     270
     296
     253
     297
     296
     305
     295
     271
     297
     280
     309
     246
     268
     280
     263
     242
     268
     258
     312
     288
     308
     303
     312
     309
     296
     327
     335
     331
     325
     307
     291
     258
     292
     298
     274
     277
     276
     293
     302
     272
     274
     259
     288
     283
     268
     266
     254
     254
     271
     265
     257
     252
     281
     284
     269
     266
     270
     291
     249
     259
     267
     269
     279
     255
     279
     278
     297
     256
     273
     272
     290
     271
     293
     274
     279
     272
     256
     295
     286
     299
     373
     533
     640
     703
     631
     468
     355
     289
     270
     257
     263
     256
     249
     268
     285
     248
     244
     269
     240
     230
     243
     277
     265
     278
     263
     229
     259
     246
     263
     248
     264
     276
     296
     294
     332
     365
     274
     312
     256
     254
     229
     251
     261
     253
     255
     312
     274
     253
     239
     284
     277
     308
     305
     292
     287
     285
     256
     257
     244
     272
     277
     268
     286
     265
     254
     257
     306
     270
     276
     252
     269
     239
     248
     275
     285
     251
     241
     235
     237
     242
     254
     255
     261
     289
     262
     248
     229
     253
     240
     250
     250
     255
     268
     266
     244
     272
     270
     223
     242
     267
     243
     244
     246
     217
     232
     243
     253
     253
     265
     247
     264
     253
     271
     292
     257
     233
     246
     244
     266
     239
     279
     258
     230
     256
     267
     248
     235
     243
     238
     266
     271
     252
     239
     290
     328
     329
     381
     340
     310
     266
     239
     255
     236
     255
     264
     271
     234
     263
     260
     284
     318
     367
     401
     358
     280
     307
     242
     284
     376
     411
     337
     376
     300
     271
     248
     227
     225
     228
     207
     226
     223
     232
     225
     243
     233
     233
     224
     188
     195
     219
     222
     226
     209
     222
     214
     194
     189
     190
     213
     203
     188
     208
     197
     225
     190
     179
     206
     185
     184
     216
     198
     218
     210
     195
     172
     204
     181
     212
     193
     204
     192
     219
     190
     188
     205
     190
     201
     176
     212
     171
     187
     173
     180
     190
     154
     189
     189
     205
     176
     186
     194
     185
     188
     203
     195
     174
     179
     200
     200
     175
     192
     186
     165
     185
     179
     185
     189
     147
     157
     159
     194
     193
     184
     155
     166
     158
     170
     193
     163
     169
     171
     172
     167
     166
     172
     191
     167
     166
     164
     164
     180
     163
     153
     162
     185
     174
     204
     186
     203
     220
     221
     198
     177
     163
     195
     174
     182
     167
     158
     167
     184
     146
     174
     182
     163
     158
     176
     171
     152
     157
     154
     177
     138
     170
     165
     174
     159
     171
     158
     138
     165
     166
     160
     147
     166
     152
     167
     182
     174
     159
     151
     160
     164
     194
     167
     176
     159
     158
     148
     148
     158
     153
     152
     150
     159
     169
     155
     144
     181
     158
     160
     158
     170
     157
     151
     168
     166
     154
     149
     150
     162
     131
     146
     166
     190
     164
     152
     136
     157
     171
     165
     154
     156
     166
     135
     157
     132
     147
     169
     144
     160
     162
     158
     138
     174
     152
     161
     151
     158
     145
     150
     154
     163
     151
     126
     162
     186
     176
     177
     147
     158
     158
     128
     165
     139
     155
     140
     167
     223
     301
     338
     442
     512
     501
     398
     283
     227
     176
     155
     139
     149
     148
     148
     120
     159
     123
     162
     125
     130
     162
     186
     175
     197
     162
     192
     141
     134
     136
     163
     131
     147
     123
     130
     146
     140
     139
     131
     148
     159
     141
     137
     120
     126
     122
     135
     143
     124
     134
     125
     136
     123
     138
     124
     125
     129
     137
     120
     153
     133
     129
     159
     142
     134
     142
     127
     153
     135
     145
     136
     114
     124
     116
     111
     151
     137
     123
     124
     119
     147
     122
     134
     110
     131
     106
     137
     149
     139
     122
     116
     115
     128
     140
     131
     132
     118
     110
     122
     143
     128
     132
     132
     123
     134
     119
     128
     124
     124
     107
     118
     122
     126
     130
     125
     120
     129
     132
     137
     126
     133
     114
     118
     116
     107
     130
     117
     133
     116
     114
     107
     111
     132
     146
     105
     129
     118
     119
     130
     138
     100
     116
      95
     129
     158
     129
     116
     112
     122
     129
     116
     125
     111
     111
     109
     124
     128
     119
     110
     137
     123
      98
     120
     131
     118
     105
     121
     106
     108
     122
     145
     136
     153
     152
     136
     125
      98
     123
     138
     107
     100
      95
     119
     123
      91
     129
     121
     140
     118
     136
     114
      93
     106
      94
     128
     117
      87
     101
     123
     104
     115
     114
     122
     132
     123
     116
     118
     116
     115
     118
      94
     123
     135
     125
     108
     116
     122
     119
     100
     117
     114
      94
     113
     110
     106
     128
     107
     133
     102
     120
     130
     116
      98
     110
     108
     128
      91
     102
     108
     110
      90
      93
     129
     102
      98
      99
     106
     110
     111
     104
     125
     132
      96
     140
     147
     127
     148
     138
     153
     131
     111
     104
     128
     116
     118
     105
     123
     118
     112
     111
      90
     106
      99
     106
     115
     102
     107
     107
     110
     120
      96
      93
     108
      98
     119
      89
     101
      91
      85
     116
     102
      98
     103
      93
     108
     103
      89
     124
      96
     108
     119
     108
      94
     112
     117
      95
     121
     101
      89
     116
     122
     114
      98
      98
     111
     103
      89
     101
      88
     106
     101
     110
     110
     117
     111
     108
     101
      96
     112
      88
     113
     116
     102
     110
     114
     115
     100
     100
      93
     108
      79
     118
     111
      98
      91
      92
     108
      95
     108
     102
     107
     104
      90
     108
     100
      85
     110
     103
      90
     110
      80
     104
     103
     103
      95
      91
     105
     104
     109
     118
     103
     114
      97
     108
      86
     102
      92
      87
      92
     103
     112
      97
      75
      86
      73
     100
     106
      82
      82
      85
      95
     110
     101
      96
     103
     106
     112
     128
     104
     106
      96
     108
      96
      97
     100
      99
      93
     103
      87
     103
     117
     106
      82
     108
     117
     133
     145
     160
     184
     215
     286
     336
     399
     463
     429
     452
     393
     325
     266
     225
     165
     152
     125
      97
     106
      92
      98
      97
      92
      84
     100
     111
     104
     101
     112
      82
     114
      95
      97
      91
      83
     101
     101
     111
      95
     104
      81
     105
     114
      89
      91
      91
      96
      95
      94
      82
      88
      82
      98
      77
     108
      89
     100
      93
     101
      87
      97
      94
      81
      90
      83
      83
      97
     101
      97
      91
      96
      86
      85
      87
      99
      90
     100
      92
      89
      93
     102
      84
      94
     101
      91
     114
      83
      88
     101
      93
      96
      86
      95
      91
      86
      99
      91
      99
      96
      80
      90
      96
     106
     104
      86
      87
      87
      94
      82
      76
      77
      93
      92
      92
      76
      94
      81
      91
      89
      89
      91
      81
      96
     115
     116
      95
      86
     112
      98
      84
      92
     102
     102
      81
     102
     115
      91
      86
     108
     108
     104
      94
     112
      95
     106
     104
      96
     111
      95
      91
      92
      85
      79
     124
      94
     103
     107
      94
      92
     104
     101
      85
      82
     106
     104
      97
      87
      97
      90
     109
     108
      81
     102
      88
      81
      72
      87
      89
      95
      75
     106
      90
      86
      94
     112
      99
     104
     104
     109
     147
     129
     128
     146
     104
      99
      98
      89
     100
      81
     107
      95
      94
      99
      81
      84
      92
     103
      99
     109
     127
     149
     106
     131
     111
     105
     103
      97
     104
      97
     102
     108
     109
     103
     103
     119
     122
     117
     110
      95
     122
     104
     129
     128
     104
     114
      95
     106
     120
      89
     114
      89
     114
     107
     116
      89
     105
     105
      95
     113
      96
     118
     111
     100
     132
     134
     133
     140
     130
     112
     123
     112
     108
     104
      98
     138
     108
      91
      92
     112
     104
     100
     100
     112
     108
      85
     120
      88
      96
      99
     107
      88
      74
     100
     110
     108
     102
      91
     106
      92
      91
      81
      93
     108
      98
      96
     103
      83
      94
      98
      94
     104
      88
      96
     108
      91
      90
      85
      89
      92
      89
      90
      93
      96
      91
     101
      91
      88
     103
      71
      91
      80
     103
     104
      84
      96
      82
      88
      74
      93
      76
      96
      95
      86
      85
      78
      91
      89
      79
      77
      94
      79
      86
      68
      70
      89
      82
      82
      71
      67
      90
      86
      74
      81
      82
      59
      63
      75
      94
      75
      72
      76
      80
      64
      76
      86
      74
      68
      81
      80
      88
      85
      91
      63
      75
      67
      68
      79
      85
      75
      61
      79
      79
      65
      73
      76
      74
      68
      78
      85
      84
      81
      71
      85
      84
      67
      78
      78
      69
      73
      70
      69
      77
      88
      78
      83
      72
      83
      71
      72
      72
      77
      64
      77
      81
      67
      58
      65
      70
      80
      75
      68
      66
      66
      74
      75
      63
      71
      69
      76
      79
      68
      67
      65
      59
      70
      67
      61
      65
      72
      76
      71
      64
      76
      55
      71
      76
      70
      82
      69
      53
      74
      54
      59
      68
      58
      55
      71
      66
      84
      63
      77
      89
      82
      89
      86
      82
      88
     104
     105
      89
      85
      90
      79
      85
      76
     100
      84
      82
      69
      72
      72
      78
      89
      87
      70
      82
      74
      92
      66
      81
      92
      72
      80
      90
      59
      73
      84
      87
      71
      66
      69
      75
      68
      80
      82
      77
      72
      78
      89
      51
      77
      59
      69
      54
      59
      62
      52
      78
      59
      84
      73
      60
      59
      66
      60
      55
      69
      73
      58
      50
      57
      69
      68
      66
      80
      79
      57
      89
     116
     143
     150
     201
     204
     165
     184
     141
     123
      96
      86
      63
      84
      54
      64
      65
      50
      79
      64
      76
      70
      55
      65
      66
      68
      51
      63
      71
      66
      49
      68
      60
      73
      73
      55
      57
      57
      61
      66
      61
      67
      60
      70
      63
      57
      55
      51
      62
      62
      59
      61
      62
      60
      61
      81
      50
      64
      42
      54
      61
      65
      62
      54
      49
      70
      67
      68
      47
      55
      55
      57
      46
      39
      71
      53
      51
      54
      57
      59
      58
      57
      51
      57
      69
      60
      83
      81
      87
      88
      96
      72
      79
      83
      73
      48
      71
      59
      51
      61
      46
      61
      65
      69
      57
      61
      64
      60
      60
      64
      44
      58
      80
      62
      80
      49
      60
      62
      60
      68
      56
      52
      64
      62
      55
      52
      61
      55
      62
      55
      58
      54
      48
      61
      51
      46
      62
      64
      68
      71
      68
      68
     108
      98
     111
     116
     117
     114
     107
      89
      79
      73
      48
      61
      53
      57
      54
      37
      66
      50
      51
      52
      48
      45
      61
      52
      60
      35
      60
      50
      50
      56
      44
      46
      62
      53
      51
      34
      56
      49
      47
      57
      62
      66
      55
      60
      53
      47
      46
      61
      54
      42
      51
      53
      50
      44
      51
      75
      50
      51
      60
      57
      70
      56
      58
      58
      72
      59
      64
      68
      65
      53
      51
      61
      48
      46
      48
      51
      54
      47
      59
      44
      55
      65
      60
      54
      59
      54
      60
      45
      48
      49
      38
      43
      43
      62
      53
      51
      44
      41
      45
      59
      46
      42
      61
      41
      38
      54
      37
      48
      61
      51
      42
      36
      50
      59
      61
      56
      37
      62
      41
      60
      39
      52
      67
      68
      52
      49
      58
      54
      42
      53
      51
      56
      76
      78
     114
     137
     193
     230
     332
     445
     611
     737
     889
    1060
    1079
    1042
    1000
     760
     551
     406
     265
     171
     117
      85
      93
      68
      46
      65
      57
      56
      59
      60
      48
      47
      62
      62
      56
      51
      54
      58
      67
      69
      47
      65
      58
      52
      52
      55
      46
      55
      48
      45
      47
      54
      45
      63
      51
      60
      40
      53
      48
      35
      62
      55
      64
      49
      53
      49
      36
      43
      43
      47
      64
      54
      48
      35
      48
      49
      43
      49
      56
      55
      52
      45
      49
      43
      54
      60
      49
      57
      57
      47
      74
      54
      63
      67
      54
      57
      53
      49
      64
      54
      67
      56
      55
      68
      71
      91
     105
      92
      98
      95
     104
      73
      89
      83
      57
      63
      48
      47
      47
      57
      43
      43
      48
      45
      57
      42
      47
      50
      52
      52
      48
      44
      40
      46
      39
      47
      63
      50
      44
      46
      35
      54
      40
      54
      40
      33
      51
      39
      49
      42
      42
      59
      41
      44
      54
      28
      58
      47
      46
      46
      34
      47
      49
      45
      39
      43
      34
      42
      48
      43
      33
      59
      55
      47
      41
      58
      29
      55
      44
      44
      41
      58
      42
      40
      49
      38
      52
      44
      39
      38
      50
      51
      27
      43
      59
      46
      41
      40
      45
      47
      42
      35
      42
      56
      46
      47
      72
      56
      49
      56
      47
      37
      40
      41
      30
      48
      42
      40
      44
      40
      25
      39
      47
      48
      55
      43
      45
      37
      43
      42
      30
      47
      43
      41
      37
      38
      45
      38
      48
      49
      44
      40
      37
      34
      45
      51
      49
      32
      35
      30
      33
      42
      34
      39
      45
      43
      40
      42
      46
      30
      28
      37
      35
      46
      34
      45
      41
      41
      35
      37
      30
      47
      49
      42
      44
      41
      46
      33
      47
      42
      38
      44
      42
      37
      39
      34
      40
      40
      48
      41
      40
      48
      39
      36
      35
      36
      39
      37
      46
      38
      41
      33
      26
      44
      37
      45
      42
      59
      29
      28
      25
      42
      48
      42
      28
      36
      40
      40
      31
      41
      44
      35
      44
      34
      44
      28
      41
      49
      40
      35
      57
      63
      78
      61
      83
      84
      87
      70
     100
      96
      98
      81
      60
      44
      39
      53
      50
      41
      53
      63
      36
      46
      47
      55
      45
      40
      33
      44
      33
      43
      36
      35
      35
      46
      45
      40
      39
      46
      42
      38
      40
      32
      33
      39
      42
      36
      26
      38
      34
      33
      32
      39
      41
      51
      30
      35
      50
      36
      41
      42
      26
      38
      38
      36
      31
      29
      39
      35
      41
      43
      39
      41
      47
      46
      47
      32
      44
      36
      38
      50
      40
      44
      35
      55
      56
      79
      63
      84
      72
      82
      70
      71
      72
      69
      52
      62
      55
      52
      56
      52
      62
      58
      83
      79
      79
      89
      96
      84
     101
     116
     116
     104
     107
      92
      93
      62
      68
      54
      41
      39
      37
      33
      34
      29
      28
      38
      30
      37
      41
      32
      35
      28
      44
      31
      42
      39
      36
      37
      45
      38
      36
      19
      47
      32
      39
      29
      43
      39
      38
      35
      28
      41
      48
      35
      37
      43
      40
      38
      27
      43
      32
      45
      32
      29
      35
      34
      31
      33
      35
      28
      31
      30
      27
      20
      32
      36
      26
      29
      31
      26
      26
      45
      38
      34
      42
      39
      33
      32
      43
      38
      30
      31
      31
      39
      31
      31
      42
      41
      36
      35
      41
      36
      29
      49
      31
      45
      34
      31
      34
      39
      42
      38
      29
      33
      40
      48
      28
      39
      37
      38
      44
      45
      35
      25
      42
      36
      32
      38
      38
      36
      30
      39
      30
      39
      29
      29
      39
      38
      28
      40
      33
      35
      42
      38
      34
      38
      28
      28
      34
      33
      40
      37
      36
      32
      38
      41
      43
      25
      35
      36
      30
      30
      27
      36
      35
      36
      31
      34
      39
      38
      47
      34
      34
      45
      26
      33
      37
      35
      39
      39
      36
      37
      26
      31
      32
      39
      35
      25
      38
      31
      35
      32
      28
      43
      39
      35
      38
      18
      26
      41
      25
      36
      33
      38
      41
      40
      29
      47
      44
      59
      55
      52
      49
      57
      56
      56
      62
      62
      66
      46
      46
      43
      39
      35
      38
      33
      40
      39
      30
      41
      30
      26
      33
      32
      35
      28
      35
      43
      32
      47
      33
      27
      22
      34
      32
      32
      37
      29
      30
      31
      34
      31
      36
      34
      33
      28
      23
      29
      38
      30
      35
      34
      32
      26
      19
      27
      29
      40
      37
      35
      35
      40
      43
      47
      47
      50
      55
      65
      53
      70
      59
      69
      53
      59
      52
      38
      48
      40
      42
      31
      28
      18
      27
      35
      33
      25
      36
      28
      38
      30
      40
      24
      39
      33
      38
      33
      31
      30
      35
      42
      28
      32
      30
      39
      28
      30
      29
      33
      29
      24
      34
      31
      27
      29
      25
      26
      35
      42
      24
      27
      26
      33
      30
      22
      31
      30
      17
      34
      31
      26
      25
      27
      29
      24
      22
      27
      29
      19
      36
      22
      37
      31
      26
      36
      26
      29
      29
      32
      34
      42
      27
      23
      23
      29
      32
      25
      35
      23
      28
      27
      28
      23
      37
      28
      25
      33
      30
      23
      33
      27
      24
      28
      25
      30
      39
      28
      28
      31
      27
      22
      22
      33
      34
      28
      32
      22
      27
      22
      32
      29
      17
      31
      24
      22
      28
      28
      28
      29
      34
      25
      26
      27
      23
      26
      33
      28
      23
      34
      32
      32
      29
      23
      50
      27
      32
      25
      48
      50
      58
      77
      59
      68
      82
      85
      68
      96
      82
      63
      65
      54
      61
      41
      19
      37
      23
      21
      28
      25
      24
      22
      20
      23
      15
      26
      26
      33
      24
      25
      29
      21
      26
      27
      25
      20
      18
      19
      27
      29
      35
      25
      25
      21
      25
      24
      26
      30
      19
      24
      26
      30
      24
      20
      28
      16
      26
      14
      21
      29
      21
      32
      29
      28
      28
      27
      20
      34
      27
      30
      25
      16
      25
      19
      22
      25
      28
      23
      24
      21
      20
      25
      19
      34
      36
      25
      31
      26
      18
      34
      28
      21
      33
      24
      21
      33
      25
      31
      28
      28
      36
      29
      27
      26
      22
      31
      28
      18
      22
      39
      24
      28
      33
      17
      20
      32
      28
      17
      25
      37
      24
      22
      32
      22
      21
      30
      22
      28
      30
      22
      32
      33
      25
      30
      24
      20
      21
      23
      29
      19
      24
      26
      17
      21
      28
      20
      26
      19
      24
      19
      19
      29
      30
      21
      28
      21
      36
      16
      26
      17
      33
      16
      21
      20
      28
      23
      19
      23
      23
      28
      28
      20
      18
      25
      29
      32
      20
      30
      18
      18
      22
      25
      22
      25
      25
      27
      25
      31
      30
      22
      22
      29
      27
      21
      37
      24
      33
      24
      19
      13
      18
      24
      14
      29
      26
      26
      17
      24
      24
      21
      17
      19
      19
      23
      24
      16
      30
      30
      23
      24
      18
      20
      23
      21
      17
      21
      22
      22
      19
      19
      17
      22
      19
      28
      18
      15
      19
      27
      18
      19
      25
      30
      17
      19
      22
      28
      25
      28
      19
      25
      40
      36
      48
      48
      51
      65
      68
      80
      91
      84
     113
     101
     110
     126
      95
     109
      83
      56
      45
      26
      26
      32
      24
      25
      32
      19
      27
      24
      20
      19
      22
      22
      27
      18
      21
      22
      19
      19
      19
      17
      22
      20
      26
      29
      18
      19
      19
      19
      22
      15
      21
      18
      31
      19
      20
      18
      19
      23
      18
      20
      14
      28
      23
      17
      30
      17
      27
      28
      27
      34
      20
      30
      18
      21
      25
      33
      19
      17
      30
      18
      31
      15
      20
      21
      20
      22
      25
      18
      18
      17
      14
      27
      17
      16
      20
      24
      13
      25
      28
      18
      21
      20
      19
      18
      25
      24
      13
      21
      16
      20
      17
      18
      16
      21
      18
      20
      14
      16
      16
      15
      23
      22
      26
      15
      13
      20
      23
      20
      22
      11
      29
      20
      22
      21
      17
      24
      17
      19
      18
      24
      21
      22
      24
      21
      16
      33
      25
      34
      37
      27
      39
      43
      51
      32
      58
      49
      54
      63
      66
      59
      66
      63
      41
      40
      34
      19
      33
      21
      17
      18
      15
      20
      15
      23
      19
      17
      11
      17
      11
      19
      10
      12
      15
      20
      31
      21
      21
      12
      18
      16
      24
      21
      25
      17
      13
      14
      14
      18
      11
      21
      14
      14
      21
      18
      19
      12
      24
      24
      12
      29
      19
      23
      25
      23
      16
      17
      23
      20
      25
      20
      24
      13
      22
      14
      19
      17
      24
      20
      13
      17
      19
      16
      19
      20
      15
      12
      22
      25
      15
      13
      16
      19
      17
      10
      18
      18
      13
       7
      19
      16
      13
      14
      23
      15
      17
      11
      15
      23
      24
      10
      15
      19
      14
      20
      14
      11
      22
      21
      15
      10
      18
      11
      17
      13
      23
      18
      24
      16
      11
      16
      16
      24
      11
      19
      10
      17
      13
      15
      17
      22
      19
      19
      13
      20
      23
      25
      14
      15
      19
      19
      26
      29
      18
      13
      22
      19
      14
      14
      20
      24
      17
      16
      22
      18
      19
      19
      15
      15
      17
      12
      26
      22
      16
      17
      25
      18
      24
       7
      14
      18
      19
      29
      27
      12
      21
      19
      23
      29
      31
      28
      31
      27
      42
      46
      55
      47
      46
      55
      55
      48
      49
      55
      44
      51
      34
      29
      19
      27
      19
      23
      21
      15
      18
      18
      19
      20
      23
      18
      22
      15
      15
      12
      22
      12
      12
      15
      15
      10
      13
      17
      17
      15
      14
      22
      12
      18
      12
      15
      12
      11
      16
      15
      18
      19
      10
      14
      14
      14
      20
      18
      11
      12
      26
      10
      12
      12
      15
      23
      13
      12
      13
      18
      15
      13
      13
      16
      16
      10
      16
      11
      16
      15
      14
      17
      15
       8
      11
      19
      13
      17
      13
       9
      15
       9
      12
      17
      16
      20
      13
      11
      19
      18
      15
      26
      13
      29
      14
      18
      16
      18
      14
      17
      11
      25
      15
      13
      18
      27
      17
      13
      14
      18
       7
      24
      14
      17
      23
      13
      15
      16
      15
      24
      20
      30
      32
      31
      41
      42
      41
      47
      48
      36
      42
      40
      30
      41
      20
      19
      29
      18
      16
      27
      17
      14
      20
      10
      15
      22
       6
      17
       8
      21
       8
      19
      15
      12
      10
      17
      14
      19
      14
      15
       9
      17
       9
      15
      16
      14
      17
      11
      20
      14
      11
      10
      20
      11
      14
       8
      14
      16
      16
      23
      12
      10
      12
      19
      20
      18
      12
      17
      18
      17
      17
      14
      16
      11
      23
       7
      18
      11
      12
      16
      15
      16
      15
      12
       6
      22
      16
       6
      15
      11
      13
       9
      17
      21
      14
      16
      12
      21
      17
      21
      15
      11
      13
      14
      12
       9
       9
      20
      23
      15
      19
      17
      10
      11
      12
      20
       9
       7
      12
      15
      14
      17
      12
      19
      14
      14
      15
      12
      11
      16
      10
      22
      12
      24
      15
      16
      14
      15
      15
       9
      12
       8
      11
       9
      15
      12
      12
      10
      16
      15
       9
      17
      13
      19
      16
       8
      10
      14
      15
       9
       9
      12
      14
      15
       6
      15
      18
      10
      13
      14
      14
      16
      13
      21
      10
      14
       6
      20
      15
      15
       7
      16
      11
      12
      20
      11
      17
      10
      10
       9
      12
      15
      11
      12
      13
      14
       9
      16
       8
      12
       7
      10
      13
      13
      13
      19
      13
      16
      14
      14
       9
      10
       8
       7
       6
      14
      18
      10
       9
      15
      12
      12
      12
      13
       9
      16
      13
      12
      16
      11
      10
       9
      20
       6
       9
      14
      13
      18
      15
      12
      11
      14
      15
      14
      13
      12
      14
      11
      11
      10
      12
      11
       9
      12
       7
      15
      12
      18
      17
      13
      10
      16
      14
      20
       8
       8
      11
      11
      16
      18
       8
      15
       7
      13
       9
      15
      13
      11
       7
      16
      17
      20
      13
      24
      12
      16
      10
      20
       5
      10
       6
      11
      10
      15
      10
      15
       8
      20
      11
      12
      10
       8
      13
      11
      16
      10
      12
      12
       9
       9
       8
      10
       4
       7
      13
      10
       6
      20
      14
      12
       6
      13
      16
      18
      12
      11
      15
      10
       8
      15
      11
      15
      13
      13
      14
      13
      17
      17
      19
      14
      17
      14
      13
      17
      15
      13
      16
      13
      18
      21
      14
      16
      18
      18
      16
      13
      16
       8
      10
       6
      12
      12
      11
      12
      14
      13
       7
       9
      13
      13
       3
      12
      15
      11
      12
      11
      13
      14
       8
      11
      14
       6
      20
      16
       7
       9
      10
      14
       9
      14
      13
      17
      20
      11
      17
       7
      11
      10
      12
      16
       6
      15
       9
       9
      12
      11
      11
      17
      14
      12
      12
      14
      13
       8
      11
       9
       6
      11
       9
       7
      13
      10
      10
       8
      13
       9
       8
       9
      11
      11
      11
      17
       8
      14
      12
      15
      15
      10
      11
      19
       7
      15
      12
      16
      16
      10
      10
      18
      12
       9
      15
      14
      13
      14
      15
      22
      10
      13
      12
       8
       9
       7
       5
      11
       6
      11
      11
      10
       5
      11
      10
      11
      13
      12
      10
      10
       8
       8
      11
      13
      13
      17
      11
      11
       4
       6
      14
       7
       9
       6
       7
       9
      14
      11
      14
      12
      16
       7
       9
      14
      13
       9
       5
      17
      13
      12
       8
       8
      10
       9
      15
      11
      12
       5
      13
      15
       9
      16
      12
       6
      13
       4
       8
      13
      16
       6
      10
       7
       8
       6
      10
       9
       4
      11
      13
       9
      13
      12
      12
       8
      12
      11
       7
      11
      18
      10
      11
      10
       4
       7
       7
      12
      14
      11
      11
      14
       9
      11
      11
       8
       5
      12
       5
       8
       9
      16
       8
      10
      11
       5
       9
      15
      12
       7
       5
       8
      13
      10
       8
      11
      16
      10
       8
       9
      11
       9
      14
      17
       5
      11
      14
       9
      10
       9
      11
       6
      12
      11
       8
      10
       7
       7
       8
      11
       4
      17
       7
      12
      13
      10
      12
       6
       9
      11
      13
      10
       7
      13
      12
      15
      14
       7
       3
      18
       9
      12
      11
       9
      14
       9
       7
      14
       9
      10
       9
       3
       9
      12
       8
       8
       8
       8
       7
      14
      15
      11
      15
       8
       6
      12
       8
      10
      12
      13
       6
      12
       5
      12
      11
      12
      10
       7
       8
      12
      11
      13
      13
      17
       5
       8
       6
       9
       8
      12
       5
       6
       5
       9
      12
       3
      11
      13
       7
       9
      10
      10
      10
       7
       8
      11
      20
       6
      13
      14
       7
      11
       5
      13
       6
       9
      11
       7
       7
      12
       9
      10
       9
      13
      14
      11
       9
      13
      11
       5
      12
       6
      14
      11
       9
       5
      15
      12
      12
       6
      10
       7
      11
       8
       5
      16
      10
       8
       7
      11
      11
      12
      10
       2
       9
      12
       9
       4
       8
      12
       8
       7
      12
       8
      15
       6
       6
      13
       7
       9
      13
      14
       9
       7
       8
      14
      12
       8
       9
      12
      11
      14
      12
      10
       6
       9
      15
      10
      15
      15
      16
      15
      16
      12
       6
       8
      11
      10
       7
       7
      11
      11
       6
      15
       9
      10
      10
       8
      13
       6
       8
       6
      11
       9
      11
      10
       7
       9
       8
       7
       8
      11
       7
      18
       9
      12
       6
      11
       9
       5
       5
      17
       6
      11
       9
      12
       9
       6
      15
       7
      10
       8
      14
       9
       7
      10
       5
       9
       7
       8
      13
       6
      13
      15
      10
       4
       5
       9
       6
      11
       6
       4
      11
       6
       8
      12
       6
       5
      10
       9
      12
      10
       8
       4
      12
      12
       3
       4
       5
       6
      10
       9
       5
       8
      12
       6
       7
      11
       3
       4
      10
       7
       7
       5
      10
       8
       6
       1
       3
       5
       9
       7
       8
       8
      10
      10
      13
       7
       8
       6
       3
      12
       6
       7
       6
       6
       6
       7
       7
       9
       7
       6
      11
       8
      13
      12
       3
       8
       7
       6
       7
      10
      11
       5
       7
      10
       6
       4
       5
       7
       5
       3
      10
       7
       3
       6
       8
       7
       4
       5
       6
      13
      11
      12
       7
      13
      12
       7
      12
      10
       7
      14
       6
       9
      10
      12
       5
       7
       7
       4
       7
       7
       3
       3
       7
      10
       6
       6
       9
       6
       7
      10
       8
       8
      10
       5
      11
       7
       8
       7
      12
       7
       7
      12
       9
       7
      13
      12
       8
       5
       3
      10
      10
       9
      11
       8
       3
       7
       5
       5
       4
      12
       4
       8
       8
      12
       5
       7
       8
       4
       8
      10
       2
       6
      11
       4
      10
       5
       4
       9
       3
       9
       9
       7
       6
       9
       4
       2
       6
      10
       7
       8
      15
       7
      11
      10
      12
       5
       9
      11
      10
       9
      13
       8
       9
      13
      10
       7
      13
       7
       4
       4
       4
      10
      11
       8
       9
       2
       9
      11
       7
       7
       6
       6
       6
       8
      12
      11
       9
       5
       6
      11
       9
       8
       5
       3
       3
       8
       7
       3
       6
       8
       7
       7
       8
      11
       5
       6
       5
       8
       4
       7
       9
       7
       8
       6
       7
       5
       7
       6
       7
       4
      14
       6
       9
       6
       5
       6
      12
       9
       7
       5
       9
       4
       7
       8
       6
       8
       7
       9
       8
      11
       7
      11
       5
       9
       6
      12
       9
       7
       4
       6
       4
      10
       6
      15
       7
       7
      10
       8
       6
      13
       6
       2
       5
       9
       8
       7
       3
       4
       3
      14
       4
       9
       8
       9
       9
      12
       7
      10
       5
       6
       9
       4
       4
       4
       8
       3
       7
       6
       7
       4
       7
       5
       5
      11
       4
      10
       7
       8
       6
       9
       4
       7
       5
       6
       3
       9
      10
       9
       5
       7
      11
       8
       7
       8
       4
      11
       5
      10
       4
       9
       5
       9
       6
       8
       6
      12
       5
       8
       6
       8
       9
       7
       7
      13
      10
       7
       5
       9
       4
       7
       4
       8
       4
       5
       4
       4
       6
       3
       6
       5
       7
       6
       5
       9
       8
      10
       8
      10
       8
       9
       9
       5
       4
       5
      10
      10
      10
       9
       6
       4
       6
       3
       5
       4
       6
       8
       5
      10
       9
       3
       4
       9
      13
      10
       7
       5
       7
       8
      10
       1
       3
      13
       6
       7
       5
       2
       3
       5
       6
       4
       5
       6
       6
       2
       7
       8
      12
       6
       7
       4
       6
       6
       3
      10
       9
       9
       8
       6
      15
       8
       5
       3
       9
       4
       7
       5
       7
       4
      12
       6
       3
       1
      10
       4
       5
       5
       9
       7
      11
       4
       3
       5
       0
      10
       7
       5
       5
       5
       4
       4
       9
       8
       7
       1
       7
       5
      11
       4
       7
       5
      11
       5
       7
       5
      10
       8
       5
       7
       7
       4
       7
       8
       4
       7
       8
       7
       6
       7
       6
       7
       3
      10
       6
       7
       7
       4
       3
       5
       7
       3
       5
       5
       8
       4
      10
       1
       8
       4
       5
       2
       4
       8
       5
       7
       6
       4
       4
       4
      10
       3
       4
       6
       5
       5
       3
       3
       4
       2
      12
       5
       6
       5
      13
       3
       4
       5
       7
       6
       6
       8
       7
       6
       5
       5
      10
       7
       5
       3
       9
       8
       9
       8
       2
       6
       6
       5
       3
       8
       8
       9
       5
       4
       2
       0
       4
       2
       5
       7
       6
       4
       8
       8
       8
       7
       4
       4
       6
       6
       7
       6
       3
       3
       4
       5
       3
       6
       6
       3
       2
       2
      11
      10
       7
       6
       6
       3
       2
       3
       2
       8
       7
       9
       6
       5
       4
      10
       4
       5
       4
       4
       3
       2
       5
       6
       6
       9
       1
      11
       8
       5
       4
       6
      10
       3
       6
       1
       9
       4
       7
       5
       6
       5
       7
       5
       6
       4
       6
       7
       7
      11
       6
      12
       3
       6
       6
       6
       4
       7
      11
       3
       3
       4
       6
       5
       4
       2
       5
       5
       5
       5
       5
       4
       5
       6
       3
       9
       5
       5
       5
       6
       4
       7
       4
       4
       5
       4
       6
       4
       3
       4
       3
       5
      12
       8
       4
      10
       2
       7
       5
      12
       5
       3
       4
       1
       7
       3
       7
       6
       3
       4
       4
       7
       9
       5
       5
       5
       5
       3
       5
       4
       4
       5
       6
       3
       3
       6
       7
       6
       6
       1
       6
       5
       4
       7
       3
       7
      10
       6
       4
       7
       9
       5
       9
       5
       7
       8
       5
       4
       3
       6
       4
       4
       7
       5
       5
       5
       6
       8
      10
       6
       8
       7
       4
       3
       6
       6
       9
       8
       8
       8
       8
       8
       5
       9
      13
       8
       6
       7
       5
       2
       6
       8
       8
       2
       9
       4
       3
       7
       5
       6
       4
       5
       4
       9
       2
       1
      12
       4
       3
       7
       4
       5
       2
       1
       4
       6
       6
       7
       3
       8
       2
       8
       5
       6
       3
       3
       1
       2
       5
       4
       9
       8
       9
       7
       6
       6
       5
       8
      10
       6
       7
       4
      10
       3
       4
       9
       9
       3
       2
       7
       4
       8
       6
       7
       6
       6
       2
       5
       2
       5
       4
       7
       4
       4
       7
       8
       4
       6
       3
       3
       7
       9
       5
       2
       6
       8
       3
      12
       5
       8
       4
       4
      11
      12
       1
       7
       6
       6
       5
       8
       6
       2
       6
       4
       3
       2
       5
       4
       7
       2
       4
       4
       7
       6
       7
       7
       1
       2
       8
       5
       5
       3
       3
       4
       5
       8
       4
       2
      11
       6
       7
       3
       7
       4
       5
       5
       0
       2
       4
       0
       5
       7
       4
       6
       5
       6
       6
       7
       3
       6
       5
       4
       3
       3
       7
       9
       6
       4
       2
       3
       8
       8
      12
       4
       8
       0
       3
       4
       5
       1
       5
       4
       6
       5
       2
      14
       6
       8
       5
       4
       6
       4
      11
       8
       7
       7
       4
       8
      10
       8
       7
       3
       5
       6
       4
       6
       6
       6
       9
       3
       6
       7
       4
       9
       8
       5
       6
       2
       4
       7
       4
       4
       6
       8
       2
       2
       6
       8
       6
       6
       6
       7
       5
       5
       5
       5
       5
       7
       3
       6
       5
       6
       1
       9
       3
       7
       5
       7
      10
       8
       2
       3
       7
       8
       5
       7
       6
       7
      10
       6
       7
      11
      11
       7
       3
       5
       1
       5
       7
       4
       7
       8
       3
       4
       9
       5
       5
       3
       5
       8
       5
       4
       4
       4
       7
       5
       8
       1
       6
       3
       3
       6
       4
       3
       4
      11
       5
       6
       8
       7
       4
       5
       7
       6
       9
       6
       7
       3
       5
       4
       9
       3
       3
       4
       4
       6
       4
       5
       2
       3
       5
      12
       5
       4
       5
       3
       4
       5
       5
       7
       4
       5
       6
       4
       2
       5
       3
       3
       3
       3
       5
       8
       9
       5
       6
       6
       6
       9
       7
       1
       3
       7
       4
       6
      10
       9
       5
       8
       8
      11
       6
       4
       5
       1
       7
       3
       6
       4
       7
       4
       8
       2
       4
       5
       9
      11
       9
       5
       4
       5
       4
       7
       5
       5
       3
       7
       3
       4
       9
       3
       3
       3
       8
       4
       8
       3
       6
       6
       5
       4
       3
       7
       4
       4
       2
       4
       4
       2
       3
       2
       8
       2
       8
       6
       4
       4
       4
       3
       8
       5
       6
       7
       2
       7
       4
       3
       2
       5
       7
       4
       4
       6
       5
       5
       4
       4
       4
       5
       3
       5
       8
       5
       5
       4
       6
       5
       6
       4
       7
       6
       1
       7
       5
       5
       5
       2
       6
       4
       6
       5
       4
       6
       2
       6
       4
      11
       3
       6
       2
       5
       3
       5
       4
       8
       6
       3
       3
       3
       2
       7
       7
       5
      11
       9
       4
       3
       3
       5
       8
       5
       6
       3
       9
       5
       2
       2
       4
       5
       4
       8
       7
       4
       9
       4
       8
       3
       3
       5
       5
       8
       2
       6
       3
      12
       6
       2
       5
       6
       7
       7
       4
       7
       5
       6
       7
       2
       5
       9
       3
       5
       1
       4
      10
       3
       3
       4
       3
       5
       5
       5
       6
       3
       5
       3
       6
       1
       8
       4
       2
       3
       5
       5
       6
       6
       5
       9
       4
       0
       6
       6
       4
       7
       6
       3
       4
       6
       4
       6
       7
       4
       4
       2
       7
       5
       5
       8
      11
       6
       3
       2
       5
       8
       3
       4
       2
       7
       5
       8
       3
       9
       6
       4
       6
       6
       9
       7
       5
       3
       3
       8
       2
       6
       4
       4
       3
       5
       4
      12
       7
       5
       9
       4
       4
       3
       7
       3
       2
       3
       8
       4
       6
       4
       9
       3
       4
       3
       2
       5
       5
       5
       5
       3
       6
       7
       1
       1
       5
       6
       6
       4
       3
       2
       6
       6
       5
       5
       6
       7
       4
       6
       1
       2
       5
       3
       6
       2
       4
       2
       1
       3
       4
       3
       3
       6
       5
       7
       3
       4
       4
       6
       8
       7
       3
       8
       5
       7
       2
       4
       2
       3
       7
       8
       1
       3
       5
       7
       6
       4
       6
       6
       4
      10
       6
       5
       4
       6
       4
       3
       8
       5
       7
       2
       6
       3
       4
       2
       3
       7
       2
       7
       5
       6
       3
       5
       7
       3
       7
       4
      10
       5
       7
       7
       3
       6
       3
       3
       6
       4
       5
       5
       4
       4
       3
       4
       6
       7
       7
       2
       4
       5
       4
       6
       4
       4
       9
       8
       4
       3
       5
       6
       3
       6
       4
       3
       3
       8
       4
       6
       3
       7
       5
       8
       3
       7
       5
       7
       3
       4
       4
       4
       5
       2
       6
       4
       3
       6
       6
       5
       0
       2
       0
       6
       1
       3
       5
       9
       2
       7
       4
       7
       4
       1
       5
       5
      10
       4
       4
       7
       1
       6
       5
       7
       4
       1
       7
       4
       2
       3
       7
       8
       5
       1
       2
       7
       7
       5
       3
       5
       3
       1
       4
       3
       5
       4
       5
       5
       4
       4
       5
       2
       2
       4
       6
       8
       5
       4
       3
       3
       7
       6
       2
       3
       1
       6
       4
       6
       8
       5
       4
       6
       5
       3
       2
       4
       5
       5
       3
       3
       3
       7
       3
      10
       7
       7
       2
       6
       3
       3
       5
       8
       6
       5
       3
       3
       5
       6
       5
       3
       4
       4
       3
       3
       5
       2
       2
       3
       3
       6
       7
       3
       5
       4
       5
       6
       5
       3
       3
       2
       6
       7
       4
       3
       7
       3
       2
       8
       5
       9
       4
       5
       1
       8
       5
       4
       1
       2
       8
       4
       5
       4
       2
       2
       4
       6
       2
       5
       5
       6
       7
       3
       2
       3
       5
       3
       2
       4
       2
       5
       6
       3
       1
       5
       5
       2
       8
       3
       0
       1
       6
       1
       4
       5
       8
       4
       5
       3
       4
       3
       3
       1
       4
       2
       5
       8
       4
       3
       6
       5
       5
       7
       4
       6
       5
       5
       7
       3
       8
       3
       5
       5
       3
       5
       4
       6
       4
       3
       3
       2
       7
       7
       5
       3
       3
       2
       7
       4
       3
       5
       7
       5
       6
       4
       7
       5
       7
       4
       6
       8
       4
       5
       2
       8
       2
       1
       4
       5
       4
       6
       7
       2
       7
       4
       0
       5
       2
       3
       4
       6
       4
       5
       5
       6
       3
       7
       2
       3
       4
       3
       6
       3
       1
       2
       2
       2
       5
       7
       5
       1
       3
       3
       7
       3
       6
       6
       6
       4
       4
       6
       5
       3
       2
       6
       6
       4
       3
       2
       6
       7
       4
       5
       4
       3
       5
       4
       3
       7
       5
       6
       9
       1
       6
       4
       3
       5
       2
       1
       6
       3
       4
       4
       6
       8
       4
       3
       2
       5
       2
       4
       7
       6
       3
       0
       3
       6
       4
      10
       3
       5
       3
       5
       3
       5
       3
       3
       5
       7
       4
       4
       6
       1
       6
       4
       5
       2
       8
       4
       2
       3
       2
       5
       2
       3
       2
       3
       2
       2
       2
       2
       8
       3
       5
       6
       4
       4
       5
       4
       6
       3
       2
       2
       3
       5
       2
       1
       6
       3
       4
       4
       8
       1
       2
       3
       1
       5
       0
       7
       1
       3
       2
       9
       5
       2
       9
       4
       2
       2
       1
       3
       5
       5
       5
       1
       2
       5
       6
       5
       2
       4
       6
       4
       4
       3
       3
       2
       4
       6
       1
       2
       3
       7
       3
       2
       6
       3
       4
       1
       3
       5
       2
       3
       2
       5
       0
       2
       2
       4
       2
       2
       4
       5
       1
       2
       5
       6
       1
       2
       7
       6
       4
       5
       1
       7
       5
       1
       2
       1
       5
       4
       4
       3
       1
       1
       4
       4
       3
       7
       5
       3
       5
       5
       3
       4
       3
       4
       6
       1
       2
       7
       2
       7
       4
       2
       3
       6
       4
       3
       5
       7
       4
      12
       8
       7
       5
       4
       5
       5
      14
      10
       9
      16
      11
      12
      13
      14
       8
      11
      11
      19
      13
      10
      12
      19
      16
      14
      15
      10
      13
       6
       4
       4
       8
       9
       8
       4
       6
       2
       2
       2
       1
       3
       4
       1
       4
       2
       5
       4
       1
       4
       6
       1
       7
       7
       5
       3
       5
       3
       7
       5
       6
       5
       3
       5
       2
       1
       1
       2
       3
       0
       1
       6
       1
       5
       1
       4
       8
       4
       2
       1
       4
       2
       5
       4
       7
       3
       7
       8
       5
       4
       1
       7
       4
       1
       4
       3
       1
       3
       4
       6
       5
       4
       6
       2
       6
       7
       6
       2
       8
       5
       4
       1
       3
       4
       4
       2
       2
       1
       3
       6
       7
       4
       4
       6
       5
       5
       3
       4
       4
       3
       2
       7
       6
       4
       2
       0
       2
       1
       6
       3
       7
       4
       5
       1
       0
       1
       3
       3
       3
       4
       3
       4
       4
       4
       3
       4
       1
       6
       3
       1
       3
       3
       2
       3
       2
       2
       3
       1
       3
       1
       4
       3
       1
       3
       1
       2
       2
       4
       5
       5
       7
       5
       2
       2
       4
       3
       3
       3
       4
       5
       2
       6
       5
       2
       4
       3
       0
       4
       8
       3
       5
       1
       2
       2
       4
       2
       7
       5
       1
       7
       4
       5
       4
       3
       6
       2
       2
       3
       5
       3
       3
       5
       4
       2
       3
       2
       3
       6
       2
       5
       2
       6
       5
       3
       4
       1
       2
       7
       2
       1
       2
       4
       5
       1
       3
       5
       2
       4
       4
       3
       3
       1
       3
       3
       3
       1
       5
       1
       3
       2
       3
       5
       2
       3
       7
       3
       6
       3
       4
       3
       4
       5
       4
       3
       2
       2
       4
       2
       4
       2
       2
       4
       3
       4
       1
       3
       3
       9
       1
       6
       3
       4
       3
       4
       2
       1
       1
       1
       4
       1
       1
       4
       3
       1
       6
       4
       3
       1
       3
       1
       3
       4
       2
       2
       2
       4
       3
       3
       6
       1
       1
       3
       4
       3
       5
       7
       6
       1
       2
       2
       4
       2
       4
       1
       3
       2
       2
       6
       4
       2
       2
       3
       2
       6
       4
       4
       2
       3
       3
       3
       5
       5
       4
       4
       2
       2
       6
       6
       3
       1
       6
       6
       8
       6
      10
       1
       4
       6
       0
       5
       4
       5
       1
       9
       6
       4
       3
       3
       2
       3
       3
       4
       1
       1
       4
       5
       0
       3
       2
       3
       1
       3
       5
       3
       2
       8
       5
       2
       3
       4
       3
       0
       1
       6
       4
       2
       3
       3
       5
       2
       1
       4
       0
       1
       0
       6
       2
       4
       5
       2
       3
       2
       5
       3
       2
       8
       4
       4
       1
       6
       1
       5
       4
       3
       1
       4
       3
       7
       2
       1
       3
       1
       2
       4
       3
       7
       5
       5
       3
       3
       2
       6
       5
       1
       2
       7
       3
       7
       2
       2
       4
       2
       1
       2
       2
       2
       5
       2
       2
       3
       5
       1
       6
       1
       3
       5
       2
       6
       4
       8
       2
       3
       2
       6
       3
       5
       3
       1
       1
       3
       3
       1
       2
       2
       4
       0
       4
       6
       4
       0
       2
       5
       1
       3
       2
       4
       4
       4
       8
       2
       7
       3
       6
       2
       2
       6
       1
       4
       3
       3
       3
       2
       2
       2
       3
       2
       2
       3
       3
       2
       4
       3
       0
       7
       1
       1
       2
       2
       2
       2
       6
       1
       1
       3
       2
       3
       4
       3
       0
       1
       4
       3
       4
       5
       3
       1
       1
       2
       5
       1
       4
       2
       7
       4
       2
       4
       5
       2
       5
       5
       6
       2
       1
       4
       6
       2
       5
       4
       3
       5
       1
       3
       4
       2
       1
       7
       3
       2
       5
       7
       2
       5
       3
       2
       5
       1
       1
       4
       6
       4
       2
       6
       3
       4
       3
       3
       3
       0
       2
       5
       5
       4
       1
       4
       3
       2
       3
       2
       4
       1
       3
       4
       3
       2
       1
       5
       3
       3
       6
       5
       2
       3
       2
       5
       4
       5
       2
       4
       2
       1
       2
       3
       8
       2
       3
       1
       3
       4
       2
       5
       5
       2
       1
       6
       1
       4
       3
       3
       4
       2
       6
       2
       5
       3
       1
       2
       2
       4
       1
       4
       3
       2
       3
       3
       2
       4
       4
       2
       3
       3
       5
       4
       6
       3
       1
       3
       1
       2
       1
       4
       4
       2
       5
       2
       5
       2
       3
       3
       3
       0
       4
       3
       0
       3
       0
       2
       4
       4
       0
       2
       2
       4
       4
       4
       6
       4
       3
       3
       3
       2
       2
       2
       5
       2
       3
       6
       5
       2
       1
       3
       1
       2
       7
       3
       4
       6
       2
       1
       4
       3
       3
       1
       3
       4
       6
       4
       4
       1
       3
       2
       3
       2
       0
       1
       1
       2
       3
       0
       4
       4
       1
       3
       3
       3
       2
       6
       3
       7
       3
       1
       5
       2
       4
       3
       3
       1
       3
       3
       2
       2
       2
       3
       2
       3
       1
       0
       2
       4
       3
       3
       2
       7
       2
       4
       4
       1
       3
       1
       2
       5
       2
       5
       5
       1
       1
       4
       2
       1
       5
       1
       4
       2
       5
       2
       0
       5
       3
       3
       4
       2
       3
       4
       6
       2
       5
       2
       3
       2
       2
       3
       2
       2
       4
       2
       3
       3
       2
       1
       5
       5
       2
       4
       3
       2
       3
       1
       3
       6
       6
       1
       2
       3
       2
       3
       5
       1
       3
       3
       0
       3
       2
       2
       4
       3
       4
       3
       1
       4
       2
       3
       3
       4
       5
       1
       2
       3
       2
       8
       2
       2
       5
       2
       3
       2
       5
       5
       2
       1
       6
       4
       0
       2
       3
       3
       4
       4
       5
       0
       6
       4
       6
       2
       6
       2
       3
       2
       4
       5
       6
       4
       3
       6
       5
       4
       5
       6
       1
       2
       0
       2
       4
       1
       4
       4
       3
       2
       2
       4
       6
       4
       2
       1
       2
       2
       1
       5
       2
       2
       3
       0
       1
       5
       2
       2
       5
       3
       4
       1
       0
       5
       4
       3
       3
       2
       5
       2
       3
       2
       2
       6
       3
       3
       5
       4
       3
       1
       4
       6
       2
       2
       3
       1
       1
       1
       1
       2
       4
       5
       2
       2
       1
       4
       0
       6
       3
       2
       3
       3
       2
       1
       4
       2
       3
       3
       3
       4
       1
       3
       1
       1
       4
       3
       4
       3
       2
       3
       1
       3
       1
       1
       2
       3
       3
       4
       3
       2
       3
       3
       4
       4
       5
       4
       1
       8
       0
       5
       2
       1
       2
       5
       1
       2
       4
       3
       2
       5
       1
       5
       2
       3
       4
       3
       5
       2
       1
       1
       5
       5
       1
       3
       3
       2
       0
       3
       5
       5
       3
       3
       3
       0
       7
       2
       2
       2
       6
       4
       0
       3
       6
       3
       6
       2
       1
       1
       3
       2
       1
       0
       2
       3
       1
       2
       3
       5
       3
       0
       5
       4
       3
       1
       1
       5
       3
       2
       3
       5
       1
       6
       3
       2
       4
       4
       2
       3
       2
       8
       3
       3
       3
       4
       6
       0
       3
       3
       1
       1
       2
       3
       1
       3
       6
       3
       2
       3
       2
       4
       4
       4
       3
       2
       3
       5
       5
       3
       4
       2
       1
       6
       2
       2
       0
       2
       3
       7
       0
       1
       2
       4
       1
       3
       2
       2
       1
       2
       4
       3
       1
       4
       5
       3
       0
       2
       2
       4
       2
       1
       4
       5
       5
       5
       3
       5
       4
       3
       7
       1
       1
       1
       3
       5
       7
       6
       2
       4
       2
       8
       6
       6
       1
       2
       3
       1
       2
       2
       3
       3
       1
       0
       1
       1
       2
       1
       2
       4
       2
       1
       4
       7
       4
       4
       5
       4
       4
       5
       2
       3
       3
       1
       2
       1
       1
       4
       5
       0
       3
       3
       2
       4
       0
       4
       3
       3
       7
       3
       5
       1
       2
       3
       4
       0
       0
       1
       0
       6
       2
       4
       3
       6
       2
       4
       2
       3
       2
       2
       2
       3
       3
       2
       1
       0
       3
       3
       4
       3
       5
       3
       3
       2
       1
       3
       1
       5
       4
       4
       1
       6
       2
       3
       3
       3
       4
       0
       1
       6
       2
       3
       1
       1
       4
       2
       2
       1
       3
       5
       0
       2
       2
       3
       3
       3
       3
       4
       7
       3
       2
       4
       5
       5
       3
       2
       2
       0
       1
       4
       3
       1
       5
       1
       3
       1
       2
       4
       2
       0
       2
       5
       6
       4
       2
       2
       3
       4
       1
       2
       2
       0
       4
       5
       0
       4
       2
       2
       1
       4
       5
       2
       1
       3
       1
       3
       2
       3
       1
       2
       1
       1
       3
       2
       1
       3
       3
       1
       0
       2
       1
       3
       2
       1
       0
       5
       1
       4
       3
       2
       1
       3
       3
       2
       2
       0
       5
       2
       4
       1
       3
       5
       2
       2
       2
       5
       2
       6
       3
       1
       4
       2
       2
       2
       2
       3
       0
       4
       1
       3
       3
       4
       5
       3
       1
       5
       2
       2
       3
       4
       1
       2
       3
       1
       1
       4
       2
       3
       2
       0
       4
       2
       2
       6
       2
       0
       2
       3
       1
       3
       1
       0
       4
       1
       3
       0
       2
       1
       1
       0
       0
       0
       0
       0
       0
       0
       0
       0
       0
       0
       0
       0
       0
       0
       0
       0
       0
       0
       0
       0
       0
       0
       0
       0
       0
       0
       0
       0
       0
       0
       0
       0
       0
       0
       0
       0
       0
       0
       0
       0
       0
       0
       0
       0
       0
       0
       0
       0
       0
       0
       0
       0
       0
       0
       0
       0
       0
       0
       0
       0
       0
       0
       0
       0
       0
       0
       0
       0
       0
       0
       0
       0
       0
       0
       0
       0
       0
       0
       0
       0
       0
       0
       0
       0
       0
       0
       0
       0
       0
       0
       0
       0
       0
       0
       0
       0
       0
       0
       0
       0
       0
       0
       0
       0
       0
       0
       0
       0
       0
       0
       0
       0
       0
       0
       0
       0
       0
       0
       0
       0
       0
       0
       0
       0
       0
       0
       0
       0
       0
       0
       0
       0
       0
       0
       0
       0
       0
       0
       0
       0
       0
       0
       0
       0
       0
       0
       0
       0
       0
       0
       0
       0
       0
       0
       0
       0
       0
       0
       0
       0
       0
       0
       0
       0
       0
       0
       0
       0
       0
       0
       0
       0
       0
       0
       0
       0
       0
       0
       0
       0
       0
       0
       0
$ROI:
1
2091 2111
$PRESETS:
None
0
0
$ENER_FIT:
0.089641 0.383673
$MCA_CAL:
3
8.964116E-002 3.836726E-001 4.212444E-008 keV
$SHAPE_CAL:
3
2.481216E+000 9.895641E-004 3.457022E-008
