$SPEC_ID:
Pulser
$SPEC_REM:
DET# 2
DETDESC# DETECTOR 2
AP# GammaVision Version 7.01.03
$DATE_MEA:
04/03/2017 09:49:25
$MEAS_TIM:
364997 368593
$DATA:
0 8191
       0
       0
       0
       0
       0
       0
       0
       0
       0
       0
       0
       0
       0
       0
       0
       0
       0
       0
       0
       0
       0
       0
       0
   15924
  747800
  858621
  495842
  425238
  399994
  396335
  424995
  522199
  710187
  920658
  995989
  862567
  651521
  534814
  571045
  771494
 1111175
 1390736
 1396067
 1152399
  840844
  603968
  491901
  479361
  499672
  525432
  547175
  553195
  526411
  477273
  432810
  404332
  390300
  383863
  382116
  382964
  384577
  385201
  384085
  382984
  386259
  388598
  380866
  371360
  364845
  361066
  359022
  357207
  355763
  354950
  353657
  353050
  352813
  352655
  351936
  352414
  350866
  349871
  350945
  351047
  351236
  351211
  350790
  349592
  352445
  352543
  353181
  353579
  355333
  355948
  357665
  358901
  359508
  363024
  364291
  367874
  368547
  370119
  372885
  376280
  379159
  381726
  385169
  388270
  390650
  393806
  396902
  400627
  402024
  407630
  409051
  413905
  415024
  418668
  422824
  427109
  430857
  434041
  437817
  450633
  467355
  490717
  498101
  493740
  485885
  488239
  491703
  497432
  502949
  512110
  526749
  536466
  533829
  522693
  515009
  513132
  515942
  518223
  524026
  527295
  533674
  539746
  544761
  548924
  558063
  570591
  584844
  594956
  592988
  587116
  591666
  603618
  638464
  797822
 1426381
 2790126
 4187413
 4191654
 2784338
 1394805
  768233
  614570
  598809
  600546
  606750
  614843
  626029
  638982
  654038
  667769
  675044
  683676
  688196
  692129
  693428
  700264
  705786
  718800
  747635
  792544
  820515
  803656
  772502
  777160
  828479
  886659
  882597
  811241
  741437
  708074
  700942
  700770
  696609
  697200
  696300
  699168
  698439
  702581
  709207
  717253
  730820
  744190
  743674
  735906
  737995
  763106
  812377
  865825
  910698
  935462
  910024
  836947
  756545
  709832
  696299
  704166
  716154
  719120
  712600
  704760
  703198
  712959
  735835
  769505
  785389
  788742
  908624
 1533187
 3271476
 6142109
 8592110
 8578016
 6225142
 3821179
 3042617
 3434436
 3543579
 2770466
 1727749
 1070344
  837880
  885340
 1319991
 2460021
 4196371
 5459976
 5142886
 3606161
 2117607
 1274953
  895445
  733843
  670632
  645768
  633954
  661942
  776155
  996071
 1212534
 1247121
 1071508
  876229
  872222
 1086422
 1339279
 1371856
 1129683
  825123
  649406
  600000
  605648
  632218
  689513
  824756
 1087853
 1456225
 1836444
 2051664
 1980249
 1668074
 1361185
 1203239
 1107677
 1007517
  979630
 1038734
 1061416
  959913
  777482
  606454
  497650
  448519
  435631
  422863
  396577
  363858
  341176
  331567
  332918
  342635
  357611
  369130
  368568
  358508
  345427
  334586
  328854
  324751
  324056
  322422
  323950
  324863
  324254
  324105
  323914
  322872
  321310
  320911
  321186
  321681
  322282
  320204
  320029
  319713
  320079
  324038
  332799
  344683
  350405
  346684
  335575
  325999
  320000
  318701
  318505
  318380
  318747
  317239
  317583
  318284
  317704
  316856
  314509
  315101
  314201
  313788
  313487
  315190
  320113
  330256
  345328
  356974
  355559
  342596
  327218
  318752
  332273
  370206
  431796
  486279
  493373
  445295
  379476
  333848
  316840
  309815
  308011
  305290
  304397
  302933
  301215
  301523
  301225
  301822
  301816
  301881
  300207
  300551
  300987
  300570
  302634
  304267
  305992
  303461
  300317
  297283
  296113
  294878
  294426
  294585
  293977
  292315
  293309
  291040
  291499
  290760
  290359
  290591
  290857
  290222
  290319
  289341
  287823
  287419
  288626
  293972
  310914
  336960
  367340
  378861
  365324
  333935
  306395
  289795
  283540
  281295
  280377
  279777
  278773
  277695
  276699
  277734
  276119
  276452
  274850
  275484
  275522
  273965
  274625
  273396
  272927
  271498
  272143
  272141
  270701
  271681
  270828
  270809
  269030
  269161
  266931
  267366
  266190
  265771
  265588
  263537
  264241
  264308
  263714
  262799
  262573
  264100
  263285
  264571
  264748
  265961
  266293
  266857
  265760
  264617
  275845
  326430
  472154
  744317
 1077110
 1296631
 1243198
  949841
  603497
  374774
  279312
  254270
  250313
  249279
  250726
  248855
  246386
  245386
  245263
  244740
  247304
  248566
  251525
  252394
  252368
  251648
  250506
  251271
  251394
  251935
  250671
  247843
  246217
  245697
  244122
  241394
  238313
  237205
  236262
  236176
  236019
  236138
  236702
  239544
  241149
  245599
  248639
  248926
  244906
  242144
  242453
  251586
  273357
  303663
  328345
  333606
  311685
  278995
  254698
  245071
  250506
  258584
  268224
  280498
  298258
  314862
  315994
  298896
  268130
  241460
  224612
  219787
  217376
  215775
  216341
  214995
  212995
  213505
  213092
  211346
  210795
  211387
  211491
  211688
  210842
  209218
  209455
  209231
  207349
  206342
  206164
  206418
  206388
  206483
  207956
  208105
  207934
  207304
  206302
  206177
  205598
  203073
  202678
  202119
  202779
  205206
  210214
  220671
  243391
  285372
  350223
  419244
  458687
  438862
  371099
  290330
  231617
  204069
  194632
  192214
  192406
  191426
  191293
  191406
  190121
  190290
  189714
  189223
  189291
  188540
  187468
  187215
  187730
  187644
  186530
  186192
  185936
  184666
  185163
  185228
  184875
  184764
  183988
  183536
  183436
  182464
  182685
  181907
  181190
  180777
  180151
  179445
  179612
  179392
  179287
  179563
  179466
  178323
  177799
  178363
  178164
  178009
  178085
  177425
  178358
  178814
  178519
  177507
  175404
  175290
  173421
  172287
  172202
  172204
  171659
  171749
  171127
  171668
  172382
  171589
  171346
  169810
  169791
  172889
  179293
  192313
  211168
  227235
  235444
  227237
  208936
  189297
  174801
  168517
  164994
  164086
  164410
  164478
  163648
  163638
  163438
  162310
  162147
  162508
  161916
  161554
  161148
  162214
  161909
  162071
  161858
  161514
  161409
  160260
  159381
  159374
  158780
  158215
  158348
  158015
  158456
  158549
  160169
  159872
  159858
  158602
  158165
  157408
  157046
  157577
  157955
  164541
  180439
  213261
  267462
  332250
  385385
  397452
  358707
  291588
  225230
  180625
  161335
  153539
  151264
  150487
  150877
  150141
  149465
  149515
  149947
  150514
  151780
  153859
  156820
  159643
  160724
  160282
  157628
  154202
  150372
  147467
  147031
  146678
  145747
  145682
  145496
  146126
  145753
  144625
  145783
  145046
  145740
  146656
  149053
  151486
  152635
  153159
  150325
  148742
  146298
  144025
  142432
  142139
  142260
  140830
  140870
  140480
  140531
  140874
  140021
  139515
  140551
  140259
  139198
  139399
  138866
  138697
  138609
  137843
  137767
  137141
  137858
  137833
  137851
  137756
  137918
  137292
  137334
  137322
  137276
  135851
  136133
  135458
  135177
  134766
  134170
  134232
  134551
  134519
  133746
  134133
  133658
  132927
  132676
  133748
  133000
  134406
  134970
  137867
  143428
  149552
  154838
  157561
  155703
  149221
  142567
  136796
  133236
  131553
  131768
  132635
  132086
  132126
  130609
  129740
  129650
  129151
  128275
  128679
  128548
  128217
  128505
  127452
  127984
  127916
  127234
  127559
  126985
  127178
  126477
  126551
  127134
  127823
  128451
  128424
  128788
  128517
  128154
  127447
  126603
  125565
  126234
  126627
  129275
  132310
  137444
  145716
  154304
  159510
  157880
  152067
  142536
  134331
  126979
  123981
  122975
  122234
  121675
  121771
  122049
  122263
  122465
  121474
  121739
  121173
  120660
  121310
  120846
  119974
  119766
  118985
  119971
  119891
  119807
  120267
  119278
  119889
  118884
  119482
  119466
  118831
  118290
  118265
  117969
  118317
  117413
  118221
  117649
  117983
  118135
  117999
  117918
  117912
  118093
  117901
  117447
  116935
  116288
  116272
  116521
  115365
  115916
  115405
  115644
  115311
  115221
  114768
  115835
  115067
  114843
  113752
  114544
  114252
  114045
  114280
  114096
  113400
  113678
  113065
  114675
  115230
  117056
  118601
  121769
  122659
  123178
  120631
  118754
  116491
  113462
  113167
  112493
  111952
  112402
  112967
  112829
  113698
  113194
  113394
  112636
  112191
  112116
  111362
  111546
  111829
  111729
  110630
  110437
  109743
  109254
  109721
  109322
  109086
  110022
  108751
  108789
  108511
  108756
  108625
  108551
  108337
  107772
  108056
  108107
  108034
  108134
  108148
  108754
  109300
  111176
  112587
  113675
  114522
  114886
  112908
  111142
  109353
  108492
  107100
  107112
  106714
  107017
  107074
  106751
  107414
  106926
  106981
  105788
  105975
  105582
  106339
  105632
  105795
  105193
  105202
  104334
  104759
  104026
  105424
  104280
  104004
  104156
  103902
  104024
  103404
  103812
  104234
  103763
  103671
  103590
  102840
  103159
  102759
  102867
  103260
  103397
  103085
  102815
  103664
  102814
  102805
  102258
  102340
  102434
  102287
  102321
  101736
  101547
  101706
  101255
  101372
  100421
  101270
  101387
  100994
  100865
  101593
  101343
  100895
  100823
  101324
  100659
  100261
  100283
   99933
   99988
  100341
   99363
   99851
   99671
   99432
   99481
   99276
   99293
   99295
   98906
   99447
   99376
   98945
   98551
   98384
   98791
   98629
   98354
   98221
   98110
   98120
   98090
   98041
   98184
   97965
   97886
   98145
   97901
   98540
   97730
   97714
   98146
   97485
   97866
   97537
   97183
   97308
   97983
   97445
   96500
   96699
   96484
   96003
   96690
   96727
   96408
   96724
   96050
   97166
   96287
   96656
   96276
   96029
   95305
   94997
   96054
   95338
   95043
   95759
   95229
   95725
   95470
   95692
   95173
   95015
   95024
   94585
   94376
   94247
   94238
   94724
   94959
   94145
   94148
   94313
   94214
   93928
   94187
   94291
   93524
   93840
   94456
   93852
   93926
   93342
   93432
   93521
   93718
   93021
   93491
   92603
   93422
   93104
   94051
   94006
   94294
   93604
   93810
   93913
   93279
   93145
   93084
   93238
   93525
   92741
   92879
   92593
   92433
   91811
   92353
   91682
   91947
   92000
   92105
   92082
   92316
   91959
   91966
   91766
   91802
   91622
   90845
   90584
   90696
   90849
   90734
   90518
   91336
   90387
   90685
   90257
   90784
   90453
   90154
   90512
   90622
   90255
   91287
   91059
   91290
   92110
   91092
   90737
   90690
   89941
   90462
   89772
   89906
   89934
   89661
   89395
   89370
   89928
   90029
   89341
   89758
   89680
   89913
   90202
   89976
   89731
   89929
   89064
   88807
   88691
   88160
   88516
   88426
   88937
   88547
   88759
   88523
   88118
   87845
   88075
   88374
   88265
   88105
   88120
   87513
   87498
   87803
   88095
   88446
   89864
   90072
   90571
   91176
   91060
   90374
   89167
   88677
   88084
   87036
   86446
   86718
   87316
   86940
   86803
   86944
   86213
   86662
   86381
   86060
   86565
   85944
   86467
   87074
   87473
   88044
   88441
   89339
   89026
   89683
   89166
   88719
   87244
   86495
   85500
   86214
   85359
   84953
   85370
   85145
   85763
   85407
   85270
   85026
   84911
   85112
   85419
   85262
   85587
   85406
   86175
   85868
   85862
   86474
   86598
   85123
   84987
   85732
   85910
   85725
   86210
   85668
   86071
   85825
   85849
   85834
   85422
   85704
   84689
   84653
   84436
   84683
   84186
   84140
   83580
   83693
   83638
   82988
   83595
   83266
   83327
   83622
   83582
   83123
   83533
   83854
   83574
   83601
   83934
   83811
   83871
   84292
   84789
   84669
   84088
   83641
   83121
   83373
   83057
   82837
   82386
   82023
   82370
   83052
   81977
   82777
   83196
   83956
   84289
   84482
   85385
   85367
   85796
   85138
   84532
   83628
   82897
   82565
   81540
   81353
   81124
   81400
   81971
   80938
   81249
   82076
   82054
   82637
   83394
   82867
   83421
   82715
   82422
   82113
   81976
   80875
   80734
   80864
   80831
   80561
   80780
   80661
   81299
   81103
   81040
   81184
   81750
   81715
   81586
   81030
   80920
   80279
   79992
   80648
   80052
   79853
   79908
   79572
   79578
   80004
   79727
   79309
   79174
   79530
   79632
   79304
   79221
   79380
   79281
   79239
   79005
   79202
   79325
   79146
   78737
   79021
   79249
   78733
   78569
   78388
   78817
   78510
   78505
   78342
   78139
   78268
   78629
   77892
   78015
   78299
   77636
   77855
   77935
   77605
   77876
   78406
   78173
   78286
   78114
   78280
   78413
   77898
   78120
   78625
   78726
   79312
   79863
   81190
   82137
   83187
   82943
   83985
   81768
   81167
   79781
   78668
   78113
   77579
   77194
   76778
   76957
   76293
   76232
   75973
   75925
   76607
   75982
   75736
   76008
   75798
   75905
   75643
   75278
   75187
   75096
   74991
   75066
   75142
   75186
   74931
   75314
   74946
   74561
   74944
   74593
   74528
   74782
   74725
   75143
   74866
   74574
   74156
   74155
   74380
   74482
   73798
   74308
   73754
   74226
   73866
   73629
   74128
   73498
   73410
   73490
   73515
   72915
   73464
   73594
   73315
   72676
   73290
   72784
   72866
   73466
   73051
   73246
   73233
   72927
   72562
   73396
   72918
   72813
   72751
   72717
   72321
   72233
   72797
   72621
   72522
   72279
   72926
   72493
   72984
   72400
   72165
   71784
   72186
   72195
   72262
   71086
   71905
   71384
   71284
   70829
   71514
   71342
   71190
   71292
   71352
   71946
   71425
   71359
   71267
   70627
   71362
   71346
   71812
   71136
   70948
   70975
   70699
   70558
   70675
   70438
   70395
   70802
   70610
   70451
   70152
   70284
   70507
   70098
   70408
   70630
   69771
   69943
   69893
   69781
   70002
   69412
   70140
   69566
   69905
   69718
   69629
   69506
   69861
   69745
   70209
   69335
   69615
   69390
   69277
   69730
   69817
   69385
   69426
   69233
   69428
   69529
   69737
   69936
   69494
   69622
   69791
   69630
   68906
   69147
   68624
   68672
   68273
   68572
   68570
   68233
   68536
   68446
   67830
   68481
   68550
   68302
   68335
   68112
   68048
   67677
   67634
   67724
   68078
   67737
   67743
   66880
   67485
   67705
   67119
   67037
   67144
   66997
   67251
   66849
   67074
   66753
   67001
   66945
   66655
   66839
   66976
   66720
   66631
   66874
   66513
   66896
   66705
   66939
   67091
   66710
   66162
   66445
   66351
   66301
   66566
   66418
   66476
   66762
   66150
   66579
   66757
   66382
   66352
   66143
   66709
   66737
   66666
   66473
   67467
   66623
   66895
   66854
   66136
   66180
   65558
   65715
   65992
   64941
   65158
   65458
   65806
   64964
   65783
   66211
   66018
   65672
   66977
   67023
   67731
   68861
   69904
   71970
   72574
   72596
   72460
   71988
   70750
   69450
   68046
   67139
   66287
   65579
   64798
   64962
   64678
   64505
   64013
   64057
   63980
   64032
   64075
   63934
   63856
   64308
   63846
   64203
   63175
   63386
   63124
   62888
   62887
   63659
   63170
   63244
   63615
   63071
   63321
   63037
   62661
   63186
   62959
   63269
   62965
   62561
   62875
   63267
   62739
   63062
   62903
   63090
   62426
   62878
   62558
   62529
   62515
   62751
   63413
   62797
   63609
   63749
   64026
   63918
   64856
   64494
   64010
   64108
   63389
   63752
   63421
   62682
   62790
   62362
   62156
   62135
   61738
   61755
   61718
   62315
   62159
   62510
   62542
   62849
   63735
   63382
   63395
   63492
   63299
   63012
   63155
   63271
   63033
   63132
   62745
   62742
   62686
   62293
   62492
   62510
   62509
   62678
   62517
   62198
   62228
   61757
   61644
   61060
   60748
   60744
   60876
   60892
   60645
   60542
   60294
   60469
   60376
   60334
   59843
   60066
   60074
   59985
   59919
   60080
   60561
   59848
   59942
   60037
   60111
   59060
   59601
   59684
   60026
   59284
   59596
   59187
   59667
   60188
   59386
   59773
   59897
   59770
   60083
   59535
   59849
   59548
   60047
   59607
   59774
   59880
   59856
   59889
   59335
   59552
   59665
   59587
   58984
   59308
   59078
   58980
   58956
   58846
   58932
   59553
   59230
   59573
   59863
   60222
   60882
   60967
   60617
   61451
   61141
   60592
   60001
   60005
   59688
   59320
   59023
   59284
   59194
   60176
   60577
   61084
   62373
   62872
   64641
   65750
   67760
   69551
   71785
   73955
   76027
   78767
   80721
   80448
   78846
   76454
   71917
   68562
   64851
   62151
   60200
   58930
   58373
   57499
   57425
   57303
   57249
   56852
   57309
   57074
   56941
   56640
   56892
   57120
   57493
   56977
   57673
   56908
   56774
   57196
   57213
   57108
   57239
   57396
   57109
   57089
   57453
   57474
   57702
   57284
   57154
   57148
   56291
   56772
   56781
   56547
   56446
   56837
   57096
   57329
   58199
   59845
   62256
   65652
   70042
   75252
   83349
   92524
  103128
  114626
  125347
  131528
  133851
  132453
  123781
  111679
   97205
   85172
   75039
   68190
   63138
   60168
   58259
   57900
   58614
   58837
   59382
   59939
   59478
   59824
   58890
   58481
   57233
   56470
   56227
   55699
   55326
   55268
   55182
   55576
   55425
   55300
   55232
   55402
   55315
   55763
   55805
   55865
   56158
   57284
   56914
   57229
   57251
   57047
   57971
   58477
   59178
   60367
   61247
   63043
   64145
   65655
   65710
   65537
   64069
   62177
   60624
   58418
   57272
   55584
   54638
   54403
   54200
   53651
   54150
   53772
   53203
   53580
   53817
   53291
   53366
   53711
   53404
   53839
   53771
   53586
   53366
   53601
   53405
   53026
   53061
   52748
   52059
   52359
   51815
   51804
   51680
   51379
   51102
   51402
   51460
   51521
   51398
   51639
   51167
   51432
   51267
   51646
   51718
   52245
   52456
   52534
   51624
   52208
   51843
   51611
   51406
   50810
   50673
   50431
   50485
   50370
   50049
   49787
   49554
   49417
   49699
   49583
   49948
   49600
   49993
   49976
   49831
   49870
   50250
   50313
   49973
   49547
   49834
   49802
   49741
   49553
   49344
   49299
   49177
   49252
   49022
   49128
   48836
   48444
   48541
   48531
   48172
   48250
   48648
   48651
   48429
   48622
   49075
   49240
   48862
   48788
   49009
   48206
   48641
   47884
   48270
   47513
   47861
   47780
   47975
   48067
   48199
   48232
   48232
   48713
   48311
   48333
   47570
   47709
   47253
   47426
   46828
   46785
   46066
   46269
   47005
   46682
   46403
   46443
   46832
   46250
   46092
   46302
   46374
   46038
   46327
   45849
   46298
   45973
   46311
   45913
   46061
   45947
   45754
   45848
   45488
   45677
   45648
   45531
   45680
   45335
   45822
   45341
   44916
   45018
   45051
   45359
   45313
   45389
   45569
   45156
   45975
   45329
   45261
   45964
   45824
   45749
   45680
   45597
   45158
   45133
   44588
   44624
   43755
   44474
   44089
   44255
   44066
   44117
   43818
   43743
   43648
   43772
   43685
   43677
   43757
   43752
   43639
   43363
   43617
   43639
   43480
   43157
   43359
   43462
   43890
   43620
   43391
   43989
   43502
   43447
   43730
   43207
   43046
   43186
   43322
   43091
   42667
   42745
   42660
   42611
   42483
   42753
   42258
   42175
   42351
   42297
   41986
   41968
   42047
   42504
   42390
   42720
   42681
   42422
   42476
   42352
   42954
   42818
   42638
   42853
   42870
   43742
   44022
   43936
   44805
   45380
   45644
   46234
   46465
   46121
   46417
   46236
   45551
   45444
   45129
   45020
   44757
   44028
   43470
   43149
   42129
   41963
   42011
   41628
   41431
   41447
   41368
   40919
   40606
   40591
   40719
   39996
   40056
   39924
   39847
   39554
   39595
   39385
   39812
   39458
   39404
   39425
   39493
   39667
   39122
   39242
   40111
   39346
   39514
   39908
   40025
   40213
   39741
   39709
   39861
   39770
   39693
   39540
   39231
   38371
   39025
   38742
   38334
   38553
   38337
   38443
   38496
   38541
   38624
   38238
   38212
   38326
   37981
   37997
   37924
   38001
   38178
   37965
   37842
   37422
   37752
   37346
   37495
   37692
   37794
   37700
   37767
   37952
   37463
   37354
   37188
   37213
   37286
   37436
   36891
   36916
   37341
   36971
   37079
   37381
   37135
   37408
   37607
   37335
   37483
   38159
   37916
   38519
   38470
   38631
   39174
   39182
   39842
   39758
   39962
   39678
   40257
   40054
   40464
   40348
   41302
   41155
   41028
   40808
   40268
   39410
   39019
   38584
   37681
   36917
   36991
   36208
   36349
   36248
   35627
   35326
   35532
   35641
   35284
   35312
   35630
   35281
   35516
   35264
   35506
   35251
   35641
   35370
   35218
   35245
   35307
   35183
   35062
   35313
   35038
   35066
   35400
   35084
   35235
   35236
   35497
   35800
   36017
   36367
   36367
   36540
   37265
   37418
   38152
   38975
   39284
   39662
   39822
   40094
   39716
   39221
   38056
   37362
   36666
   36205
   35254
   34651
   34421
   34247
   33888
   33861
   34084
   34351
   33686
   33651
   34194
   34017
   34429
   34044
   34458
   34133
   34235
   33883
   33635
   33551
   33668
   33171
   33387
   33183
   33107
   33326
   32802
   33202
   32868
   32651
   32861
   32983
   32874
   32970
   32812
   32293
   32704
   32612
   32996
   32723
   32908
   32623
   32720
   32393
   32334
   32578
   32681
   32177
   32386
   32299
   32266
   31868
   32141
   32711
   32007
   31968
   32222
   31986
   31680
   31855
   31929
   31867
   31386
   31877
   31705
   31521
   31988
   31873
   32034
   31520
   31687
   31856
   31878
   31749
   31712
   32116
   32169
   31884
   32318
   31929
   32013
   32110
   31955
   32019
   31682
   32143
   31606
   31521
   31369
   31082
   31545
   31006
   31160
   30909
   30434
   30933
   30887
   30335
   30341
   30547
   30476
   30543
   30485
   30611
   30526
   30399
   30231
   30625
   30413
   30540
   30967
   31559
   31411
   32204
   32567
   33681
   34996
   37175
   40035
   44215
   48483
   54281
   61034
   69855
   81885
   95736
  112345
  127571
  143060
  155320
  164140
  168822
  167721
  158843
  143216
  122777
  100585
   81467
   66327
   54905
   46532
   40379
   35255
   32196
   30591
   29241
   28716
   28780
   28798
   28221
   28443
   28496
   28422
   28427
   28597
   28285
   28090
   28421
   28320
   28063
   28086
   28429
   27876
   28235
   28239
   28160
   28109
   27873
   28002
   27890
   27998
   28368
   28085
   27577
   28039
   27733
   28066
   27740
   28095
   27895
   27798
   27955
   27460
   27703
   27506
   27556
   27368
   27722
   27596
   27085
   27516
   27352
   27204
   27238
   27382
   27370
   27041
   27068
   27287
   26793
   26519
   26938
   26925
   26692
   27074
   26562
   26799
   26841
   26769
   26513
   26645
   26488
   26322
   26787
   26510
   26207
   26408
   26253
   26336
   26215
   26479
   26288
   26190
   26372
   26192
   26056
   26178
   25715
   26149
   26448
   26214
   26058
   26059
   25960
   25944
   25908
   26508
   26152
   26358
   26116
   26032
   25786
   25971
   25921
   25918
   25724
   25801
   25611
   25321
   25693
   25023
   25342
   25381
   24975
   25081
   24982
   25021
   24999
   24847
   24917
   24711
   24724
   24647
   24949
   24592
   24791
   24440
   24561
   24620
   24728
   24793
   24512
   24590
   24720
   24646
   24531
   24625
   24463
   24602
   24384
   24512
   24391
   24311
   24439
   24492
   24233
   24452
   24197
   24318
   24124
   24181
   24077
   24174
   23833
   23751
   24088
   23570
   23731
   23617
   23443
   23746
   23720
   23410
   23674
   23708
   23588
   23181
   23458
   23640
   23656
   23259
   23409
   23057
   23201
   23079
   23106
   22974
   23055
   23033
   22907
   22768
   23028
   22775
   23135
   23014
   22883
   22876
   22882
   22822
   22942
   22775
   22631
   22781
   22558
   22592
   22659
   22905
   22693
   22766
   22751
   22408
   22489
   22599
   22316
   22816
   22467
   22168
   22498
   22217
   22278
   22140
   22023
   22251
   21629
   21879
   22007
   21918
   21875
   21907
   21832
   22019
   21903
   21962
   21700
   21628
   21669
   21538
   21681
   21704
   21568
   21672
   21509
   21815
   21613
   21630
   21394
   21405
   21567
   21590
   21405
   21205
   21420
   21271
   21270
   20874
   21146
   21000
   20823
   21044
   21102
   20728
   20868
   20886
   20862
   21011
   20717
   20821
   20729
   20759
   20364
   20619
   20671
   20542
   20547
   20254
   20695
   20385
   20426
   20410
   20472
   20384
   20494
   20505
   20337
   20140
   20152
   20246
   20222
   20253
   20299
   20022
   19754
   19895
   20022
   19882
   20179
   19911
   19718
   19841
   19835
   19683
   19857
   20109
   20003
   19697
   19816
   19972
   19883
   19825
   20088
   20130
   19863
   20196
   19851
   20161
   19925
   19605
   19822
   19529
   19516
   19235
   19188
   19367
   19291
   19061
   18888
   19058
   18923
   18931
   18836
   18823
   18853
   18722
   18778
   18599
   18871
   18508
   18767
   18674
   18600
   18595
   18349
   18570
   18580
   18495
   18008
   18502
   18565
   18300
   18316
   18447
   18304
   18580
   18323
   18453
   18133
   17942
   18163
   18024
   18149
   18248
   17854
   17991
   17767
   18017
   18005
   17812
   17746
   17812
   17831
   17838
   17791
   18080
   17633
   17912
   17462
   17796
   17419
   17731
   17485
   17520
   17682
   17652
   17622
   17511
   17398
   17187
   17319
   17335
   17273
   16993
   17130
   17024
   17085
   17078
   17154
   16916
   16953
   16923
   17065
   16925
   16924
   17002
   17010
   16857
   16800
   16815
   16931
   16608
   16858
   16605
   16563
   16815
   16564
   16279
   16574
   16574
   16561
   16435
   16594
   16531
   16409
   16225
   16551
   16319
   16443
   16329
   16233
   16237
   16199
   16074
   16257
   16110
   16054
   16087
   16068
   16096
   16180
   16246
   15954
   16100
   15852
   15904
   15889
   15636
   15599
   15998
   15733
   15617
   15739
   15711
   15477
   15748
   15485
   15635
   15489
   15571
   15241
   15453
   15469
   15335
   15317
   15117
   15125
   15449
   15293
   15235
   15365
   15057
   15468
   15373
   15303
   15240
   15444
   15341
   15404
   15597
   15495
   15441
   15715
   16047
   15932
   15897
   16218
   16307
   16290
   16566
   16348
   16264
   16112
   16134
   15712
   15573
   15224
   14903
   14967
   15087
   14858
   14373
   14334
   14423
   14411
   14484
   14099
   14196
   14347
   14281
   14038
   14194
   14052
   14171
   14005
   14147
   14182
   14140
   14093
   13924
   13681
   13914
   13971
   13835
   13833
   13814
   13880
   13850
   13769
   13762
   13600
   13641
   13746
   13782
   13669
   13572
   13601
   13758
   13704
   13582
   13308
   13574
   13565
   13568
   13363
   13384
   13302
   13571
   13514
   13367
   13350
   13400
   13510
   13185
   13453
   13254
   13417
   13174
   13437
   13158
   13099
   13013
   13059
   12907
   12812
   12898
   12922
   12936
   12890
   13020
   12837
   12809
   12597
   12579
   12824
   12656
   12673
   12682
   12571
   12687
   12673
   12530
   12508
   12407
   12407
   12651
   12490
   12746
   12395
   12532
   12422
   12723
   12739
   12700
   12769
   12631
   12775
   12571
   12705
   12860
   12570
   12786
   12718
   12353
   12358
   12185
   12157
   12165
   12376
   12008
   12042
   12043
   11669
   11948
   12029
   11709
   11749
   11718
   11869
   11522
   11549
   11688
   11574
   11577
   11477
   11459
   11532
   11368
   11480
   11554
   11400
   11294
   11601
   11371
   11245
   11298
   11256
   11207
   11394
   11361
   11245
   11166
   11199
   11111
   11135
   11069
   10969
   11064
   11132
   11100
   10978
   10947
   11197
   11004
   10897
   10911
   10931
   10869
   10849
   10854
   10728
   10731
   10736
   10699
   10699
   10611
   10641
   10708
   10567
   10517
   10675
   10434
   10418
   10423
   10454
   10427
   10527
   10421
   10401
   10409
   10574
   10425
   10175
   10303
   10345
   10319
   10292
    9959
   10258
   10210
   10152
    9982
   10151
   10024
   10206
   10206
   10137
   10227
   10161
   10262
   10113
   10050
   10117
   10017
    9882
    9921
    9872
    9905
    9807
    9703
    9725
    9795
    9832
    9766
    9843
    9900
    9654
    9620
    9653
    9382
    9629
    9646
    9398
    9391
    9626
    9481
    9744
    9265
    9541
    9428
    9473
    9448
    9485
    9421
    9409
    9400
    9352
    9479
    9262
    9315
    9542
    9393
    9485
    9387
    9356
    9290
    9305
    9119
    9242
    9040
    9094
    9122
    9250
    9149
    8998
    9008
    8935
    9055
    8731
    8940
    8716
    8756
    8771
    8801
    8689
    8769
    8698
    8641
    8583
    8683
    8556
    8700
    8512
    8668
    8522
    8409
    8590
    8577
    8588
    8509
    8491
    8460
    8347
    8431
    8320
    8483
    8342
    8317
    8321
    8205
    8345
    8441
    8323
    8275
    8215
    8138
    8031
    8230
    8285
    8084
    8077
    8078
    8186
    7977
    8160
    8022
    8129
    7986
    8050
    7994
    8058
    7910
    7837
    7885
    7901
    7884
    7777
    7690
    7618
    7760
    7800
    7682
    7751
    7598
    7484
    7788
    7746
    7679
    7611
    7463
    7507
    7427
    7510
    7490
    7543
    7426
    7436
    7535
    7446
    7411
    7313
    7432
    7145
    7187
    7404
    7254
    7182
    7303
    7164
    7142
    7147
    7238
    7317
    7182
    7059
    7292
    7189
    7354
    6930
    6955
    7130
    6995
    7137
    6872
    7000
    6983
    6943
    6859
    7020
    6722
    6886
    6791
    6862
    6805
    6617
    6868
    6737
    6844
    6868
    6718
    6797
    6741
    6784
    6744
    6845
    6690
    6820
    6809
    6703
    6750
    6724
    6861
    6804
    6679
    6704
    6672
    6616
    6496
    6399
    6647
    6513
    6474
    6331
    6279
    6393
    6284
    6392
    6352
    6181
    6208
    6344
    6275
    6329
    6424
    6201
    6242
    6252
    6186
    6145
    6229
    6235
    6102
    6172
    6044
    6209
    6028
    6032
    6000
    5993
    6070
    5956
    6124
    6005
    5864
    6016
    5950
    5984
    5915
    5937
    5851
    6009
    5896
    5905
    5880
    5843
    5906
    5775
    5696
    5743
    5543
    5687
    5696
    5683
    5489
    5672
    5553
    5581
    5679
    5529
    5515
    5516
    5567
    5539
    5463
    5507
    5423
    5494
    5515
    5354
    5345
    5239
    5403
    5434
    5351
    5339
    5443
    5307
    5403
    5401
    5405
    5199
    5381
    5325
    5325
    5397
    5261
    5413
    5486
    5440
    5523
    5571
    5498
    5605
    5493
    5497
    5519
    5410
    5414
    5467
    5441
    5381
    5281
    5262
    5200
    5270
    5188
    5025
    5167
    5059
    4987
    5127
    4925
    4931
    4936
    4904
    4794
    4794
    4796
    4789
    4758
    4765
    4800
    4685
    4724
    4549
    4649
    4655
    4612
    4579
    4706
    4531
    4649
    4525
    4582
    4667
    4639
    4610
    4654
    4436
    4551
    4686
    4571
    4529
    4529
    4569
    4686
    4604
    4681
    4493
    4434
    4341
    4518
    4443
    4401
    4358
    4438
    4287
    4190
    4336
    4318
    4256
    4321
    4155
    4249
    4242
    4192
    4145
    4179
    4201
    4141
    4093
    4171
    4198
    4027
    4047
    4021
    4006
    4167
    4159
    4107
    4088
    4114
    4119
    4279
    4155
    4228
    4210
    4253
    4470
    4570
    4459
    4590
    4612
    4603
    4676
    4685
    4712
    4743
    4699
    4666
    4583
    4423
    4316
    4315
    4062
    4079
    4032
    4074
    3996
    3966
    4003
    4002
    3801
    3681
    3779
    3676
    3803
    3681
    3598
    3674
    3724
    3762
    3643
    3644
    3777
    3581
    3636
    3566
    3617
    3427
    3586
    3483
    3498
    3496
    3557
    3589
    3515
    3555
    3519
    3529
    3537
    3485
    3437
    3542
    3488
    3445
    3477
    3362
    3414
    3305
    3262
    3263
    3299
    3279
    3299
    3330
    3201
    3315
    3192
    3227
    3246
    3254
    3223
    3236
    3151
    3076
    3154
    3180
    3220
    3191
    3079
    3096
    3132
    3019
    3059
    3040
    3055
    3045
    3042
    3053
    2939
    2972
    2896
    2884
    3038
    2929
    2925
    2950
    2955
    2886
    2808
    2952
    2908
    2916
    2875
    2801
    2789
    2778
    2769
    2836
    2923
    2953
    2848
    2828
    2790
    2782
    2778
    2807
    2738
    2797
    2823
    2751
    2674
    2739
    2709
    2791
    2703
    2715
    2642
    2645
    2646
    2777
    2637
    2681
    2646
    2653
    2553
    2563
    2636
    2517
    2537
    2616
    2539
    2551
    2537
    2483
    2517
    2619
    2483
    2544
    2547
    2580
    2511
    2566
    2581
    2418
    2469
    2396
    2488
    2357
    2486
    2493
    2431
    2309
    2345
    2298
    2435
    2348
    2391
    2363
    2348
    2339
    2306
    2320
    2369
    2297
    2339
    2298
    2308
    2362
    2404
    2427
    2404
    2445
    2477
    2504
    2506
    2594
    2744
    2795
    2877
    2941
    2985
    3061
    3210
    3191
    3265
    3265
    3272
    3184
    3125
    3089
    2904
    2860
    2607
    2548
    2461
    2313
    2289
    2213
    2166
    2129
    2150
    2066
    2006
    1967
    1988
    1987
    1907
    1965
    1956
    1956
    1943
    2065
    1954
    1964
    1963
    2013
    1967
    1966
    1890
    1915
    1962
    1994
    2031
    1963
    1910
    2092
    1968
    1980
    1987
    2024
    2044
    1976
    1866
    1892
    1838
    1882
    1861
    1749
    1811
    1817
    1719
    1804
    1785
    1726
    1774
    1732
    1715
    1680
    1729
    1742
    1746
    1697
    1695
    1761
    1650
    1693
    1690
    1655
    1588
    1662
    1650
    1645
    1671
    1664
    1620
    1619
    1615
    1618
    1680
    1580
    1608
    1670
    1647
    1649
    1674
    1706
    1785
    1781
    1802
    1752
    1768
    1814
    1866
    1924
    1929
    1934
    1972
    2067
    2077
    1967
    2054
    2119
    2089
    2135
    2181
    2159
    2193
    2067
    2062
    1999
    2008
    1858
    1715
    1747
    1657
    1570
    1584
    1599
    1544
    1551
    1453
    1476
    1342
    1430
    1485
    1337
    1306
    1312
    1339
    1330
    1336
    1264
    1360
    1315
    1267
    1265
    1274
    1375
    1260
    1242
    1271
    1325
    1348
    1324
    1283
    1342
    1307
    1389
    1235
    1272
    1319
    1333
    1256
    1266
    1337
    1203
    1235
    1139
    1212
    1245
    1197
    1228
    1168
    1139
    1149
    1096
    1149
    1185
    1161
    1189
    1213
    1185
    1166
    1240
    1151
    1147
    1154
    1111
    1115
    1085
    1145
    1138
    1094
    1148
    1136
    1150
    1188
    1144
    1185
    1198
    1216
    1295
    1229
    1308
    1329
    1369
    1420
    1492
    1543
    1711
    1655
    1813
    1952
    2029
    2107
    2209
    2286
    2288
    2382
    2499
    2447
    2526
    2327
    2382
    2361
    2242
    1972
    1970
    1792
    1612
    1432
    1309
    1230
    1249
    1158
    1103
    1039
    1053
     996
     971
     915
     921
     905
     896
     849
     869
     846
     883
     838
     845
     832
     875
     864
     822
     898
     873
     823
     878
     833
     823
     841
     821
     798
     782
     834
     797
     802
     766
     821
     788
     805
     805
     818
     730
     778
     768
     747
     781
     751
     748
     766
     789
     778
     767
     750
     777
     804
     766
     776
     729
     791
     726
     757
     771
     718
     668
     731
     688
     733
     709
     707
     698
     675
     712
     696
     686
     669
     719
     658
     665
     647
     627
     627
     631
     652
     659
     641
     630
     631
     670
     674
     705
     708
     661
     665
     652
     629
     676
     632
     617
     640
     635
     656
     647
     556
     607
     580
     577
     602
     579
     576
     626
     584
     567
     565
     578
     564
     574
     555
     554
     572
     530
     520
     554
     551
     531
     573
     525
     565
     552
     547
     533
     548
     513
     534
     515
     499
     543
     482
     555
     498
     511
     525
     557
     526
     516
     492
     490
     497
     457
     459
     488
     413
     490
     493
     466
     495
     504
     493
     484
     514
     459
     483
     509
     467
     508
     501
     496
     446
     499
     505
     492
     527
     523
     479
     519
     561
     524
     532
     444
     461
     461
     459
     472
     447
     416
     401
     438
     404
     471
     417
     389
     437
     402
     415
     417
     477
     430
     417
     439
     463
     450
     416
     397
     404
     447
     430
     385
     395
     418
     392
     389
     384
     345
     373
     380
     384
     390
     380
     382
     354
     402
     385
     382
     396
     391
     376
     373
     378
     402
     401
     380
     370
     411
     422
     397
     404
     447
     403
     372
     412
     397
     428
     410
     376
     374
     357
     344
     323
     330
     327
     317
     291
     300
     288
     309
     309
     263
     277
     314
     274
     317
     268
     273
     295
     280
     292
     244
     265
     272
     261
     250
     264
     274
     297
     263
     261
     249
     249
     229
     256
     248
     242
     247
     268
     259
     257
     249
     242
     250
     252
     255
     248
     214
     262
     253
     240
     233
     252
     239
     234
     211
     216
     239
     232
     216
     241
     258
     229
     240
     227
     251
     228
     258
     223
     233
     235
     263
     211
     243
     257
     279
     267
     296
     277
     289
     285
     340
     340
     332
     358
     411
     437
     491
     572
     600
     643
     794
     849
     902
    1079
    1184
    1256
    1292
    1374
    1433
    1520
    1559
    1604
    1658
    1533
    1553
    1456
    1335
    1209
    1006
     911
     726
     641
     555
     440
     366
     305
     308
     306
     251
     194
     206
     171
     171
     147
     155
     144
     145
     176
     159
     167
     184
     166
     145
     154
     173
     165
     166
     172
     162
     160
     174
     176
     190
     202
     170
     182
     213
     213
     220
     241
     262
     286
     276
     282
     308
     301
     342
     354
     345
     396
     432
     447
     472
     522
     520
     511
     549
     593
     612
     570
     602
     596
     657
     628
     623
     651
     579
     516
     483
     424
     340
     313
     261
     247
     219
     175
     171
     158
     161
     136
     154
     130
     118
     141
     114
     122
     111
     103
     112
     112
     118
     113
     103
     112
     128
     120
     112
     115
     139
     121
     124
     116
     113
     106
     123
      99
      98
     100
     113
      85
     109
     108
     103
     111
      96
      83
      83
      90
     101
      98
      98
      82
      89
      82
     108
     111
      93
     105
     102
     103
     100
      97
     107
     113
     134
     134
     126
     131
     148
     125
     127
     108
     131
     111
     131
      96
     125
     124
     114
     113
     100
     139
     123
     125
     144
     146
     146
     164
     160
     189
     194
     184
     221
     226
     238
     241
     254
     281
     269
     283
     310
     298
     306
     326
     304
     317
     272
     254
     236
     184
     177
     128
     162
     132
     128
     136
     136
     110
     120
     113
     124
     131
     107
     114
     108
     150
     136
     143
     143
     159
     168
     184
     181
     171
     171
     187
     226
     226
     218
     256
     239
     281
     318
     374
     402
     480
     522
     598
     630
     744
     851
     807
     850
     998
     997
    1031
    1088
    1147
    1078
    1135
    1119
    1065
     941
     850
     713
     637
     545
     452
     388
     326
     276
     233
     207
     185
     142
     149
      92
      88
      79
      92
      80
      60
      59
      62
      65
      70
      62
      72
      70
      51
      70
      61
      62
      61
      77
      61
      70
      67
      71
      61
      69
      60
      52
      54
      76
      54
      68
      64
      73
      64
      72
      59
      69
      54
      58
      80
      76
      79
      75
      69
     107
      94
      89
      96
     109
     119
     116
     137
     166
     186
     206
     209
     219
     250
     264
     315
     330
     410
     401
     470
     479
     568
     588
     614
     624
     667
     639
     727
     687
     751
     745
     742
     689
     672
     716
     647
     629
     590
     561
     536
     576
     538
     618
     544
     615
     571
     616
     618
     622
     582
     573
     550
     503
     442
     409
     348
     361
     278
     219
     210
     189
     165
     154
     124
     125
     107
      95
      72
      72
      63
      65
      59
      86
      64
      76
      73
      70
      80
      75
      79
      92
      98
     114
     132
     143
     138
     145
     149
     169
     162
     182
     180
     179
     186
     184
     168
     191
     176
     162
     157
     153
     156
     108
      93
     104
      92
      88
      66
      72
      67
      81
      76
      73
      74
      85
      67
      75
      75
      92
      94
     105
     116
     112
     126
     160
     171
     168
     216
     243
     278
     260
     286
     338
     338
     337
     364
     405
     401
     362
     380
     402
     375
     379
     337
     299
     253
     264
     219
     203
     173
     155
     128
     110
     105
     112
      93
     105
      85
      75
      67
     102
      77
      75
     106
      82
      89
      88
     102
     110
     106
     100
      97
     104
      96
      95
      94
      86
      91
      90
      94
      95
      89
      73
      91
      89
      85
      85
     101
      73
      90
     103
      96
     100
     135
     127
     135
     121
     150
     194
     196
     173
     182
     199
     198
     207
     197
     205
     178
     189
     175
     122
     104
     122
     114
      82
      78
      68
      69
      59
      47
      45
      48
      45
      42
      51
      40
      50
      46
      39
      34
      36
      27
      46
      33
      33
      37
      30
      42
      35
      41
      33
      37
      41
      38
      29
      41
      51
      44
      30
      41
      41
      35
      43
      41
      39
      34
      45
      56
      44
      41
      40
      62
      31
      39
      40
      41
      34
      30
      53
      46
      36
      45
      48
      46
      50
      45
      58
      47
      37
      66
      52
      55
      54
      62
      55
      38
      49
      48
      57
      61
      43
      47
      35
      43
      45
      38
      45
      43
      33
      40
      36
      32
      36
      27
      38
      30
      26
      32
      24
      22
      25
      31
      29
      36
      30
      27
      24
      31
      26
      32
      35
      28
      30
      44
      29
      30
      37
      30
      32
      24
      30
      32
      30
      32
      30
      32
      30
      28
      30
      34
      34
      35
      18
      34
      32
      40
      33
      37
      40
      43
      31
      35
      33
      35
      43
      46
      33
      39
      45
      48
      47
      55
      52
      56
      55
      47
      34
      42
      43
      48
      48
      35
      59
      45
      41
      43
      36
      50
      46
      31
      33
      55
      32
      44
      39
      45
      36
      28
      29
      37
      24
      35
      33
      29
      32
      34
      29
      34
      32
      26
      44
      33
      38
      38
      34
      39
      32
      27
      20
      28
      40
      32
      38
      29
      43
      36
      53
      42
      43
      38
      50
      27
      39
      45
      28
      41
      31
      34
      32
      31
      25
      25
      45
      28
      29
      38
      31
      25
      26
      31
      39
      37
      34
      29
      26
      22
      32
      36
      29
      28
      23
      34
      30
      27
      30
      29
      33
      35
      42
      31
      29
      27
      29
      32
      36
      30
      35
      47
      27
      31
      35
      32
      23
      31
      36
      42
      23
      36
      27
      22
      22
      27
      28
      28
      35
      23
      33
      27
      23
      27
      27
      21
      25
      29
      33
      39
      32
      34
      24
      16
      21
      27
      31
      39
      22
      33
      23
      35
      31
      22
      22
      27
      32
      20
      25
      28
      37
      34
      22
      35
      31
      43
      32
      39
      38
      37
      30
      32
      26
      41
      32
      27
      32
      31
      28
      16
      32
      28
      21
      21
      34
      31
      22
      30
      26
      26
      33
      29
      29
      25
      27
      37
      29
      34
      23
      43
      39
      43
      29
      32
      35
      41
      36
      47
      45
      54
      59
      58
      54
      54
      50
      56
      59
      64
      48
      62
      53
      55
      45
      42
      40
      24
      35
      32
      23
      35
      27
      32
      26
      27
      28
      27
      28
      24
      28
      32
      36
      20
      25
      29
      27
      22
      33
      17
      26
      24
      33
      25
      24
      30
      20
      24
      24
      36
      26
      22
      28
      31
      23
      29
      22
      36
      33
      28
      37
      22
      46
      29
      32
      26
      18
      24
      27
      23
      23
      33
      27
      29
      32
      20
      30
      22
      23
      26
      24
      26
      19
      19
      22
      34
      25
      21
      30
       9
      24
      38
      23
      21
      24
      29
      17
      21
      21
      21
      17
      26
      19
      20
      26
      24
      21
      32
      21
      23
      18
      22
      23
      31
      22
      23
      13
      29
      20
      19
      22
      16
      31
      17
      25
      23
      17
      20
      29
      22
      25
      24
      20
      24
      29
      20
      30
      22
      28
      21
      34
      33
      27
      27
      26
      24
      29
      18
      29
      25
      24
      25
      33
      23
      24
      18
      20
      18
      10
      22
      17
      20
      28
      20
      30
      24
      20
      14
      31
      19
      26
      22
      25
      17
      13
      20
      28
      25
      20
      24
      21
      20
      21
      18
      26
      22
      18
      24
      25
      24
      25
      29
      30
      22
      31
      22
      28
      20
      17
      21
      24
      17
      25
      24
      17
      26
      26
      21
      26
      29
      22
      19
      26
      27
      27
      28
      17
      20
      34
      27
      26
      24
      29
      32
      29
      22
      39
      25
      31
      25
      30
      27
      27
      29
      26
      26
      20
      29
      32
      27
      25
      28
      28
      23
      33
      24
      25
      25
      22
      16
      23
      14
      19
      25
      16
      28
      24
      20
      16
      21
      24
      31
      24
      22
      21
      27
      13
      21
      31
      25
      21
      19
      13
      20
      14
      14
      28
      25
      19
      24
      19
      19
      24
      27
      27
      30
      22
      24
      21
      15
      23
      18
      22
      26
      22
      21
      31
      30
      26
      18
      26
      26
      29
      24
      25
      19
      23
      29
      14
      31
      26
      31
      16
      20
      24
      21
      25
      22
      23
      17
      22
      29
      18
      33
      23
      13
      24
      25
      32
      22
      21
      16
      23
      17
      22
      16
      22
      16
      29
      16
      23
      20
      33
      25
      28
      21
      25
      12
      26
      29
      24
      35
      18
      19
      29
      31
      14
      29
      23
      23
      21
      25
      30
      24
      19
      24
      27
      26
      22
      20
      24
      15
      23
      25
      26
      24
      19
      16
      19
      20
      21
      16
      17
      24
      16
      19
      18
      22
      17
      28
      13
      16
      21
      21
      21
      11
      11
      19
      15
      11
      24
      23
      17
      26
      19
      23
      24
      19
      16
      21
      21
      17
      21
      17
      23
      24
      21
      15
      16
      22
      16
      14
      20
      11
      18
      16
      15
      21
      23
      22
      21
      21
      20
      16
      13
      22
      18
      23
      25
      15
      22
      24
      17
      19
      22
      19
      18
      20
      12
      22
      13
      12
      17
      28
      19
      17
      24
      23
      18
      25
      24
      20
      25
      16
      26
      19
      22
      22
      20
      21
      25
      26
      20
      15
      18
      16
      26
      27
      19
      17
      27
      18
      15
      23
      22
      18
      20
      16
      17
      18
      17
      23
      14
      25
      13
      17
      18
      29
      33
      28
      22
      20
      25
      19
      15
      11
      21
      14
      13
      27
      14
      15
      23
      14
      14
      18
      22
      12
      13
      20
      18
      22
      19
      22
      15
      17
      12
      18
      18
      21
      16
      20
      17
      26
      15
      27
      22
      18
      15
      22
      26
      24
      16
      16
      27
      16
      11
      15
      19
      21
      24
      17
      26
      12
      15
      20
      25
      28
      19
      16
      20
      14
      18
      20
      24
      26
      14
      18
      17
      15
      14
      14
      12
      21
      23
      19
      20
      23
      18
      20
      14
      15
      15
      13
      18
      15
       9
      13
      13
      17
      17
      11
      22
      20
      18
      10
      16
      18
      19
      14
      16
      23
      17
      15
      17
      25
      10
      14
      13
      12
      22
      14
      18
      19
      14
      12
      15
      19
      13
      18
      14
      16
      15
      18
      13
      14
      20
      16
      13
      15
      15
      22
      19
      15
      25
      16
      17
      14
      17
      11
      20
      25
      20
      18
      14
      15
      18
      16
       9
      22
      22
      17
      25
      13
      24
      16
      21
      16
      27
      21
      20
      30
      26
      29
      22
      23
      22
      24
      33
      20
      27
      31
      22
      35
      24
      28
      24
      22
      24
      26
      27
      21
      25
      29
      23
      23
      21
      17
       9
      22
      20
      19
      17
       9
      11
      16
       9
      19
      16
      15
      15
      11
      18
       7
      16
      17
      17
      21
      12
       9
      23
      20
      22
      16
      20
      18
      14
      22
      10
      16
      18
      12
      16
      18
      13
      18
      10
      13
      20
      13
      17
      13
      12
      13
      19
      15
       9
      17
      17
      12
      18
      14
       9
      27
      20
      12
      12
      16
      12
      18
      19
      22
      20
      18
      23
      19
      13
      16
      12
      13
      22
      15
      13
      19
      16
      20
      21
      17
      24
      20
      12
      16
      27
      13
       8
      18
      15
      15
      14
      10
      21
      20
      18
      14
      17
      15
      16
      11
      20
      16
      17
      19
      21
      21
      20
      16
      14
      16
      15
      11
       9
      16
      20
      15
      17
      14
      15
      19
      15
      18
      10
      13
      12
      25
      19
      19
      20
      19
      20
      20
      19
      18
      20
      25
      23
      24
      20
      23
      29
      22
      23
      22
      27
      35
      21
      28
      24
      18
      19
      28
      16
      22
      19
      13
      15
      15
      16
      17
      15
      15
      18
      12
      12
      13
       7
      18
      12
      18
      11
      15
       8
       3
      15
      16
      17
      15
      20
      10
      15
      13
      14
      15
      11
      16
      13
      12
      17
      14
       9
      16
      10
      18
       8
       6
      10
      15
      18
      10
      16
      18
       9
      18
      14
      12
      12
      11
      16
      11
      14
      13
       9
      12
      10
      13
      17
      17
       7
      16
      19
      12
      19
      13
      13
       8
      16
      10
      13
      18
      12
      13
      12
      13
      12
      16
      10
      15
      11
      12
      19
       9
      11
      16
      16
       8
       8
      20
      11
      12
      15
       6
      11
      29
      16
      12
      19
      10
      15
      12
      18
      18
      11
      17
      16
       9
      12
      20
      21
      13
       8
      19
      19
      18
      17
      12
      13
      14
      16
      13
      12
      16
      21
      19
      10
      11
       6
      16
      15
      12
       8
      18
       9
       7
      16
       8
      14
      17
      11
       5
      10
       9
      13
      13
       9
      14
      12
      12
       8
      12
      10
      14
      16
      10
      13
       9
      11
       8
      17
      10
      16
      14
      12
      13
      14
      12
      18
       5
       7
      13
      16
       6
      14
      10
      12
      12
       9
       6
      15
       9
      19
      12
      17
       9
      14
       9
      17
      10
      12
      16
      19
      18
      13
       9
      12
      21
      11
      11
      14
       9
       8
      18
      12
      10
      10
      15
       8
      18
      13
       6
      10
      16
      11
       6
      13
      13
      12
      11
      14
       9
      18
      11
      14
      15
      12
      11
      13
      11
      15
      15
      13
      18
      18
      10
      15
      17
      21
      13
      25
      16
      23
      21
      22
      17
      23
      15
      16
      32
      29
      25
      28
      28
      32
      29
      34
      32
      28
      33
      44
      29
      36
      36
      40
      38
      37
      38
      38
      28
      39
      34
      40
      29
      28
      31
      24
      24
      27
      10
      18
      16
      17
      20
      19
      10
      21
      20
      19
      13
      11
       8
       8
      10
       7
      11
      11
      10
      17
      11
      14
      10
      10
       6
      11
      16
      12
      16
      14
      12
       9
       9
       9
       9
      17
       7
      20
      10
      13
      12
      13
      14
      12
      12
      12
      14
       8
       5
       9
       8
      10
       9
      17
      14
      17
      16
       9
      14
      10
      11
      14
       8
      14
      13
      14
      14
       6
      13
      13
      10
       9
       8
       9
       7
       9
      12
      15
      15
      17
      11
       8
      14
      19
      12
       9
      12
      11
      10
      11
       3
       7
       9
      12
      12
      11
       7
       9
       7
      10
      12
      10
      12
      12
      11
       5
      14
      13
      11
      14
       9
      11
      10
       9
       7
       9
      11
      12
       5
       9
       9
      15
       9
      11
       5
      16
      10
      10
      10
      12
      10
      12
      10
       7
      11
      17
      11
      10
       9
       9
       3
       7
       7
      14
      12
       7
       9
      10
       5
       9
      11
      12
      10
      17
      11
       7
      10
      16
       9
      21
       7
      14
      14
      12
       9
      11
       4
       6
      13
      10
      11
      15
       8
      11
      12
      14
       6
      15
       9
      19
       9
      11
       8
       8
      10
      10
      10
      14
      11
      12
       8
       8
      11
      10
      19
       9
      18
       7
      20
      17
      15
      10
      20
      19
      20
      13
      23
      16
      19
      17
      33
      31
      22
      31
      28
      20
      33
      25
      36
      25
      41
      28
      40
      37
      35
      22
      35
      23
      27
      29
      23
      19
      15
      23
      15
       9
      11
      13
      11
      19
       8
      12
      10
       9
      14
       8
      13
      13
       6
      17
      13
      11
      11
       9
      14
      14
       9
      10
      12
      15
      11
      10
      12
      12
       7
      11
       5
       6
       9
      13
       8
       8
      14
      15
      17
      10
       6
      18
      16
      15
       8
      12
      12
      12
      10
      15
       7
      11
      10
      15
      18
      10
      18
       9
       7
       8
      12
       9
      18
      15
       9
      16
      17
      10
       6
       5
      10
       5
      12
       9
      15
      11
      10
      10
      12
      11
       7
       8
      10
      12
       7
       9
      11
      11
       7
       5
       9
      12
      10
       9
       7
      15
      10
       5
      14
      12
      10
      11
      11
      10
       5
      12
      10
       6
       9
      11
      10
       9
      15
       9
      11
      15
       5
      11
      11
      10
       7
       7
      15
      12
      13
       1
       6
      10
      11
      12
       8
       8
       8
       9
       6
      13
      10
       5
       6
      11
      16
      11
      17
       7
       7
      13
       6
       8
       7
      12
      12
       7
      10
      12
       9
      17
      13
      10
       9
       7
      13
      16
       8
      10
       8
       7
       8
       8
      14
      13
      11
       9
      10
      10
       7
      11
      12
       7
      11
      14
       5
      11
       5
      11
       3
      13
       7
       9
       7
      10
       5
      11
       8
      15
       8
      14
      11
      13
      11
      11
      10
      13
       9
      11
       6
       7
      10
      14
      12
       9
      12
       8
      10
      10
      20
       5
       9
       5
      10
       4
       3
       9
      13
       8
      11
      11
      14
      15
      10
       6
       8
       9
       9
       9
       5
      11
      10
      11
       6
       8
      10
      11
       6
       6
       7
       8
       8
      13
      10
       3
      11
       8
      10
      10
       7
      12
      12
       6
       6
       7
      12
      13
      10
      11
       9
       7
       7
      11
      11
       7
      13
      14
       9
       9
       9
       7
       9
      11
       4
       8
      14
       9
      13
       8
       5
       5
      11
       4
       5
       7
      11
       7
      10
      13
      12
      15
       7
      12
       8
      13
      10
       5
      13
       9
      14
      15
      11
       6
       6
       9
       4
       5
      13
       7
       9
       8
       7
       7
      13
       6
      10
      10
       9
       4
      11
      10
       5
       4
      16
       8
       8
      13
       7
      13
      10
       7
       7
      10
      13
       8
      12
       7
      15
       8
      10
      11
      12
       6
       8
      10
      11
       5
      11
       7
       4
       6
       8
       8
      10
       6
      13
      16
      10
      10
      11
       8
       5
       7
       6
       9
       7
       4
       6
       6
       9
      12
      10
      13
       2
      10
       9
       9
       9
       8
       6
       3
       8
      15
      10
      12
       7
      13
      13
       5
       6
      10
       7
      12
       9
       6
       8
      10
       7
      12
      11
      10
      10
       8
      10
      13
      11
       7
       7
       5
       8
       7
       7
      10
       6
      11
       8
       5
       4
       6
       8
       8
      13
       9
       6
      11
       7
      11
      12
       8
       9
       6
      11
       7
       5
      10
      11
       6
      12
      13
       9
       8
      12
       6
      12
       9
      12
      10
       8
      10
      14
      10
       9
       5
       2
       3
      12
       7
       7
       7
       6
      14
       7
       5
       8
      12
       6
      11
       7
       7
       9
       4
      15
       6
      12
       8
       8
       7
       7
       6
       9
       4
       5
       8
       9
      15
       8
       6
       6
       8
       8
       7
       6
       9
       9
       8
       5
      12
      15
      10
       9
      14
       7
      12
       8
       7
       8
       9
      12
      18
       8
      10
       6
      12
       8
      13
       7
      12
       5
       9
      13
      14
       7
       7
       9
      12
       7
       8
       6
       6
      12
      18
       5
      11
       4
      11
       4
       9
       7
       9
       8
       8
       9
       5
       8
      10
       4
      10
       4
      14
       8
      11
       7
      10
       8
       8
      12
      11
      11
       9
      13
      11
      12
       9
       8
       7
       6
       7
       7
      13
       7
       6
       9
      13
      15
       6
      11
      10
       6
       9
       5
      11
      11
       5
       4
      12
      11
       7
       6
       6
      12
       8
       4
       5
      14
       8
       5
       5
       7
       7
       6
      13
       6
       9
      10
       7
       7
      10
      10
       5
       7
       8
       6
       4
       9
      10
       6
       8
       7
      14
       6
      11
       6
      12
       7
      14
       8
       8
       8
      13
       8
       6
       6
       5
       7
       7
      13
       9
       7
       9
       5
       6
      14
       5
       9
      10
       6
      14
       8
       9
      14
      10
       4
      10
      10
       2
      12
       5
      13
       3
      10
       9
       9
      10
       8
      10
       9
      10
       7
       5
       7
       8
       5
      10
       9
      11
      10
      10
       9
      11
       5
       8
      10
       8
      11
       6
       6
      10
       9
       8
      10
       9
      10
       9
       8
       8
       7
       9
       8
       7
      11
       4
      14
      11
       9
      11
       6
       8
       7
      12
      18
       9
       8
       3
       8
      10
       3
       9
       9
      11
       3
      11
       7
       9
       9
       3
      12
       9
       6
       6
       7
       8
       7
       5
      15
      11
       7
       9
      12
       5
       8
       7
       9
       7
       3
      14
      11
       5
       9
       6
       7
      10
       3
       7
       8
       4
       6
      13
       9
       7
       6
      12
      10
       4
       9
       9
      11
       4
      14
       3
      10
       8
       9
      12
       6
      11
       6
      10
      10
       8
      14
       9
       7
       7
       3
       5
       9
       8
       8
       4
      10
      12
       8
       8
      13
       4
       9
       5
       7
       9
      12
       8
      17
       7
       4
       8
      12
       3
       9
      10
      12
       6
       6
       5
       8
       3
       5
       8
      10
       6
       5
       5
       6
       8
      10
       6
      10
      10
       8
      10
      12
       7
      10
       8
       3
      17
       4
      10
       8
       4
       8
       6
      11
      10
       9
       9
       9
      14
       9
      11
      11
       8
       6
      11
       9
      14
       7
       7
       9
      12
       3
       8
      10
       6
       7
      10
      13
      10
       8
      10
       6
       8
       7
      11
      10
       4
      10
      13
       6
       7
      10
       5
       9
      10
      12
       4
       8
      15
       6
       8
       5
       8
       6
      11
      11
       3
       9
       6
       4
       7
       5
       8
       8
       6
       7
       7
       8
       7
       5
      13
       5
       5
       7
      13
      13
       4
       6
      11
       7
       9
       5
       6
      12
       7
       5
      10
       3
       8
       7
       2
      11
      16
      10
       7
       5
       6
      10
      10
       7
      11
       9
       7
       9
       8
       6
       2
       4
       8
       9
       6
       8
      12
       7
       4
       9
       6
      10
      10
      14
       6
       9
      14
       6
       9
       9
       7
      11
       7
       9
       7
       9
       8
      11
       8
       8
      11
      10
      11
      12
       9
       8
       7
       9
      10
       7
      10
      16
      10
       5
       6
      10
       5
       9
       7
       7
      11
      12
       6
      10
       5
       8
       5
      10
       7
       4
       8
       8
      11
       1
       5
       9
       7
       7
       6
      15
       4
      10
       6
       4
       4
       9
       6
       7
       8
       6
       7
      12
       8
      13
      11
       9
       6
       7
       4
       8
      11
       8
      11
       6
       8
       7
       4
       4
       2
       7
       7
       8
      11
       8
       8
       7
       6
       9
       9
       9
       8
       8
      14
       6
       6
       6
       7
      12
       2
       2
       5
       6
       8
       6
      11
       5
       6
      10
       7
      15
      14
       8
      10
      10
       7
      11
      10
      13
       8
       8
       7
       3
       8
       8
       7
       9
       6
       6
       9
       5
       7
       7
      10
      12
      12
      13
       5
      11
      10
       9
       6
       5
       9
       8
       5
       9
       6
       5
       7
       6
       5
       7
       6
      11
       5
      11
      10
       6
       7
       9
       8
       9
       2
       8
       5
      12
       7
      11
       7
      12
       8
       4
       9
      12
       7
       6
      13
       7
       6
       7
       6
       7
       6
       9
      11
       7
       5
      12
       8
       4
       8
       6
       9
      11
       6
       9
      15
      11
       9
       8
       8
       7
      10
       5
       6
      11
       9
       9
      14
       8
       5
       5
       5
       8
      12
      10
       6
       7
       9
       5
       7
       5
      11
       9
       6
      10
       4
       7
       8
       7
       8
       9
       8
      11
       6
       6
       7
       4
       8
       5
      10
      12
       6
       7
       5
       8
       9
      11
       7
       3
       4
       7
       7
       6
       6
       6
      10
       8
       5
       6
       6
       5
       9
       6
       4
       5
       5
       7
       5
       4
      10
      11
       6
       5
       9
      10
       5
       3
       6
       9
       8
       9
       5
      12
       9
      11
       7
      11
       7
       8
       5
       5
       6
       9
       6
       9
       4
       7
       5
       7
       9
       7
       6
       7
       4
       5
       5
       8
      10
       8
       3
       7
       5
       3
       5
      10
       7
       6
       9
      11
      10
       8
       5
       8
       5
       4
       6
       4
       8
       5
       6
       2
       9
      16
       7
      11
      10
       6
      12
       7
       6
       7
       4
       5
      11
       8
      12
       5
       5
       9
       6
      10
       6
       4
       3
       5
      10
       5
      10
       8
      15
       7
       8
      10
       7
       5
       6
       6
       8
       8
       7
       6
      11
       6
       4
       9
       9
       9
       7
       4
       8
       8
       6
       7
      11
       3
      11
       4
       7
       6
      13
       6
       5
       6
       8
       3
       4
       6
       4
       8
       7
       9
      15
      14
       5
       5
       8
       7
      14
       9
      10
       5
       6
       5
       7
      13
       4
       6
       7
      11
      10
       8
       5
       7
      10
       7
      10
       6
      10
       7
       5
       4
       7
       3
       0
       1
       1
       0
       0
       0
       0
       0
       0
       0
       0
       0
       0
       0
       0
       0
       0
       0
       0
       0
       0
       0
       0
       0
       0
       0
       0
       0
       0
       0
       0
       0
       0
       0
       0
       0
       0
       0
       0
       0
       0
       0
       0
       0
       0
       0
       0
       0
       0
       0
       0
       0
       0
       0
       0
       0
       0
       0
       0
       0
       0
       0
       0
       0
       0
       0
       0
       0
       0
       0
       0
       0
       0
       0
       0
       0
       0
       0
       0
       0
       0
       0
       0
       0
       0
       0
       0
       0
       0
       0
       0
       0
       0
       0
       0
       0
       0
       0
       0
       0
       0
       0
       0
       0
       0
       0
       0
       0
       0
       0
       0
       0
       0
       0
       0
       0
       0
       0
       0
       0
       0
       0
       0
       0
       0
       0
       0
       0
       0
       0
       0
       0
       0
       0
       0
       0
       0
       0
       0
       0
       0
       0
       0
       0
       0
       0
       0
       0
       0
       0
       0
       0
       0
       0
       0
       0
       0
       0
       0
       0
       0
       0
       0
       0
       0
       0
       0
       0
       0
       0
       0
       0
       0
       0
       0
       0
       0
       0
       0
       0
       0
       0
       0
       0
       0
       0
$ROI:
2
841 861
3244 3286
$PRESETS:
None
0
0
$ENER_FIT:
-0.340452 0.397081
$MCA_CAL:
3
-3.404519E-001 3.970808E-001 2.454251E-008 keV
$SHAPE_CAL:
3
2.851998E+000 3.101786E-003 -4.032600E-008
