$SPEC_ID:
Cs137
$SPEC_REM:
DET# 2
DETDESC# DETECTOR 2
AP# GammaVision Version 7.01.03
$DATE_MEA:
02/26/2017 10:13:08
$MEAS_TIM:
97 103
$DATA:
0 8191
       0
       0
       0
       0
       0
       0
       0
       0
       0
       0
       0
       0
       0
       0
       0
       0
       0
       0
       0
       0
       0
       0
       0
       0
       0
       0
       0
       0
       0
       0
       0
       0
       0
       0
       0
       0
       0
       0
       0
       0
       0
       0
       0
       0
       0
       0
       0
       0
       0
       0
       0
       0
       0
       0
       0
       0
       0
       0
       0
       0
       0
       0
       0
       0
       0
       0
       0
       0
       0
       0
       0
       0
       0
       0
       0
       0
       0
       0
       0
       0
       0
       0
       0
       0
       0
       0
       0
       0
       0
       0
       0
       0
       0
       0
       0
       0
      35
     445
     496
     299
     226
     221
     206
     184
     225
     208
     187
     209
     207
     197
     192
     161
     182
     188
     174
     192
     181
     185
     189
     175
     185
     182
     181
     194
     172
     186
     190
     156
     181
     184
     179
     186
     185
     166
     213
     176
     168
     194
     167
     159
     179
     166
     150
     194
     189
     162
     161
     181
     169
     175
     176
     209
     176
     167
     203
     160
     171
     165
     167
     190
     175
     170
     202
     164
     205
     169
     182
     164
     179
     185
     170
     189
     156
     167
     168
     182
     162
     182
     168
     185
     158
     180
     176
     171
     205
     160
     169
     197
     230
     219
     232
     185
     194
     213
     254
     259
     220
     188
     178
     175
     185
     174
     170
     177
     153
     149
     157
     156
     192
     163
     159
     143
     160
     168
     172
     157
     157
     185
     150
     190
     213
     195
     176
     157
     182
     163
     175
     190
     166
     157
     160
     155
     155
     189
     165
     152
     162
     177
     166
     176
     167
     153
     146
     140
     146
     164
     153
     133
     140
     192
     170
     155
     159
     153
     177
     160
     167
     161
     185
     156
     150
     151
     156
     167
     158
     159
     152
     175
     154
     150
     153
     137
     128
     144
     179
     127
     171
     138
     165
     163
     156
     170
     151
     165
     149
     162
     158
     167
     184
     163
     160
     158
     162
     153
     143
     168
     168
     160
     153
     174
     135
     151
     142
     155
     157
     165
     142
     152
     170
     167
     154
     152
     148
     175
     166
     155
     165
     180
     153
     164
     144
     159
     143
     162
     185
     142
     170
     138
     162
     157
     149
     145
     135
     161
     158
     168
     183
     148
     153
     150
     162
     174
     163
     158
     160
     165
     160
     183
     170
     164
     169
     167
     169
     151
     161
     144
     160
     149
     175
     147
     160
     133
     169
     174
     152
     173
     179
     174
     139
     147
     128
     165
     143
     155
     141
     150
     165
     162
     185
     162
     159
     160
     154
     152
     168
     136
     147
     158
     174
     156
     133
     165
     166
     145
     153
     178
     143
     164
     154
     132
     150
     185
     177
     156
     154
     162
     152
     151
     168
     146
     148
     154
     177
     179
     173
     148
     124
     156
     174
     181
     161
     158
     154
     153
     151
     135
     154
     167
     188
     158
     163
     163
     162
     159
     124
     175
     151
     161
     148
     150
     151
     164
     173
     151
     150
     185
     180
     170
     168
     167
     139
     160
     163
     170
     181
     153
     161
     176
     165
     173
     165
     152
     155
     149
     180
     168
     161
     142
     144
     161
     172
     179
     157
     158
     153
     184
     168
     182
     188
     192
     200
     241
     247
     220
     235
     223
     253
     207
     243
     233
     213
     225
     263
     236
     217
     224
     230
     233
     223
     229
     256
     214
     203
     203
     211
     231
     225
     244
     233
     213
     221
     216
     217
     219
     212
     219
     218
     200
     234
     223
     218
     192
     192
     218
     202
     204
     199
     204
     196
     228
     196
     199
     222
     183
     205
     228
     210
     186
     186
     211
     217
     194
     221
     201
     177
     189
     170
     210
     210
     191
     217
     190
     228
     195
     174
     173
     176
     199
     194
     209
     180
     188
     190
     171
     193
     192
     204
     167
     181
     185
     166
     200
     197
     170
     184
     163
     176
     186
     175
     169
     165
     184
     189
     169
     167
     170
     187
     190
     166
     150
     174
     138
     167
     176
     182
     156
     185
     161
     200
     169
     192
     180
     167
     161
     186
     159
     184
     200
     162
     160
     172
     176
     154
     182
     152
     180
     193
     195
     175
     176
     148
     174
     152
     159
     159
     183
     182
     166
     173
     167
     174
     150
     183
     180
     173
     175
     164
     146
     175
     185
     167
     187
     184
     181
     160
     166
     189
     160
     174
     157
     187
     190
     129
     159
     167
     172
     148
     163
     177
     165
     140
     190
     159
     160
     160
     185
     150
     159
     170
     164
     170
     167
     188
     169
     168
     159
     154
     175
     147
     172
     144
     158
     177
     164
     167
     156
     157
     158
     192
     154
     163
     144
     160
     167
     165
     162
     146
     155
     160
     157
     137
     152
     155
     175
     161
     165
     144
     163
     153
     178
     150
     171
     165
     161
     166
     169
     175
     136
     156
     153
     173
     156
     162
     149
     156
     171
     169
     155
     158
     153
     182
     159
     182
     151
     151
     166
     155
     155
     178
     174
     169
     193
     177
     154
     142
     164
     157
     137
     160
     156
     171
     149
     142
     147
     159
     157
     152
     151
     172
     160
     159
     143
     169
     165
     158
     156
     170
     160
     167
     152
     163
     159
     155
     177
     162
     164
     168
     168
     156
     175
     150
     158
     180
     153
     139
     153
     162
     166
     162
     153
     154
     157
     149
     155
     169
     160
     159
     157
     198
     142
     129
     167
     158
     156
     146
     153
     167
     124
     171
     170
     183
     143
     152
     156
     169
     165
     154
     167
     168
     166
     161
     178
     167
     170
     153
     146
     142
     161
     137
     147
     157
     152
     166
     155
     164
     157
     147
     164
     160
     164
     149
     167
     154
     159
     176
     183
     158
     159
     174
     148
     165
     157
     160
     173
     157
     155
     158
     174
     177
     167
     166
     179
     164
     171
     151
     151
     153
     169
     169
     147
     172
     193
     157
     176
     146
     144
     177
     166
     144
     159
     163
     182
     163
     168
     172
     160
     176
     174
     171
     159
     180
     158
     166
     144
     159
     164
     152
     162
     133
     165
     172
     179
     179
     159
     179
     173
     158
     158
     197
     172
     174
     169
     175
     168
     192
     163
     179
     182
     167
     182
     145
     154
     172
     157
     193
     182
     160
     166
     172
     162
     162
     165
     174
     159
     188
     183
     187
     166
     183
     172
     177
     175
     179
     161
     183
     193
     183
     180
     194
     176
     160
     193
     157
     175
     186
     188
     172
     163
     187
     172
     178
     182
     166
     196
     163
     183
     196
     187
     182
     158
     170
     162
     162
     192
     194
     174
     184
     198
     178
     179
     194
     182
     181
     163
     186
     183
     194
     174
     184
     176
     191
     189
     167
     212
     198
     205
     179
     168
     192
     167
     174
     187
     181
     178
     203
     186
     181
     176
     181
     199
     176
     197
     190
     179
     208
     210
     209
     203
     199
     195
     198
     192
     222
     196
     170
     185
     173
     195
     216
     184
     175
     190
     200
     171
     197
     232
     211
     189
     185
     185
     204
     206
     214
     190
     194
     180
     208
     206
     231
     190
     197
     201
     193
     210
     201
     203
     204
     199
     221
     204
     199
     229
     216
     207
     204
     213
     186
     213
     200
     202
     196
     200
     198
     212
     211
     189
     225
     221
     204
     233
     228
     244
     222
     239
     246
     205
     198
     231
     222
     240
     223
     244
     240
     215
     220
     218
     222
     201
     218
     193
     217
     235
     226
     240
     238
     250
     224
     223
     230
     230
     212
     219
     258
     229
     230
     204
     233
     250
     239
     237
     239
     248
     216
     243
     234
     238
     242
     245
     262
     236
     235
     252
     222
     231
     243
     237
     259
     233
     263
     241
     254
     241
     249
     231
     239
     249
     264
     265
     261
     266
     288
     250
     231
     244
     251
     261
     253
     260
     266
     286
     280
     256
     274
     251
     260
     254
     260
     265
     278
     264
     297
     263
     275
     309
     285
     251
     287
     242
     286
     256
     301
     302
     294
     309
     277
     283
     280
     295
     303
     290
     282
     287
     292
     314
     278
     279
     284
     297
     283
     305
     300
     288
     270
     295
     310
     317
     318
     296
     295
     304
     308
     319
     291
     290
     292
     320
     324
     326
     336
     293
     331
     321
     277
     327
     300
     311
     289
     313
     298
     320
     316
     332
     313
     304
     295
     314
     330
     286
     274
     255
     262
     277
     264
     247
     267
     231
     256
     190
     220
     226
     222
     249
     192
     184
     191
     199
     200
     188
     169
     170
     178
     186
     212
     188
     168
     174
     159
     195
     169
     149
     162
     153
     175
     163
     152
     174
     159
     148
     170
     171
     144
     173
     124
     148
     136
     175
     142
     152
     139
     150
     167
     171
     140
     150
     124
     134
     129
     142
     128
     163
     126
     137
     156
     120
     117
     101
     131
     138
     141
     126
     122
     153
     118
     141
     126
     126
     120
     112
     107
     118
     130
     112
     112
     120
     129
     115
     107
     119
     102
     107
     113
     104
     105
     122
     113
     119
     109
     102
     104
      93
     112
      96
     114
      93
     117
     121
      94
     115
     118
     123
     113
      99
     122
     111
     100
      90
     105
      96
      94
      93
     105
     104
     103
     101
     105
      87
     104
      95
      78
     111
      85
      81
      83
      88
      83
      73
      84
      88
      89
      81
      89
      67
      93
      83
      80
      95
      80
      89
      60
      99
      73
      81
      78
      76
      81
      79
      77
      78
      80
      65
      74
      67
      77
      81
      71
      83
      64
      66
      72
      67
      55
      64
      73
      60
      51
      69
      50
      68
      49
      64
      61
      57
      62
      69
      54
      57
      65
      56
      52
      53
      54
      39
      45
      49
      55
      55
      51
      52
      43
      56
      37
      34
      55
      48
      49
      43
      45
      53
      39
      39
      45
      47
      41
      37
      30
      41
      39
      42
      35
      35
      53
      35
      42
      39
      35
      31
      40
      24
      39
      39
      40
      27
      38
      35
      42
      31
      34
      34
      41
      27
      25
      36
      24
      27
      30
      29
      27
      37
      29
      20
      35
      17
      32
      32
      34
      24
      22
      33
      25
      36
      31
      30
      27
      32
      35
      32
      36
      18
      33
      23
      31
      38
      27
      28
      24
      24
      41
      33
      20
      22
      23
      32
      19
      28
      22
      30
      26
      26
      24
      29
      30
      26
      25
      20
      18
      25
      30
      32
      23
      23
      28
      23
      26
      29
      36
      22
      18
      20
      21
      18
      18
      19
      23
      16
      28
      22
      22
      23
      23
      23
      25
      28
      25
      17
      21
      24
      30
      24
      22
      20
      25
      28
      28
      19
      21
      24
      25
      31
      25
      19
      23
      22
      21
      28
      21
      16
      29
      23
      18
      23
      23
      23
      30
      12
      14
      22
      24
      23
      19
      23
      27
      17
      24
      18
      22
      22
      27
      18
      22
      21
      31
      29
      16
      23
      22
      16
      23
      22
      15
      26
      22
      21
      12
      36
      21
      27
      30
      27
      20
      22
      25
      21
      23
      26
      11
      24
      19
      16
      17
       9
      16
      22
      23
       9
      29
      21
      25
      29
      16
      19
      23
      19
      24
      15
      34
      13
      29
      20
      34
      20
      24
      25
      28
      14
      22
      23
      19
      28
      14
      19
      22
      19
      25
      20
      20
      25
      30
      26
      23
      28
      22
      24
      16
      25
      20
      16
      17
      27
      28
      25
      19
      34
      23
      17
      30
      34
      19
      16
      29
      29
      23
      23
      15
      29
      22
      24
      28
      26
      23
      32
      37
      26
      25
      28
      34
      46
      93
     237
     716
    1845
    4563
    8817
   14746
   19662
   20790
   17255
   11212
    6077
    2716
    1029
     417
     182
      75
      60
      42
      43
      35
      38
      45
      28
      34
      21
      22
      22
      21
      28
      23
      27
      27
      25
      22
      30
      23
      16
      25
      18
      14
      24
      19
      21
      13
      16
      18
      19
      14
      17
      25
      15
      21
      18
      23
      13
      16
      16
      10
      21
      14
       9
      19
      12
      17
      13
      17
      15
      15
      12
      12
      22
      13
      14
      10
      12
      16
      11
      15
      17
      18
      13
      10
      13
      13
      16
      19
      12
      11
      23
      25
      19
      15
      24
      17
      11
       7
      10
       9
      18
       9
      10
       6
      11
       5
       7
      10
       7
       7
       5
       9
      11
       7
      11
      12
      10
       6
       6
       7
      10
       5
       5
       7
      12
       4
       3
       4
       5
      16
       3
       8
       8
       2
       4
       6
       5
       8
      11
       4
      14
       8
      10
       5
       3
       6
      10
       7
       2
       8
       6
       7
       5
      10
       7
       4
       8
       4
       9
       3
       8
       4
       9
       6
       3
       7
       6
       4
      13
       9
       5
       4
       5
       7
       5
       7
       5
       7
       7
       9
       8
       2
       6
      13
       7
       7
       9
      10
       4
       7
       3
       4
       5
       4
       5
       2
       6
       5
       7
       3
       5
      12
       8
       9
       3
       7
       7
      10
       6
       6
       4
       5
       7
       5
       7
       8
       3
       8
       8
       5
       3
       4
       9
       6
       7
       6
       2
       6
       4
       6
       8
       3
       4
       4
       4
       5
       8
       9
       9
       6
       2
       8
       5
       5
       4
       7
       0
       6
       5
       3
       6
       3
       1
       6
       4
       6
       5
       4
       2
       7
       5
       2
       5
       4
       6
       5
       8
       3
       5
       0
       7
       8
       3
       8
       7
       7
       3
       5
       3
       4
       2
       8
       4
       2
       5
       3
       1
       2
       4
       7
       6
       3
       7
       2
       3
       6
       4
       3
       3
       2
       3
       6
       1
       5
       8
       5
       3
       1
       4
       6
       3
       2
       5
       1
       3
       6
       1
       4
       6
       7
       4
       7
       4
       2
       6
       9
       7
       2
       2
       5
       4
       4
       5
       2
       5
       3
       5
       7
       4
       7
       2
       8
       8
       1
       7
       4
       4
       2
       6
       5
       3
       4
       4
       8
       5
       2
       8
       5
       5
       5
       4
       5
       4
       2
       2
       3
       6
       2
       4
       4
       3
       5
       6
       3
       9
       7
       8
       5
       5
       5
       5
       3
       9
       7
       2
       2
       6
       4
       3
       7
       3
       4
       4
       5
       5
       4
       2
       2
       9
       5
       6
       4
       3
       6
       8
       2
       2
       3
       6
       5
       3
       3
       4
       3
       4
       6
       5
       3
       4
       4
       5
       5
       5
       2
       2
       6
       6
       5
       3
       6
       8
       2
       5
       6
       2
       4
       4
       6
       9
       5
       3
       5
       4
       3
       3
       2
       6
       4
       7
       6
       4
       6
       2
       6
       2
       5
       4
       5
      12
       1
       2
       4
       2
       5
       1
       1
       2
       3
       3
       3
       5
       1
       1
       3
       6
       3
       2
       1
      11
       3
       5
       3
       4
       8
      13
       2
       4
       3
       4
       3
       6
       6
       3
       0
       0
       3
       5
       4
       3
       3
       4
       0
       2
       3
       5
       2
       5
       2
       5
       3
       2
       5
       3
       2
       3
       3
       3
       1
       6
       2
       3
       6
       2
       3
       2
       2
       5
       3
       2
       2
       6
       1
       4
       2
       5
       2
       4
       2
       2
       2
       1
       3
       6
       4
       4
       4
       2
       2
       5
       2
       8
       0
       2
       4
       3
       5
       2
       2
       1
       1
       4
       5
       3
       3
       2
       5
       5
       2
       2
       2
       2
       1
       2
       0
       0
       2
       4
       1
       4
       3
       3
       2
       3
       3
       7
       5
       2
       1
       4
       3
       2
       5
       2
       1
       4
       6
       3
       2
       2
       2
       2
       3
       3
       1
       3
       3
       4
       4
       7
       0
       2
       2
       1
       8
       3
       5
       1
       6
       3
       3
       3
       1
       1
       4
       4
       2
       2
       5
       4
       1
       3
       1
       4
       5
       3
       3
       3
       3
       4
       5
       1
       2
       1
       1
       4
       0
       1
       4
       2
       3
       2
       1
       3
       3
       3
       3
       2
       5
       0
       3
       1
       2
       5
       2
       4
       1
       3
       3
       2
       6
       3
       1
       3
       4
       1
       2
       2
       1
       2
       4
       1
       3
       0
       5
       3
       1
       5
       6
       3
       4
       4
       3
       3
       0
       4
       3
       1
       0
       3
       3
       2
       0
       1
       3
       9
       1
       5
       1
       2
       1
       2
       1
       2
       2
       2
       6
       4
       5
       1
       1
       2
       1
       0
       2
       3
       2
       2
       6
       3
       1
       0
       3
       3
       6
       3
       2
       1
       3
       3
       1
       3
       4
       6
       0
       0
       3
       5
       1
       4
       0
       1
       3
       2
       0
       0
       3
       3
       2
       3
       5
       1
       1
       2
       1
       1
       3
       6
       2
       3
       3
       3
       2
       0
       3
       2
       1
       1
       3
       2
       5
       1
       4
       2
       0
       4
       5
       2
       3
       2
       3
       3
       1
       3
       0
       1
       2
       2
       0
       1
       2
       4
       5
       3
       3
       1
       3
       2
       3
       4
       1
       2
       0
       3
       2
       0
       2
       2
       3
       1
       4
       2
       3
       3
       5
       4
       4
       1
       2
       0
       0
       0
       4
       1
       2
       4
       1
       2
       0
       1
       2
       4
       0
       5
       5
       3
       5
       2
       0
       3
       2
       3
       5
       7
       0
       2
       0
       2
       2
       1
       3
       4
       2
       1
       0
       1
       4
       1
       3
       3
       2
       0
       0
       3
       2
       3
       0
       1
       0
       2
       2
       1
       2
       0
       1
       1
       3
       2
       2
       1
       3
       1
       4
       3
       0
       3
       1
       3
       2
       2
       4
       0
       2
       2
       1
       2
       2
       1
       3
       4
       3
       2
       3
       2
       3
       1
       3
       2
       2
       2
       1
       3
       4
       1
       2
       1
       2
       3
       3
       1
       3
       0
       1
       1
       3
       3
       4
       0
       4
       2
       4
       1
       1
       0
       3
       2
       1
       2
       2
       4
       1
       3
       4
       1
       0
       3
       1
       0
       0
       5
       2
       2
       5
       1
       7
       1
       1
       1
       3
       2
       3
       2
       3
       3
       4
       1
       1
       2
       2
       2
       4
       2
       4
       0
       3
       1
       1
       1
       0
       2
       1
       5
       1
       2
       2
       4
       1
       0
       0
       4
       0
       0
       5
       4
       3
       1
       4
       2
       3
       4
       1
       1
       2
       3
       1
       3
       2
       3
       1
       1
       1
       4
       2
       0
       3
       0
       1
       1
       1
       1
       1
       5
       3
       1
       4
       1
       1
       3
       4
       1
       1
       5
       3
       2
       3
       2
       1
       2
       1
       5
       0
       1
       1
       0
       1
       2
       0
       0
       5
       4
       2
       0
       2
       0
       3
       2
       1
       2
       2
       2
       3
       2
       5
       1
       1
       2
       4
       1
       0
       3
       1
       0
       1
       0
       1
       2
       1
       2
       2
       1
       6
       2
       4
       3
       0
       1
       3
       0
       0
       1
       1
       4
       0
       2
       7
       1
       3
       0
       1
       0
       3
       3
       3
       5
       2
       3
       2
       3
       3
       1
       0
       0
       1
       0
       2
       1
       1
       1
       2
       4
       2
       1
       4
       2
       1
       1
       3
       2
       2
       1
       2
       4
       0
       2
       2
       1
       3
       3
       1
       2
       2
       1
       1
       2
       1
       0
       0
       1
       2
       3
       2
       0
       0
       1
       3
       3
       3
       1
       2
       0
       3
       1
       0
       1
       3
       0
       0
       3
       0
       4
       0
       1
       2
       0
       0
       1
       3
       1
       1
       1
       1
       2
       2
       1
       4
       2
       2
       2
       1
       1
       2
       0
       3
       1
       1
       3
       1
       4
       4
       2
       1
       1
       1
       0
       2
       2
       6
       1
       1
       1
       4
       1
       0
       3
       2
       1
       2
       0
       1
       4
       4
       1
       2
       0
       2
       0
       1
       1
       0
       2
       1
       2
       1
       1
       5
       3
       1
       0
       1
       0
       1
       1
       1
       3
       0
       0
       2
       2
       1
       2
       3
       2
       2
       0
       2
       1
       0
       1
       0
       0
       1
       1
       2
       2
       1
       1
       0
       3
       0
       1
       0
       2
       1
       0
       1
       1
       1
       0
       1
       1
       1
       1
       1
       2
       0
       1
       0
       2
       0
       1
       0
       1
       1
       0
       1
       1
       0
       1
       0
       1
       0
       1
       2
       1
       1
       0
       3
       1
       0
       0
       1
       0
       1
       2
       1
       0
       0
       1
       3
       0
       0
       1
       1
       2
       0
       0
       0
       0
       1
       1
       1
       0
       1
       0
       4
       0
       0
       0
       1
       1
       1
       3
       0
       2
       0
       1
       1
       1
       1
       1
       0
       0
       2
       0
       2
       1
       1
       0
       1
       0
       2
       1
       1
       0
       1
       0
       0
       0
       1
       0
       2
       0
       0
       0
       1
       0
       0
       1
       1
       0
       0
       0
       0
       1
       0
       2
       0
       0
       2
       2
       1
       0
       0
       0
       2
       0
       1
       1
       1
       0
       0
       2
       1
       0
       0
       0
       0
       0
       1
       1
       0
       0
       1
       0
       1
       0
       1
       1
       1
       1
       0
       0
       0
       0
       1
       0
       3
       0
       0
       0
       0
       0
       0
       0
       0
       0
       0
       0
       0
       1
       0
       1
       2
       2
       2
       1
       0
       0
       1
       3
       0
       0
       0
       0
       0
       2
       2
       1
       0
       2
       0
       0
       0
       1
       0
       0
       0
       0
       1
       0
       1
       1
       1
       1
       0
       0
       3
       1
       1
       0
       2
       0
       1
       0
       1
       0
       1
       0
       1
       2
       0
       1
       0
       0
       1
       0
       0
       1
       0
       1
       1
       1
       0
       0
       1
       1
       1
       1
       0
       1
       0
       0
       0
       0
       1
       1
       0
       0
       0
       0
       0
       0
       0
       0
       1
       0
       1
       1
       0
       1
       1
       1
       2
       1
       2
       0
       1
       0
       1
       2
       3
       1
       0
       0
       2
       1
       1
       1
       0
       0
       1
       1
       0
       0
       0
       0
       1
       0
       0
       2
       0
       0
       4
       1
       0
       0
       0
       2
       0
       0
       0
       2
       2
       0
       0
       0
       0
       1
       0
       2
       0
       1
       1
       0
       0
       2
       1
       0
       2
       1
       1
       1
       1
       2
       0
       0
       1
       0
       0
       0
       2
       1
       0
       2
       0
       1
       0
       1
       0
       1
       1
       0
       0
       3
       0
       1
       2
       0
       1
       0
       2
       1
       0
       0
       1
       0
       1
       0
       0
       1
       2
       1
       1
       4
       0
       1
       1
       0
       2
       5
       0
       0
       1
       3
       0
       1
       0
       1
       1
       2
       0
       2
       0
       1
       2
       2
       1
       0
       1
       3
       1
       2
       1
       3
       3
       1
       1
       4
       2
       0
       0
       1
       2
       0
       1
       1
       3
       0
       3
       0
       0
       1
       1
       0
       1
       1
       2
       1
       2
       1
       1
       3
       2
       2
       1
       1
       0
       2
       2
       5
       0
       1
       2
       2
       4
       3
       0
       1
       2
       1
       0
       2
       5
       7
       2
       2
       3
       4
       4
       3
       2
       3
       8
       5
       3
       1
       0
       3
       2
       0
       0
       0
       0
       0
       0
       1
       0
       0
       0
       0
       0
       0
       0
       0
       0
       0
       0
       0
       0
       0
       0
       0
       0
       0
       0
       0
       0
       0
       0
       0
       0
       0
       0
       0
       0
       0
       0
       0
       1
       0
       0
       0
       0
       1
       0
       0
       1
       1
       0
       0
       1
       0
       0
       0
       0
       0
       0
       0
       0
       0
       0
       0
       0
       0
       1
       1
       0
       0
       1
       0
       0
       1
       1
       0
       0
       0
       0
       0
       0
       0
       0
       0
       0
       0
       0
       0
       0
       0
       0
       0
       0
       0
       0
       0
       0
       0
       0
       0
       0
       0
       0
       0
       0
       0
       0
       0
       0
       0
       0
       0
       0
       0
       0
       0
       0
       0
       0
       0
       0
       0
       0
       0
       0
       0
       0
       0
       0
       0
       0
       0
       0
       0
       0
       0
       0
       0
       0
       0
       0
       0
       0
       0
       0
       0
       0
       0
       0
       0
       0
       0
       0
       0
       0
       0
       0
       0
       0
       0
       0
       0
       0
       0
       0
       0
       0
       0
       0
       0
       0
       0
       0
       0
       0
       0
       0
       0
       0
       0
       0
       0
       0
       0
       0
       0
       0
       0
       0
       0
       0
       0
       0
       0
       0
       0
       0
       0
       0
       0
       0
       0
       0
       0
       0
       0
       0
       0
       0
       0
       0
       0
       0
       0
       0
       0
       0
       0
       0
       0
       0
       0
       0
       0
       0
       0
       0
       0
       0
       0
       0
       0
       0
       0
       0
       0
       0
       0
       0
       0
       0
       0
       0
       0
       0
       0
       0
       0
       0
       0
       0
       0
       0
       0
       0
       0
       0
       0
       0
       0
       0
       0
       0
       0
       1
       0
       0
       0
       0
       0
       0
       0
       0
       0
       0
       0
       0
       0
       0
       0
       0
       0
       0
       0
       0
       0
       0
       0
       0
       0
       0
       0
       0
       0
       1
       0
       0
       0
       0
       0
       1
       0
       0
       0
       0
       0
       0
       0
       0
       0
       0
       0
       0
       0
       0
       0
       0
       0
       0
       0
       0
       0
       0
       0
       0
       0
       0
       0
       0
       0
       0
       0
       0
       0
       0
       0
       0
       0
       0
       0
       0
       0
       0
       0
       0
       0
       0
       1
       0
       0
       0
       0
       1
       0
       0
       1
       0
       0
       0
       0
       0
       0
       0
       0
       0
       0
       0
       0
       0
       0
       0
       0
       0
       0
       0
       0
       0
       0
       0
       0
       1
       0
       0
       0
       0
       0
       0
       0
       0
       0
       0
       0
       0
       0
       0
       0
       0
       0
       0
       0
       0
       0
       0
       0
       0
       0
       1
       0
       0
       0
       0
       0
       0
       0
       0
       0
       0
       0
       0
       0
       0
       0
       0
       0
       0
       0
       0
       0
       0
       0
       0
       0
       0
       0
       0
       0
       0
       0
       0
       0
       0
       0
       1
       0
       0
       0
       0
       0
       0
       1
       0
       0
       1
       0
       0
       0
       0
       0
       0
       0
       0
       1
       0
       0
       0
       1
       0
       0
       0
       0
       0
       0
       0
       0
       0
       0
       0
       0
       0
       0
       0
       0
       0
       0
       0
       0
       1
       0
       0
       0
       0
       0
       0
       0
       0
       0
       0
       0
       0
       0
       0
       0
       0
       0
       0
       0
       0
       0
       0
       1
       0
       0
       0
       0
       0
       0
       0
       0
       0
       0
       0
       0
       0
       0
       0
       0
       0
       0
       0
       0
       0
       0
       0
       0
       0
       0
       0
       1
       0
       0
       0
       0
       0
       0
       0
       0
       0
       0
       1
       0
       0
       0
       0
       0
       0
       0
       0
       0
       0
       0
       0
       0
       0
       0
       0
       0
       0
       0
       0
       0
       0
       0
       0
       0
       0
       0
       0
       0
       0
       0
       0
       0
       0
       0
       0
       0
       0
       0
       0
       0
       0
       0
       0
       0
       0
       0
       0
       0
       0
       0
       0
       0
       0
       0
       0
       0
       0
       0
       0
       0
       0
       0
       0
       0
       0
       0
       0
       0
       0
       0
       0
       0
       0
       0
       0
       0
       0
       0
       0
       0
       0
       0
       0
       0
       0
       0
       0
       0
       0
       0
       0
       0
       0
       0
       0
       0
       0
       0
       0
       0
       0
       0
       0
       0
       0
       0
       0
       0
       0
       0
       0
       0
       0
       0
       0
       0
       0
       0
       0
       0
       0
       0
       0
       0
       0
       0
       0
       0
       0
       0
       0
       0
       0
       0
       0
       0
       0
       0
       0
       0
       1
       0
       0
       0
       0
       0
       0
       1
       0
       0
       0
       0
       0
       0
       0
       0
       0
       0
       0
       0
       0
       0
       0
       0
       0
       0
       0
       0
       0
       0
       0
       0
       0
       0
       0
       0
       0
       0
       0
       0
       0
       0
       0
       0
       0
       0
       0
       0
       0
       0
       0
       0
       0
       0
       0
       0
       0
       0
       0
       0
       0
       0
       0
       0
       0
       0
       0
       1
       0
       0
       0
       0
       0
       0
       0
       0
       0
       0
       0
       0
       0
       0
       0
       0
       0
       0
       0
       0
       0
       0
       0
       0
       0
       0
       0
       0
       0
       0
       0
       0
       0
       0
       0
       0
       0
       0
       0
       0
       0
       0
       0
       0
       0
       0
       0
       0
       0
       0
       0
       1
       0
       0
       0
       0
       0
       0
       0
       0
       0
       0
       0
       0
       0
       0
       0
       0
       0
       0
       0
       0
       0
       0
       0
       0
       0
       0
       0
       0
       0
       0
       0
       0
       0
       0
       0
       0
       0
       0
       0
       0
       0
       0
       0
       0
       0
       0
       0
       0
       0
       0
       0
       0
       0
       0
       0
       0
       0
       0
       0
       0
       0
       0
       0
       0
       0
       0
       0
       0
       0
       0
       0
       0
       0
       0
       0
       0
       0
       0
       0
       0
       0
       0
       0
       0
       0
       0
       0
       0
       0
       0
       0
       0
       0
       0
       0
       0
       0
       0
       0
       0
       0
       0
       0
       0
       0
       0
       0
       0
       0
       0
       0
       0
       0
       0
       0
       0
       0
       0
       0
       0
       0
       0
       0
       0
       0
       0
       0
       1
       0
       0
       0
       0
       0
       0
       0
       0
       0
       0
       0
       0
       0
       0
       0
       0
       0
       0
       0
       0
       0
       0
       0
       0
       0
       0
       0
       0
       0
       0
       0
       0
       0
       0
       0
       0
       0
       0
       0
       0
       0
       0
       0
       0
       0
       0
       0
       0
       0
       0
       0
       0
       0
       0
       1
       0
       0
       0
       0
       0
       0
       0
       0
       0
       0
       0
       0
       0
       0
       0
       0
       0
       0
       0
       0
       0
       0
       0
       0
       0
       0
       0
       0
       0
       0
       0
       0
       0
       0
       0
       0
       0
       0
       0
       0
       0
       0
       0
       0
       0
       0
       0
       0
       0
       0
       0
       0
       0
       0
       0
       0
       0
       0
       0
       0
       0
       0
       0
       0
       0
       0
       0
       0
       0
       0
       0
       0
       0
       0
       0
       0
       0
       0
       0
       0
       0
       0
       0
       0
       0
       0
       0
       0
       0
       0
       0
       0
       0
       0
       0
       0
       0
       0
       0
       0
       0
       0
       0
       0
       0
       0
       0
       0
       0
       0
       0
       0
       0
       0
       0
       0
       0
       0
       0
       0
       0
       0
       0
       0
       0
       0
       0
       0
       0
       0
       0
       0
       0
       0
       0
       0
       0
       0
       0
       0
       0
       0
       0
       0
       0
       0
       0
       0
       0
       0
       0
       0
       0
       0
       0
       0
       0
       0
       0
       0
       0
       0
       0
       0
       0
       0
       0
       0
       0
       0
       0
       0
       0
       0
       0
       0
       0
       0
       0
       0
       0
       0
       0
       0
       0
       0
       0
       0
       0
       0
       0
       0
       0
       0
       0
       0
       0
       0
       0
       0
       0
       0
       0
       0
       0
       0
       0
       0
       0
       0
       0
       0
       0
       0
       0
       0
       0
       0
       0
       0
       0
       0
       0
       0
       0
       0
       0
       0
       0
       0
       0
       0
       0
       0
       0
       0
       0
       0
       0
       0
       0
       0
       0
       0
       0
       0
       0
       0
       0
       0
       0
       0
       0
       0
       0
       0
       0
       0
       0
       0
       0
       0
       0
       0
       0
       0
       0
       0
       0
       0
       0
       0
       0
       0
       0
       0
       0
       0
       0
       0
       0
       0
       0
       0
       0
       0
       0
       0
       0
       0
       0
       0
       0
       0
       0
       0
       0
       0
       0
       0
       0
       0
       0
       0
       0
       0
       0
       0
       0
       0
       0
       0
       0
       0
       0
       0
       0
       0
       0
       0
       0
       0
       0
       0
       0
       0
       0
       0
       0
       0
       0
       0
       0
       0
       0
       0
       0
       0
       0
       0
       0
       0
       0
       1
       0
       0
       0
       0
       0
       0
       0
       0
       0
       0
       0
       0
       0
       0
       0
       0
       0
       0
       0
       0
       0
       0
       0
       0
       0
       0
       0
       0
       0
       0
       0
       0
       0
       0
       0
       0
       0
       0
       0
       0
       0
       0
       0
       0
       0
       0
       0
       0
       0
       0
       0
       0
       0
       0
       0
       0
       0
       0
       0
       0
       0
       0
       0
       0
       0
       0
       0
       0
       0
       0
       0
       0
       0
       0
       0
       0
       0
       0
       0
       0
       0
       0
       0
       0
       0
       0
       0
       0
       0
       0
       0
       0
       0
       0
       0
       0
       0
       0
       0
       0
       0
       0
       0
       0
       0
       0
       0
       0
       0
       0
       0
       0
       0
       0
       0
       0
       0
       0
       0
       0
       0
       0
       0
       0
       0
       0
       0
       0
       0
       0
       0
       0
       0
       0
       0
       0
       0
       0
       0
       0
       0
       0
       0
       0
       0
       0
       0
       0
       0
       0
       0
       0
       0
       0
       0
       0
       0
       0
       0
       0
       0
       0
       0
       0
       0
       0
       0
       0
       0
       0
       0
       0
       0
       0
       0
       0
       0
       0
       0
       0
       0
       0
       0
       0
       0
       0
       0
       0
       0
       0
       0
       0
       0
       0
       0
       0
       0
       0
       0
       0
       0
       0
       0
       0
       0
       0
       0
       0
       0
       0
       0
       0
       0
       0
       0
       0
       0
       0
       0
       0
       0
       0
       0
       0
       0
       0
       0
       0
       0
       0
       0
       0
       0
       0
       0
       0
       0
       0
       0
       0
       0
       0
       0
       0
       0
       0
       0
       0
       0
       0
       0
       0
       0
       0
       0
       0
       0
       0
       0
       0
       0
       0
       0
       0
       0
       0
       0
       0
       0
       0
       0
       0
       0
       0
       0
       0
       0
       0
       0
       0
       0
       0
       0
       0
       0
       0
       1
       0
       0
       0
       0
       0
       0
       0
       0
       0
       0
       0
       0
       0
       0
       0
       0
       0
       0
       0
       0
       0
       0
       0
       0
       0
       0
       0
       0
       0
       0
       0
       0
       0
       0
       0
       0
       0
       0
       0
       0
       0
       0
       0
       0
       0
       0
       0
       0
       0
       0
       0
       0
       0
       0
       0
       0
       0
       0
       0
       0
       0
       0
       0
       0
       0
       0
       0
       0
       0
       0
       0
       0
       0
       0
       0
       0
       0
       0
       0
       0
       0
       0
       0
       0
       0
       0
       0
       0
       0
       0
       0
       0
       0
       0
       0
       0
       0
       0
       0
       0
       0
       0
       0
       0
       0
       0
       0
       0
       0
       0
       0
       0
       0
       0
       0
       0
       0
       0
       0
       0
       0
       0
       0
       0
       0
       1
       0
       0
       0
       0
       0
       0
       0
       0
       0
       0
       0
       0
       0
       0
       0
       0
       0
       0
       0
       0
       0
       0
       0
       0
       0
       0
       0
       0
       0
       0
       0
       0
       0
       0
       0
       0
       0
       0
       0
       0
       0
       0
       0
       0
       0
       0
       0
       0
       0
       0
       0
       0
       0
       0
       0
       0
       0
       0
       0
       0
       0
       0
       0
       0
       0
       0
       0
       0
       0
       0
       0
       0
       0
       0
       0
       0
       0
       0
       0
       0
       0
       0
       0
       0
       0
       0
       0
       0
       0
       0
       0
       0
       0
       0
       0
       0
       0
       0
       0
       0
       0
       0
       0
       0
       0
       0
       0
       0
       0
       0
       0
       0
       0
       0
       0
       0
       0
       0
       0
       0
       0
       0
       0
       0
       0
       0
       0
       0
       0
       0
       0
       0
       0
       0
       0
       0
       0
       0
       0
       0
       0
       0
       0
       0
       0
       0
       0
       0
       0
       0
       0
       0
       0
       0
       0
       0
       0
       0
       0
       0
       0
       0
       0
       0
       0
       0
       0
       0
       0
       0
       0
       0
       0
       0
       0
       0
       0
       0
       0
       0
       0
       0
       0
       0
       0
       0
       0
       0
       0
       0
       0
       0
       0
       0
       0
       0
       0
       0
       0
       0
       0
       0
       0
       0
       0
       0
       0
       0
       0
       0
       0
       0
       0
       0
       0
       0
       0
       0
       0
       0
       0
       0
       0
       0
       0
       0
       0
       0
       0
       0
       0
       0
       0
       0
       0
       0
       0
       0
       0
       0
       0
       0
       0
       0
       0
       0
       0
       0
       0
       0
       0
       0
       0
       0
       0
       0
       0
       0
       0
       0
       1
       0
       0
       0
       0
       0
       0
       0
       0
       0
       0
       0
       0
       0
       0
       0
       0
       0
       0
       0
       0
       0
       0
       0
       0
       0
       0
       0
       0
       0
       0
       0
       0
       0
       0
       0
       0
       0
       0
       0
       0
       0
       0
       0
       0
       0
       0
       0
       0
       0
       0
       0
       0
       1
       0
       0
       0
       0
       0
       0
       0
       0
       0
       0
       0
       0
       0
       0
       0
       0
       0
       0
       0
       0
       0
       0
       0
       0
       0
       0
       0
       0
       0
       0
       0
       0
       0
       0
       0
       0
       0
       0
       0
       0
       0
       0
       0
       0
       0
       1
       0
       0
       0
       0
       0
       0
       0
       0
       0
       0
       0
       0
       0
       0
       0
       0
       0
       0
       0
       0
       0
       0
       0
       0
       0
       0
       0
       0
       0
       0
       0
       0
       0
       0
       0
       0
       0
       0
       0
       0
       0
       0
       0
       0
       0
       0
       0
       0
       0
       0
       0
       0
       0
       0
       0
       0
       0
       0
       0
       0
       0
       0
       0
       0
       0
       0
       0
       0
       0
       0
       0
       0
       0
       0
       0
       0
       0
       0
       0
       0
       0
       0
       0
       0
       0
       0
       0
       0
       0
       0
       0
       0
       0
       0
       0
       0
       0
       0
       0
       0
       0
       0
       0
       0
       0
       0
       0
       0
       0
       0
       0
       0
       0
       0
       0
       1
       0
       0
       0
       0
       0
       0
       0
       0
       0
       0
       0
       0
       0
       0
       0
       0
       0
       0
       0
       0
       0
       0
       0
       0
       0
       0
       0
       0
       0
       0
       0
       0
       0
       0
       0
       0
       0
       0
       0
       0
       0
       0
       0
       0
       0
       0
       0
       0
       0
       0
       0
       0
       0
       1
       0
       0
       0
       0
       0
       0
       0
       0
       0
       0
       0
       0
       0
       0
       0
       0
       0
       0
       0
       0
       0
       0
       0
       0
       0
       0
       0
       0
       0
       0
       0
       0
       0
       0
       0
       0
       0
       0
       0
       0
       0
       0
       0
       0
       0
       0
       0
       0
       0
       0
       0
       0
       0
       0
       0
       0
       0
       0
       0
       0
       0
       0
       0
       0
       0
       0
       0
       0
       0
       0
       0
       0
       0
       0
       0
       0
       0
       0
       0
       0
       0
       0
       0
       0
       0
       0
       0
       0
       0
       0
       0
       0
       0
       0
       0
       0
       0
       0
       0
       0
       0
       0
       0
       0
       0
       0
       0
       0
       0
       0
       0
       0
       0
       0
       0
       0
       0
       0
       0
       0
       0
       0
       0
       0
       0
       0
       0
       0
       0
       0
       0
       0
       0
       0
       0
       0
       0
       0
       0
       0
       0
       0
       0
       0
       0
       0
       0
       0
       0
       0
       0
       0
       0
       0
       0
       0
       0
       0
       0
       0
       0
       0
       0
       0
       0
       0
       0
       0
       0
       0
       0
       0
       0
       0
       0
       0
       0
       0
       0
       0
       0
       0
       0
       0
       0
       0
       0
       0
       0
       0
       0
       0
       0
       0
       0
       0
       0
       0
       0
       0
       0
       0
       0
       0
       0
       0
       0
       0
       0
       0
       0
       0
       0
       0
       0
       0
       0
       0
       0
       0
       0
       0
       0
       0
       0
       0
       0
       0
       0
       0
       0
       0
       0
       0
       0
       0
       0
       0
       0
       0
       0
       0
       0
       0
       0
       0
       0
       0
       0
       0
       0
       0
       0
       0
       0
       0
       0
       0
       0
       0
       0
       0
       0
       0
       0
       0
       0
       0
       0
       0
       0
       0
       0
       0
       0
       0
       0
       0
       0
       0
       0
       0
       0
       0
       0
       0
       0
       0
       0
       0
       0
       0
       0
       0
       0
       0
       0
       0
       0
       0
       0
       0
       0
       0
       0
       0
       0
       0
       0
       0
       0
       0
       0
       0
       0
       0
       0
       0
       0
       0
       0
       0
       0
       0
       0
       0
       0
       0
       0
       0
       0
       0
       0
       0
       0
       0
       0
       0
       0
       0
       0
       0
       0
       0
       0
       0
       0
       0
       0
       0
       0
       0
       0
       0
       0
       0
       0
       0
       0
       0
       0
       0
       0
       0
       0
       0
       0
       0
       0
       0
       0
       0
       0
       0
       0
       0
       0
       0
       0
       0
       0
       0
       0
       0
       0
       0
       0
       0
       0
       0
       0
       0
       0
       0
       0
       0
       0
       0
       0
       0
       0
       0
       0
       0
       0
       0
       0
       0
       0
       0
       0
       0
       0
       0
       0
       0
       0
       0
       0
       0
       0
       0
       0
       0
       0
       0
       0
       0
       0
       0
       0
       0
       0
       0
       0
       0
       0
       0
       0
       0
       0
       0
       0
       0
       0
       0
       0
       0
       0
       0
       0
       0
       0
       0
       0
       0
       0
       0
       0
       0
       0
       0
       0
       0
       0
       0
       0
       0
       0
       0
       0
       0
       0
       0
       0
       0
       0
       0
       0
       0
       0
       0
       0
       0
       0
       0
       0
       0
       0
       0
       0
       0
       0
       0
       0
       0
       0
       0
       0
       0
       0
       0
       0
       0
       0
       0
       0
       0
       0
       0
       0
       0
       0
       0
       0
       0
       0
       0
       0
       0
       0
       0
       0
       0
       0
       0
       0
       0
       0
       0
       0
       0
       0
       0
       0
       0
       0
       0
       0
       0
       0
       0
       0
       0
       0
       0
       0
       0
       0
       0
       0
       0
       0
       0
       0
       0
       0
       0
       0
       0
       0
       0
       0
       0
       0
       0
       0
       0
       0
       0
       0
       0
       0
       0
       0
       0
       0
       0
       0
       0
       0
       0
       0
       0
       0
       0
       0
       0
       0
       0
       0
       0
       0
       0
       0
       0
       0
       0
       0
       0
       0
       0
       0
       0
       0
       0
       0
       0
       0
       0
       0
       0
       0
       0
       0
       0
       0
       0
       0
       0
       0
       0
       0
       0
       0
       0
       0
       0
       0
       0
       0
       0
       0
       0
       0
       0
       0
       0
       0
       0
       0
       0
       0
       0
       0
       0
       0
       0
       0
       0
       0
       0
       0
       0
       0
       0
       0
       0
       0
       0
       0
       0
       0
       0
       0
       0
       0
       0
       0
       0
       0
       0
       0
       0
       0
       0
       0
       0
       0
       0
       0
       0
       0
       0
       0
       0
       0
       0
       0
       0
       0
       0
       0
       0
       0
       0
       0
       0
       0
       0
       0
       0
       0
       0
       0
       0
       0
       0
       0
       0
       0
       0
       0
       0
       0
       0
       0
       0
       0
       0
       0
       0
       0
       0
       0
       0
       0
       0
       0
       0
       0
       0
       0
       0
       0
       0
       0
       0
       0
       0
       0
       0
       0
       0
       0
       0
       0
       0
       0
       0
       0
       0
       0
       0
       0
       0
       0
       0
       0
       0
       0
       0
       0
       0
       0
       0
       0
       0
       0
       0
       0
       0
       0
       0
       0
       0
       0
       0
       0
       0
       0
       0
       0
       0
       0
       0
       0
       0
       0
       0
       0
       0
       0
       0
       0
       0
       0
       1
       0
       0
       0
       0
       0
       0
       0
       0
       0
       0
       0
       0
       0
       0
       0
       0
       0
       0
       0
       0
       0
       0
       0
       0
       0
       0
       0
       0
       0
       1
       0
       0
       0
       0
       0
       0
       0
       0
       0
       0
       0
       0
       0
       0
       0
       0
       0
       0
       0
       0
       0
       0
       0
       0
       0
       0
       0
       0
       0
       0
       0
       0
       0
       0
       0
       0
       0
       0
       0
       0
       0
       0
       0
       0
       0
       0
       0
       0
       0
       0
       0
       1
       0
       0
       0
       0
       0
       0
       0
       0
       0
       0
       0
       0
       0
       0
       0
       0
       0
       0
       0
       0
       0
       0
       0
       0
       0
       0
       0
       0
       0
       0
       0
       0
       0
       0
       0
       0
       0
       0
       0
       0
       0
       0
       0
       0
       0
       0
       0
       0
       0
       0
       0
       0
       0
       0
       0
       0
       0
       0
       0
       0
       0
       0
       0
       0
       0
       0
       0
       0
       0
       0
       0
       0
       0
       0
       0
       0
       0
       0
       0
       0
       0
       0
       0
       0
       0
       0
       0
       0
       0
       0
       0
       0
       0
       0
       0
       0
       0
       0
       0
       0
       0
       0
       0
       0
       0
       0
       0
       0
       0
       0
       0
       0
       0
       0
       0
       0
       0
       0
       0
       0
       0
       0
       0
       0
       0
       0
       0
       0
       0
       0
       0
       0
       0
       0
       0
       0
       0
       0
       0
       0
       0
       0
       0
       0
       0
       0
       0
       0
       0
       0
       0
       0
       0
       0
       0
       0
       0
       0
       0
       0
       0
       0
       0
       0
       0
       0
       0
       0
       0
       0
       0
       0
       0
       0
       0
       0
       0
       0
       0
       0
       0
       0
       0
       0
       0
       0
       0
       0
       0
       0
       0
       0
       0
       0
       0
       0
       0
       0
       1
       0
       0
       0
       0
       0
       0
       0
       0
       0
       0
       0
       0
       0
       0
       0
       0
       0
       0
       0
       0
       0
       0
       0
       0
       0
       0
       0
       0
       0
       0
       0
       0
       0
       0
       0
       0
       0
       0
       0
       0
       0
       0
       0
       0
       0
       0
       0
       0
       0
       0
       0
       0
       0
       0
       0
       0
       0
       0
       0
       0
       0
       0
       0
       0
       0
       0
       0
       0
       0
       0
       0
       0
       0
       0
       0
       0
       0
       0
       0
       0
       0
       0
       0
       0
       0
       0
       0
       0
       0
       0
       0
       0
       0
       0
       0
       0
       0
       0
       0
       0
       0
       0
       0
       0
       0
       0
       0
       0
       0
       0
       0
       0
       0
       0
       0
       0
       0
       0
       0
       0
       0
       0
       0
       0
       0
       0
       0
       0
       0
       0
       0
       0
       0
       0
       0
       0
       0
       0
       0
       0
       0
       0
       0
       0
       0
       0
       0
       0
       0
       0
       0
       0
       0
       0
       0
       0
       0
       0
       0
       0
       0
       0
       0
       0
       0
       0
       0
       0
       0
       0
       0
       0
       0
       0
       0
       0
       0
       0
       0
       0
       0
       0
       0
       0
       0
       0
       0
       0
       0
       0
       0
       0
       0
       0
       0
       0
       0
       0
       0
       0
       0
       0
       0
       0
       0
       0
       0
       0
       0
       0
       0
       0
       0
       0
       0
       0
       0
       0
       0
       0
       0
       0
       0
       0
       0
       0
       0
       0
       0
       0
       0
       0
       0
       0
       0
       0
       0
       0
       0
       0
       0
       0
       0
       0
       0
       0
       0
       0
       0
       0
       0
       0
       0
       0
       0
       0
       0
       0
       0
       0
       0
       0
       0
       0
       0
       0
       0
       0
       0
       0
       0
       0
       0
       0
       0
       0
       0
       0
       0
       0
       0
       0
       0
       0
       0
       0
       0
       0
       0
       0
       0
       0
       0
       0
       0
       0
       0
       0
       0
       0
       0
       0
       0
       0
       0
       0
       0
       0
       0
       0
       0
       0
       0
       0
       0
       0
       0
       0
       0
       0
       0
       0
       0
       0
       0
       0
       0
       0
       0
       0
       0
       0
       0
       0
       0
       0
       0
       0
       0
       0
       0
       0
       0
       0
       0
       0
       0
       0
       0
       0
       0
       0
       0
       0
       0
       0
       0
       0
       0
       0
       0
       0
       0
       0
       0
       0
       0
       0
       0
       0
       0
       0
       0
       0
       0
       0
       0
       0
       0
       0
       0
       0
       0
       0
       0
       0
       0
       0
       0
       0
       0
       0
       0
       0
       0
       0
       0
       0
       0
       0
       0
       0
       0
       0
       0
       0
       0
       1
       0
       0
       0
       0
       0
       0
       0
       0
       0
       0
       0
       0
       0
       0
       0
       0
       0
       0
       0
       0
       0
       0
       0
       0
       0
       0
       0
       0
       0
       0
       0
       0
       0
       0
       0
       0
       0
       0
       0
       0
       0
       0
       0
       0
       0
       0
       0
       0
       0
       0
       0
       0
       0
       0
       0
       0
       0
       0
       0
       0
       0
       0
       0
       0
       0
       0
       0
       0
       0
       0
       0
       0
       0
       0
       0
       0
       0
       0
       0
       0
       0
       0
       0
       0
       0
       0
       0
       0
       0
       0
       0
       0
       0
       0
       0
       0
       0
       0
       0
       0
       0
       0
       0
       0
       0
       0
       0
       0
       0
       0
       0
       0
       0
       0
       0
       0
       0
       0
       0
       0
       0
       0
       0
       0
       0
       0
       0
       0
       0
       0
       0
       1
       0
       0
       0
       0
       0
       0
       0
       0
       0
       0
       0
       0
       0
       0
       0
       0
       0
       0
       0
       0
       0
       0
       0
       0
       0
       0
       0
       0
       0
       0
       0
       0
       0
       0
       0
       0
       0
       0
       0
       0
       0
       0
       0
       0
       0
       0
       0
       0
       0
       0
       0
       0
       0
       0
       0
       0
       0
       0
       0
       0
       0
       0
       0
       0
       0
       0
       0
       0
       0
       0
       0
       0
       0
       0
       0
       0
       0
       0
       0
       0
       0
       0
       0
       0
       0
       0
       0
       0
       0
       0
       0
       0
       0
       0
       0
       0
       0
       0
       0
       0
       0
       0
       0
       0
       0
       0
       0
       0
       0
       0
       0
       0
       0
       0
       0
       0
       0
       0
       0
       0
       0
       0
       0
       0
       0
       0
       0
       0
       0
       0
       0
       0
       0
       0
       0
       0
       0
       0
       0
       0
       0
       0
       0
       0
       0
       0
       0
       0
       0
       0
       0
       0
       0
       0
       0
       0
       0
       0
       0
       0
       0
       0
       0
       0
       0
       0
       0
       0
       0
       0
       0
       0
       0
       0
       0
       0
       0
       0
       0
       0
       0
       0
       0
       0
       0
       0
       0
       0
       0
       0
       0
       0
       0
       0
       0
       0
       0
       0
       0
       0
       0
       0
       0
       0
       0
       0
       0
       0
       0
       0
       0
       0
       0
       0
       0
       0
       0
       0
       0
       0
       0
       0
       0
       0
       0
       0
       0
       0
       0
       0
       0
       0
       0
       0
       0
       0
       0
       0
       0
       0
       0
       0
       0
       0
       0
       0
       0
       0
       0
       0
       0
       0
       0
       0
       0
       0
       0
       0
       0
       0
       0
       0
       0
       0
       0
       0
       0
       0
       0
       0
       0
       0
       0
       0
       0
       0
       0
       0
       0
       0
       0
       0
       0
       0
       0
       0
       0
       0
       0
       0
       0
       0
       0
       0
       0
       0
       0
       0
       0
       0
       0
       0
       0
       0
       0
       0
       0
       0
       0
       0
       0
       0
       0
       0
       0
       0
       1
       0
       0
       0
       0
       0
       0
       0
       0
       0
       0
       0
       0
       0
       0
       0
       0
       0
       0
       0
       0
       0
       0
       0
       0
       0
       0
       0
       0
       0
       0
       0
       0
       0
       0
       0
       0
       0
       0
       0
       0
       0
       0
       0
       0
       0
       0
       0
       0
       0
       0
       0
       0
       0
       0
       0
       0
       0
       0
       0
       0
       0
       0
       0
       0
       0
       0
       0
       0
       0
       0
       0
       0
       0
       0
       0
       0
       0
       0
       0
       0
       0
       0
       0
       0
       0
       0
       0
       0
       0
       0
       0
       0
       0
       0
       0
       0
       0
       0
       0
       0
       0
       0
       0
       0
       0
       0
       0
       0
       0
       0
       0
       0
       0
       0
       0
       0
       0
       0
       0
       0
       0
       0
       0
       0
       0
       0
       0
       0
       0
       0
       0
       0
       0
       0
       0
       0
       0
       0
       0
       0
       0
       0
       0
       0
       0
       0
       0
       0
       0
       0
       0
       0
       0
       0
       0
       0
       0
       0
       0
       0
       0
       0
       0
       0
       0
       0
       0
       0
       0
       0
       0
       0
       0
       0
       0
       0
       0
       0
       0
       0
       0
       0
       0
       0
       0
       0
       0
       0
       0
       0
       0
       0
       0
       0
       0
       0
       0
       0
       0
       0
       0
       0
       0
       0
       0
       0
       0
       0
       0
       0
       0
       0
       0
       0
       0
       0
       0
       0
       0
       0
       0
       0
       0
       0
       0
       0
       0
       0
       0
       0
       0
       0
       0
       0
       0
       0
       0
       0
       0
       0
       0
       0
       0
       0
       0
       0
       0
       0
       0
       0
       0
       0
       0
       0
       0
       0
       0
       0
       0
       0
       0
       0
       0
       0
       0
       0
       0
       0
       0
       0
       0
       0
       0
       0
       0
       0
       0
       0
       0
       0
       0
       0
       0
       0
       0
       0
       0
       0
       0
       0
       0
       0
       0
       0
       0
       0
       0
       0
       0
       0
       0
       0
       0
       0
       0
       0
       0
       0
       0
       0
       0
       0
       0
       0
       0
       0
       0
       0
       0
       0
       0
       0
       0
       0
       0
       0
       0
       0
       0
       0
       0
       0
       0
       0
       0
       0
       0
       0
       0
       0
       0
       0
       0
       0
       0
       0
       0
       0
       0
       0
       0
       0
       0
       0
       0
       0
       0
       0
       0
       0
       0
       0
       0
       0
       0
       0
       0
       0
       0
       0
       0
       0
       0
       0
       0
       0
       0
       0
       0
       0
       0
       0
       0
       0
       1
       0
       0
       0
       0
       0
       0
       0
       0
       0
       0
       0
       0
       0
       0
       0
       0
       0
       0
       0
       0
       0
       0
       0
       0
       0
       0
       0
       0
       0
       0
       0
       0
       0
       0
       0
       0
       0
       0
       0
       0
       0
       0
       0
       0
       0
       0
       0
       0
       0
       0
       0
       0
       0
       0
       0
       0
       0
       0
       0
       0
       0
       0
       0
       0
       0
       0
       0
       0
       0
       0
       0
       0
       0
       0
       0
       0
       0
       0
       0
       0
       0
       0
       0
       0
       0
       0
       0
       0
       0
       0
       0
       0
       0
       0
       0
       0
       0
       0
       0
       0
       0
       0
       0
       0
       0
       0
       0
       0
       0
       0
       0
       0
       0
       0
       0
       0
       0
       0
       0
       0
       0
       0
       0
       0
       0
       0
       0
       0
       0
       0
       0
       0
       0
       0
       0
       0
       0
       0
       0
$ROI:
0
$PRESETS:
None
0
0
$ENER_FIT:
0.089641 0.383673
$MCA_CAL:
3
8.964116E-002 3.836726E-001 4.212444E-008 keV
$SHAPE_CAL:
3
2.481216E+000 9.895641E-004 3.457022E-008
