$SPEC_ID:
Cs137
$SPEC_REM:
DET# 2
DETDESC# DETECTOR 2
AP# GammaVision Version 7.01.03
$DATE_MEA:
02/26/2017 09:26:05
$MEAS_TIM:
2136 2150
$DATA:
0 8191
       0
       0
       0
       0
       0
       0
       0
       0
       0
       0
       0
       0
       0
       0
       0
       0
       0
       0
       0
       0
       0
       0
       0
       0
       0
       0
       0
       0
       0
       0
       0
       0
       0
       0
       0
       0
       0
       0
       0
       0
       0
       0
       0
       0
       0
       0
       0
       0
       0
       0
       0
       0
       0
       0
       0
       0
       0
       0
       0
       0
       0
       0
       0
       0
       0
       0
       0
       0
       0
       0
       0
       0
       0
       0
       0
       0
       0
       0
       0
       0
       0
       0
       0
       0
       0
       0
       0
       0
       0
       0
       0
       0
       0
       0
       0
       2
     238
    3933
    6145
    5810
    6202
   13169
   31255
   50843
   54986
   32490
    9478
    2555
    1967
    2075
    2318
    2422
    2140
    1666
    1362
    1559
    4341
   10847
   14249
    8371
    4516
    4248
    2811
    1040
     531
     541
     570
     570
     513
     451
     454
     460
     427
     451
     422
     405
     450
     445
     431
     422
     434
     459
     434
     478
     462
     453
     517
     498
     513
     494
     518
     546
     546
     594
     611
     596
     613
     645
     628
     608
     628
     657
     630
     701
     639
     687
     696
     666
     631
     680
     706
     717
     677
     740
     730
     745
     748
     726
     775
     739
     786
     793
     826
     811
     827
     824
     905
    1190
    2267
    3879
    3499
    1876
    1183
    1928
    4395
    6179
    4236
    1749
     828
     679
     741
     650
     623
     689
     667
     663
     706
     750
     770
     721
     664
     738
     772
     755
     817
     882
     918
     965
    1233
    1864
    2630
    2891
    2138
    1412
    1100
    1154
    1312
    1652
    1519
    1233
    1077
    1082
    1013
     970
     998
     918
     879
     853
     892
     835
     845
     878
     832
     828
     825
     843
     900
     875
     953
     878
     899
     938
     950
     915
     886
     931
    1001
    1001
     904
     967
     904
    1016
    1000
     980
     940
     953
     937
     907
     919
     943
     921
     954
     947
     990
     905
     919
     943
     950
     830
     848
     796
     811
     836
     801
     766
     775
     730
     737
     733
     657
     719
     676
     717
     693
     667
     610
     597
     642
     640
     595
     638
     582
     582
     614
     555
     573
     603
     554
     532
     577
     614
     597
     551
     620
    1349
    6044
   18758
   29568
   22483
    8248
    2152
     954
     670
     552
     526
     518
     465
     525
     507
     530
     523
     528
     504
     520
     519
     489
     596
     524
     472
     509
     550
     541
     499
     536
     477
     488
     574
     545
     499
     523
     463
     537
     551
     556
     510
     542
     530
     535
     572
     526
     538
     512
     524
     503
     561
     541
     538
     500
     538
     559
     533
     501
     527
     550
     519
     565
     496
     496
     537
     476
     551
     517
     530
     537
     559
     567
     540
     561
     527
     570
     572
     563
     576
     538
     558
     573
     580
     577
     507
     602
     577
     558
     566
     575
     582
     593
     579
     532
     597
     599
     579
     604
     561
     570
     613
     602
     598
     590
     623
     616
     670
     656
     655
     608
     648
     589
     661
     618
     625
     587
     644
     648
     637
     596
     636
     651
     617
     611
     584
     646
     625
     596
     601
     643
     602
     561
     596
     563
     567
     557
     556
     556
     588
     591
     568
     522
     572
     522
     541
     554
     503
     504
     513
     530
     498
     520
     468
     543
     488
     510
     516
     445
     478
     461
     502
     499
     457
     459
     504
     455
     502
     514
     441
     500
     450
     500
     472
     454
     495
     480
     468
     475
     486
     438
     478
     433
     480
     432
     472
     456
     476
     474
     471
     463
     452
     486
     438
     481
     433
     414
     461
     417
     439
     408
     434
     444
     435
     459
     443
     447
     430
     413
     412
     439
     417
     447
     398
     416
     405
     423
     412
     445
     391
     447
     398
     443
     372
     379
     421
     389
     400
     409
     420
     432
     408
     434
     437
     387
     402
     389
     381
     416
     395
     423
     431
     417
     394
     431
     374
     386
     395
     395
     338
     357
     402
     379
     374
     361
     398
     397
     377
     369
     402
     377
     388
     384
     372
     388
     380
     356
     394
     413
     397
     379
     385
     393
     393
     392
     384
     380
     392
     427
     359
     352
     401
     387
     394
     394
     369
     396
     350
     410
     359
     369
     400
     387
     358
     349
     361
     359
     387
     385
     340
     391
     363
     373
     357
     417
     343
     364
     319
     356
     353
     390
     344
     379
     341
     363
     346
     347
     351
     327
     379
     368
     468
    1088
    2688
    4562
    4719
    2988
    1154
     458
     386
     340
     317
     372
     384
     354
     333
     364
     332
     320
     346
     340
     344
     390
     327
     344
     291
     310
     299
     339
     322
     279
     309
     308
     300
     327
     307
     282
     286
     285
     279
     280
     290
     285
     284
     251
     280
     260
     261
     268
     269
     256
     257
     249
     261
     287
     257
     264
     321
     248
     250
     265
     269
     261
     256
     270
     255
     262
     234
     258
     243
     265
     258
     269
     289
     278
     250
     226
     249
     221
     217
     227
     218
     236
     219
     239
     229
     241
     200
     211
     224
     198
     224
     200
     210
     193
     197
     200
     179
     197
     183
     180
     189
     162
     168
     191
     182
     200
     225
     223
     192
     203
     181
     181
     189
     169
     164
     176
     179
     159
     201
     194
     180
     167
     205
     175
     161
     183
     176
     157
     184
     168
     181
     161
     165
     189
     175
     226
     324
     366
     328
     266
     177
     173
     180
     160
     155
     158
     163
     135
     158
     178
     165
     155
     159
     149
     133
     163
     153
     163
     149
     150
     153
     162
     143
     127
     157
     126
     144
     172
     148
     155
     145
     162
     136
     139
     131
     151
     139
     144
     129
     143
     142
     141
     150
     144
     130
     151
     126
     153
     153
     137
     151
     123
     152
     124
     142
     114
     134
     146
     126
     152
     121
     116
     143
     137
     127
     137
     144
     129
     129
     113
     141
     147
     172
     174
     163
     149
     139
     116
     144
     141
     131
     149
     151
     182
     179
     165
     137
     136
     128
     128
     129
     123
     129
     110
     118
     114
     139
     144
     131
     128
     132
     116
     109
     125
      94
     115
     123
     127
     121
     114
     110
     135
     122
     113
     125
     123
     139
     114
     166
     427
    1452
    4264
    8522
   11355
    9312
    4668
    1451
     398
     138
     138
     116
     130
     103
      95
     121
     124
     109
     125
      96
      92
     109
     112
     128
     109
     119
     111
     107
     111
     112
     105
      93
     117
     122
     119
     103
     118
     108
     112
     118
     112
     101
      99
     124
      94
      98
      92
     103
      97
     105
      96
      90
      92
     106
      92
     107
     107
     102
     128
     116
     104
     128
     145
     211
     319
     406
     429
     255
     159
     100
      94
      96
     103
      94
      91
      96
     102
     100
     115
     104
     102
     102
     119
      95
      95
      86
     107
     101
      89
     103
      93
     110
      93
     116
     101
     123
      91
      93
      94
      89
      97
     108
      98
      96
     109
      98
      94
     100
     105
     103
     103
      86
     102
     111
      95
      98
     102
     117
     108
     108
      93
      89
      80
     102
      84
      70
      94
     112
      90
      89
      62
      90
      91
      95
      88
      95
     103
      84
     100
      86
     118
      94
      97
      92
      96
      83
      94
     104
      89
     108
      83
     106
      83
     111
      98
      94
     112
      93
      91
      94
     100
      99
      98
      94
      92
     110
      80
      92
      88
      89
      83
      87
     105
      89
     127
     186
     355
     646
     869
     795
     495
     219
     134
      98
     102
      88
      74
      88
      88
     104
     120
     149
     105
      94
      87
      72
      73
     107
      93
      99
      78
      78
     103
      68
     113
      80
      82
      94
     116
     105
      82
      73
      89
      89
      87
      92
      77
      63
      82
      84
      89
      87
     106
      99
     109
      99
      87
     102
      80
      79
      79
      70
      90
      90
      80
      84
      85
      89
     112
      85
      71
      86
      76
      96
      88
      69
      94
     101
      96
      91
      85
      81
      90
      97
      86
     106
      89
      80
      94
     102
     183
     307
     597
     955
    1009
     827
     422
     186
     114
      82
      91
      82
      73
      79
      71
      79
      76
      65
      92
      91
     100
      62
      97
      99
      82
      82
      71
      78
      85
      80
      91
      81
      77
      82
      90
      76
      90
      76
      91
      97
      91
      85
      74
     103
      92
      67
      99
      75
      89
      83
      89
      73
      92
      80
      96
      75
      70
      82
      70
      75
      87
      96
      76
      71
      82
      86
      99
      77
      86
      77
      90
      95
      63
      85
      92
      98
      78
      84
      82
      75
      81
      91
      86
     106
      92
      92
      74
      87
      87
      86
      79
      81
      80
      77
      73
      98
      78
      93
      82
      73
      91
      84
      83
      78
      92
      89
      85
      98
      83
     101
      73
     100
      81
      81
      82
      90
      94
     101
     116
     181
     198
     203
     151
     114
      87
      89
      89
      87
      83
      69
      92
     110
      82
      75
     105
      85
      92
      82
      84
      70
      94
      84
      90
      77
      95
      90
      77
      77
      77
      63
      88
      76
      85
      74
      79
      98
      83
     107
     106
     114
     105
     106
      80
      93
      83
      94
      72
      89
      97
      63
      75
      69
     102
      86
      95
      95
     121
     128
     123
     119
     108
     111
      80
      87
      90
      82
      75
      85
      75
      85
      80
      71
      81
      75
      87
      64
      85
      89
      70
      73
      90
      87
     105
      83
      68
     100
      76
      82
      89
      81
      87
      74
     108
      99
      71
      71
      69
      73
      73
      87
      89
      79
      84
      86
      74
      92
      92
      62
      85
      69
      89
      82
      82
      75
      67
      82
      71
      77
     103
      82
      81
      95
      83
      96
      89
      78
      83
      82
      79
      84
      84
      94
      94
      73
      78
      94
      77
      81
      72
      82
      85
      73
      84
      73
      68
      78
      82
      92
      83
      71
      92
      85
      78
      71
      65
      85
      81
      92
      94
      97
      94
      78
      77
      92
      75
      71
      65
      85
      71
      81
      84
      92
      93
      94
      90
      85
      83
      84
      82
      95
      78
      91
      73
      78
      98
      83
      82
      90
      75
      74
      77
      79
      99
     114
     128
     162
     194
     206
     161
     123
     119
      94
      98
     109
     108
     103
      97
      99
      79
      81
      86
      88
      95
      88
      78
      99
      74
      93
     100
      77
      82
     103
     112
      88
     102
      96
      80
      64
      85
      83
      83
      76
      80
      81
      77
      86
      67
      76
      79
      82
      93
      85
      86
      83
      84
      91
     102
      75
      90
     106
      91
     104
     128
     132
     194
     174
     124
     110
      96
      72
      82
      70
      89
      75
      71
      83
      80
      77
      78
      83
      89
      75
      64
      72
      73
      69
      78
      66
      70
      67
      66
      71
      78
      76
      67
      85
      63
      65
      73
      75
      88
      74
      74
      94
      70
      80
      84
      59
      79
      77
      60
      75
      68
      71
      59
      79
      83
      80
      75
      60
      63
      63
      72
      81
      79
      83
      89
      74
      64
      89
      60
      70
      63
      70
      72
      65
      78
      57
      74
      80
      68
      71
      59
      65
      76
      63
      83
      85
      59
      74
      72
      62
      75
      59
      67
      81
      66
      67
      80
      83
      66
      64
      75
      61
      61
      72
      62
      82
      81
      53
      54
      66
      75
      79
      77
      68
      56
      70
      78
      87
      74
      57
      63
      72
      75
      69
      75
      75
      60
      63
      72
      73
      74
      90
      65
      70
      66
      68
      73
      68
      83
      59
      66
      80
      77
      80
      63
      72
      81
      67
      65
      64
      78
      79
      73
      84
      69
      72
      68
      71
      85
      60
      84
      77
      70
      77
      67
      80
      67
      86
      57
      68
      72
      77
      80
      70
      83
      66
      62
      79
      51
      77
      59
      69
      78
      81
      89
      90
     104
      84
      76
      76
      72
      71
      71
      73
      67
      76
      76
      69
      62
      62
      59
      60
      65
      74
      80
      79
      76
      78
      66
      73
      59
      69
      68
      64
      56
      60
      65
      77
      59
      60
      60
      67
      75
      46
      55
      72
      66
      71
      64
      62
      77
     108
      99
     103
      95
      85
      73
      64
      58
      83
      73
     116
     139
     147
     147
     126
      77
      82
      65
      72
      65
      71
      72
      66
      69
      61
      73
      55
      46
      62
      71
      69
      78
      66
      59
      76
     104
     153
     174
     219
     192
     169
     131
      88
      74
      60
      64
      55
      73
      77
      77
      68
      57
      63
      67
      72
      68
      82
      70
      74
      74
      62
      80
      77
      60
      72
      61
      58
      71
      73
      71
      73
      71
      78
      50
      68
      84
      68
      78
      71
      72
      78
      54
      64
      75
      70
      72
      75
      58
      72
      71
      63
      70
      65
      68
      65
      68
      68
      75
      70
      85
      82
      86
      86
      76
      79
      65
      53
      79
      65
      56
      78
      58
      81
      72
      76
      82
      98
     119
     129
     134
     111
      88
      82
      69
      55
      72
      71
      77
     104
      92
      90
      72
      49
      71
      49
      64
      65
      67
      69
      59
      80
      85
      71
      75
      68
      71
      68
      60
      69
      73
      71
      74
      71
      70
      76
      68
      85
      76
      60
      66
      73
      75
      64
      76
      74
      69
      69
      78
      74
      68
      96
      59
      68
      72
      72
      78
      83
      65
      53
      60
      90
      78
      83
      72
      85
      84
      75
      71
      66
      82
      72
      63
      63
      79
      71
      84
      57
      65
      78
      71
      72
      85
      60
      68
      77
      71
      63
      74
      71
      75
      82
      68
      66
      67
      72
      81
      79
      63
      74
      64
      76
      69
      74
      69
      62
      74
      68
      72
      58
      59
      63
      95
      67
      80
      81
      92
      87
      85
     100
      91
      64
      72
      77
      73
      84
      70
      81
      71
      73
      77
      89
      52
      70
      52
      62
      62
      70
      70
      72
      69
      79
      59
      61
      67
      90
      69
      67
     105
     168
     301
     582
    1047
    1676
    2018
    2035
    1534
     875
     411
     175
      89
      63
      61
      67
      62
      52
      64
      75
      48
      61
      70
      47
      48
      63
      44
      62
      56
      52
      54
      70
      64
      54
      57
      45
      60
      67
      65
      74
      73
      59
      47
      66
      72
      55
      64
      58
      58
      66
      56
      61
      56
      40
      59
      66
      62
      63
      61
      51
      66
      51
      63
      50
      54
      62
      62
      44
      59
      56
      76
      63
      64
      56
      56
      59
      62
      68
      56
      47
      53
      51
      52
      52
      69
      71
      93
      92
     122
     125
      88
      82
      83
      78
      51
      58
      44
      48
      68
      58
      42
      57
      51
      58
      54
      54
      79
      56
      54
      51
      56
      44
      59
      53
      73
      69
      64
      58
      66
      66
      67
      58
      49
      55
      44
      58
      48
      60
      57
      72
      62
      63
      65
      71
      56
      52
      70
      62
      58
      61
      67
      66
      62
      59
      70
      47
      45
      54
      51
      59
      52
      59
      64
      50
      67
      64
      48
      60
      59
      64
      63
      60
      55
      61
      64
      70
      54
      67
      65
      79
      77
      71
      78
      56
      73
      69
      61
      73
      53
      52
      58
      56
      68
      43
      53
      57
      67
      65
      64
      60
      54
      65
      59
      67
      64
      64
      62
      56
      66
      70
      64
      63
      58
      77
      53
      65
      69
      70
      48
      65
      55
      73
      46
      60
      47
      64
      48
      62
      46
      54
      76
      47
      59
      66
      52
      72
      64
      51
      56
      71
      65
      74
     137
     174
     279
     459
     547
     619
     578
     416
     230
     110
      83
      62
      66
      58
      61
      60
      58
      73
      71
      64
      79
      85
      71
      80
      67
      64
      58
      73
      67
      62
      59
      71
      58
      54
      58
      75
      61
      61
      76
      55
      51
      42
      66
      63
      49
      56
      48
      51
      56
      56
      49
      47
      55
      55
      46
      63
      55
      59
      49
      50
      55
      66
      50
      47
      56
      56
      57
      41
      46
      54
      48
      53
      60
      58
      52
      48
      59
      58
      60
      47
      65
      67
      75
      69
      51
      51
      49
      58
      62
      56
      66
      49
      56
      60
      66
      57
      54
      56
      51
      60
      43
      42
      40
      54
      66
      48
      30
      49
      64
      58
      44
      56
      45
      42
      34
      35
      41
      47
      49
      44
      45
      49
      48
      53
      28
      32
      39
      40
      42
      32
      40
      36
      49
      50
      36
      51
      54
      65
      70
      96
      90
      92
      68
      59
      48
      46
      47
      48
      35
      31
      45
      37
      43
      41
      40
      52
      70
      57
      76
      63
      62
      60
      43
      39
      42
      38
      30
      42
      64
      43
      46
      45
      47
      41
      42
      42
      35
      33
      32
      39
      43
      42
      35
      41
      33
      37
      30
      41
      41
      46
      53
      32
      34
      36
      34
      36
      47
      32
      42
      34
      38
      47
      29
      34
      32
      35
      43
      37
      27
      40
      46
      34
      58
      30
      35
      45
      35
      43
      35
      47
      28
      40
      41
      29
      37
      42
      36
      28
      32
      30
      18
      30
      44
      37
      30
      30
      37
      40
      26
      32
      33
      31
      34
      31
      34
      39
      38
      34
      54
      63
      97
     178
     291
     534
     823
    1259
    1624
    1774
    1504
    1044
     532
     262
     130
      61
      33
      28
      34
      31
      30
      33
      24
      39
      38
      31
      24
      41
      31
      33
      36
      29
      35
      26
      34
      32
      26
      32
      41
      37
      37
      26
      29
      28
      29
      26
      25
      34
      33
      47
      29
      21
      30
      26
      36
      26
      40
      32
      32
      23
      28
      31
      30
      32
      33
      35
      35
      23
      25
      33
      19
      35
      23
      31
      35
      26
      40
      40
      27
      28
      32
      19
      17
      23
      29
      27
      29
      24
      30
      26
      35
      37
      43
      29
      24
      26
      28
      22
      21
      27
      17
      20
      28
      41
      21
      24
      27
      38
      29
      36
      45
      45
      58
      70
      95
     113
     111
     105
      75
      47
      39
      18
      25
      36
      28
      28
      29
      25
      21
      33
      18
      25
      23
      20
      30
      26
      27
      28
      24
      22
      19
      18
      18
      36
      28
      24
      27
      19
      28
      27
      25
      24
      19
      31
      31
      19
      19
      32
      29
      30
      19
      11
      21
      21
      33
      24
      29
      21
      26
      30
      23
      27
      22
      17
      19
      30
      18
      33
      25
      31
      19
      26
      19
      23
      27
      15
      22
      25
      24
      14
      22
      32
      35
      37
      17
      23
      19
      31
      16
      19
      31
      24
      20
      32
      30
      23
      22
      23
      24
      17
      19
      16
      24
      28
      26
      21
      26
      34
      27
      32
      19
      24
      18
      28
      30
      24
      23
      33
      32
      37
      29
      19
      35
      32
      20
      22
      17
      25
      18
      19
      24
      24
      29
      28
      23
      25
      27
      32
      28
      36
      16
      25
      24
      28
      24
      32
      24
      33
      32
      29
      30
      28
      34
      17
      26
      28
      26
      23
      23
      28
      26
      22
      37
      27
      26
      25
      20
      26
      33
      27
      32
      37
      30
      23
      27
      30
      37
      25
      20
      25
      32
      25
      36
      23
      19
      29
      33
      20
      30
      17
      34
      35
      20
      30
      29
      24
      27
      37
      29
      24
      27
      24
      27
      24
      28
      33
      29
      40
      58
      65
     117
     215
     343
     499
     751
    1011
    1042
    1008
     707
     452
     254
     137
      98
     108
     152
     187
     216
     206
     168
      87
      57
      53
      36
      38
      34
      26
      24
      32
      31
      23
      22
      19
      23
      27
      34
      22
      35
      19
      42
      27
      27
      29
      27
      23
      30
      26
      34
      30
      31
      35
      26
      32
      32
      23
      29
      19
      36
      26
      33
      23
      29
      20
      33
      34
      41
      41
      61
      86
     124
     228
     383
     576
     873
    1125
    1377
    1278
    1088
     719
     391
     197
      92
      45
      33
      22
      32
      30
      26
      39
      31
      27
      32
      39
      38
      30
      32
      20
      27
      26
      21
      21
      30
      25
      32
      28
      39
      33
      13
      26
      30
      32
      23
      27
      25
      30
      33
      28
      18
      26
      27
      23
      25
      28
      23
      34
      17
      30
      23
      25
      28
      27
      24
      17
      22
      25
      29
      30
      29
      27
      31
      17
      32
      27
      31
      24
      23
      23
      29
      19
      33
      24
      35
      35
      31
      26
      27
      38
      35
      31
      41
      23
      35
      23
      33
      37
      22
      19
      31
      34
      28
      42
      33
      32
      25
      32
      41
      39
      34
      39
      31
      33
      44
      38
      29
      29
      37
      33
      33
      42
      28
      29
      32
      38
      44
      33
      27
      32
      21
      31
      29
      29
      30
      23
      36
      32
      35
      33
      37
      32
      34
      23
      37
      30
      32
      25
      27
      20
      34
      37
      25
      21
      35
      36
      26
      40
      28
      36
      26
      34
      29
      33
      41
      32
      31
      33
      22
      39
      36
      21
      37
      28
      32
      37
      30
      33
      33
      42
      33
      30
      26
      32
      23
      32
      24
      35
      46
      37
      36
      30
      37
      35
      26
      31
      25
      37
      32
      42
      36
      33
      27
      33
      32
      28
      28
      24
      32
      23
      25
      20
      29
      15
      33
      21
      26
      28
      29
      30
      23
      24
      24
      22
      24
      15
      27
      25
      23
      22
      19
      15
      25
       9
      21
      21
      21
      22
      17
      12
      19
      19
      17
      20
      19
      17
      24
      21
      26
      14
      20
      17
      12
      16
      22
      18
      20
      22
      17
      18
      15
      24
      24
      16
      30
      32
      54
      66
      70
     106
     132
     169
     140
      94
      62
      47
      43
      20
      12
      13
      18
      25
      22
      11
      15
      12
      20
      21
      21
      15
      17
      16
      18
      19
      24
      11
      13
      14
      23
      25
      16
      18
       8
      13
      20
       9
      16
      11
      10
      20
      14
      21
      15
      19
      12
      15
      18
      12
      17
      18
      19
      18
      15
      25
      19
      19
      16
      13
      23
       9
      14
      15
      12
      17
      11
      20
       9
      16
      18
      17
      11
      16
      13
      11
      13
      14
      14
      11
      16
      19
      21
      10
      14
      19
      13
      12
       9
      12
      21
      10
      17
      18
      21
      17
      16
      25
      24
      24
      33
      26
      30
      23
      16
      11
      15
      13
      19
      17
      14
      15
      12
      17
      17
       9
      14
       9
      14
      17
      15
      13
      18
      13
      10
      11
      11
      13
       8
       7
      14
      16
      12
      15
       9
      11
      13
      11
      10
      12
      13
      14
      13
      15
       6
      11
       8
      10
      10
       9
      15
       8
       7
      14
      14
       9
      15
      16
      13
      21
      19
      21
      34
      33
      34
      17
      26
      13
      12
      10
      11
       7
       7
      13
       7
      11
      11
       9
      14
       6
       3
      10
      12
      17
       7
      11
       4
      10
       6
      11
       8
      12
       7
       7
       8
      10
       9
       3
       6
       7
      11
      11
       9
       9
       8
       5
      13
       5
      17
      15
      16
       9
      17
      15
       8
       7
      11
       5
       8
      12
      15
      15
      20
      41
      58
      97
     120
     115
     133
     111
      90
      51
      31
      23
       9
       6
       7
       6
       3
       3
       4
       3
       3
       2
       5
       3
       6
       6
       2
       2
       5
       4
       7
       4
       2
       0
       5
       2
       4
       2
       3
       0
       4
       7
       3
       7
       5
       5
       5
       8
       5
       4
       6
       2
       4
       1
       2
       3
       4
       3
       3
       5
       4
       2
       5
       5
       4
       5
       3
       0
       1
       3
       2
       2
       2
       3
       1
       4
       5
       1
       2
       7
       2
       2
       3
       4
       3
       3
       5
       1
       3
       4
       3
       2
       1
       5
       2
       3
       3
       2
       0
       7
       1
       1
       4
       6
       4
       1
       2
       0
       5
       2
       3
       4
       1
       3
       3
       1
       1
       1
       1
       1
       4
       2
       3
       4
       7
       1
       7
       3
       5
       3
       2
       4
       7
       4
       5
       3
       7
       2
       2
       1
       4
       6
       2
       6
       2
       3
       5
       2
       4
       5
       4
       1
       5
       5
       3
       4
       2
       1
       0
       4
       1
       1
       0
       2
       2
       2
       5
       1
       6
       0
       6
       7
       2
       3
       4
       5
       4
       1
       5
       4
       8
       1
       1
       2
       2
       0
       1
       2
       4
       4
       0
       5
       2
       1
       3
       7
       3
       3
       0
       2
       3
       1
       2
       1
       2
       3
       1
       2
       1
       4
       6
       1
       4
       3
       6
       2
       3
       1
       1
       1
       2
       5
       2
       1
       2
       3
       2
       2
       5
       0
       1
       2
       2
       3
       3
       3
       1
       2
       2
       1
       2
       6
       2
       2
       3
       6
       1
       3
       3
       1
       1
       3
       0
       5
       5
       3
       4
       4
       4
       3
       4
       1
       1
       3
       7
       3
       3
       1
       4
       2
       1
       5
       3
       5
       3
       5
       6
       8
      14
      20
      50
      64
     122
     180
     325
     508
     801
    1062
    1310
    1407
    1381
    1231
     866
     572
     282
     118
      69
      16
      11
       3
       0
       1
       2
       1
       3
       2
       1
       1
       0
       0
       1
       1
       0
       1
       1
       1
       2
       0
       4
       1
       2
       1
       0
       1
       3
       2
       0
       5
       0
       1
       1
       0
       4
       1
       2
       1
       1
       1
       1
       0
       1
       2
       1
       1
       1
       2
       0
       0
       1
       0
       0
       1
       1
       4
       0
       1
       3
       0
       1
       2
       2
       0
       1
       0
       1
       1
       2
       3
       2
       3
       3
       0
       2
       2
       3
       2
       0
       0
       3
       4
       2
       0
       2
       0
       1
       2
       0
       3
       4
      11
       4
       9
       6
       4
       6
       6
       4
       5
       2
       0
       1
       1
       1
       1
       1
       1
       1
       0
       3
       1
       3
       3
       6
      11
      15
      15
      18
      35
      34
      37
      34
      23
      15
       6
       8
       2
       2
       2
       1
       1
       1
       4
       2
       0
       1
       1
       0
       0
       2
       2
       0
       1
       0
       0
       1
       0
       1
       2
       0
       0
       0
       0
       0
       0
       0
       0
       1
       0
       1
       1
       0
       0
       1
       0
       1
       1
       1
       0
       0
       0
       0
       1
       0
       0
       0
       0
       1
       0
       0
       0
       0
       0
       2
       2
       1
       1
       1
       1
       1
       0
       0
       2
       0
       3
       0
       0
       0
       0
       1
       0
       0
       1
       0
       0
       0
       0
       0
       0
       1
       0
       0
       0
       1
       1
       0
       0
       0
       0
       0
       0
       1
       0
       0
       0
       2
       1
       1
       1
       1
       1
       1
       0
       0
       0
       0
       0
       0
       0
       1
       0
       0
       0
       0
       1
       0
       1
       0
       1
       0
       0
       0
       2
       1
       0
       0
       0
       1
       0
       1
       1
       1
       1
       0
       2
       2
       1
       0
       0
       2
       0
       1
       0
       1
       1
       0
       0
       1
       1
       2
       0
       0
       0
       0
       0
       1
       0
       1
       0
       0
       0
       0
       2
       1
       0
       2
       1
       2
       2
       8
      10
      13
      18
      20
      24
      19
      13
       9
       8
       3
       4
       5
       0
       1
       0
       0
       1
       0
       1
       0
       0
       0
       0
       0
       0
       0
       2
       0
       0
       1
       0
       0
       0
       1
       1
       0
       0
       0
       1
       1
       0
       0
       0
       1
       1
       1
       0
       1
       0
       0
       2
       0
       0
       1
       0
       0
       0
       0
       1
       0
       0
       1
       1
       0
       0
       0
       0
       0
       0
       0
       1
       0
       1
       0
       1
       2
       0
       1
       1
       0
       0
       0
       0
       0
       0
       0
       1
       0
       2
       0
       2
       0
       0
       0
       3
       0
       0
       0
       1
       0
       0
       0
       0
       1
       0
       0
       0
       0
       0
       0
       0
       0
       0
       0
       0
       0
       0
       0
       0
       1
       0
       0
       1
       1
       0
       0
       0
       1
       0
       0
       0
       1
       0
       0
       0
       0
       1
       0
       0
       0
       1
       0
       0
       0
       0
       0
       0
       0
       1
       0
       0
       1
       0
       1
       1
       0
       0
       0
       0
       0
       2
       0
       1
       0
       0
       0
       3
       0
       0
       0
       0
       0
       0
       0
       1
       1
       0
       1
       2
       2
       2
       2
       2
       1
       0
       0
       0
       1
       1
       0
       1
       0
       0
       0
       0
       0
       1
       0
       0
       1
       0
       1
       0
       2
       0
       1
       1
       0
       1
       0
       2
       0
       1
       0
       1
       0
       1
       1
       0
       0
       0
       0
       1
       0
       1
       0
       0
       0
       0
       1
       0
       0
       2
       1
       0
       0
       0
       1
       0
       0
       1
       0
       1
       0
       0
       0
       0
       0
       0
       0
       1
       0
       0
       1
       0
       0
       0
       0
       0
       0
       0
       1
       0
       0
       0
       0
       0
       0
       0
       0
       0
       1
       0
       0
       0
       0
       0
       0
       0
       0
       0
       2
       0
       1
       0
       1
       0
       1
       1
       1
       0
       0
       0
       0
       0
       0
       1
       0
       0
       0
       0
       1
       2
       0
       0
       1
       0
       0
       0
       1
       0
       0
       0
       0
       0
       0
       0
       0
       1
       0
       0
       1
       0
       0
       1
       1
       0
       1
       1
       0
       0
       0
       0
       0
       0
       0
       0
       0
       0
       0
       1
       0
       0
       0
       0
       0
       0
       0
       0
       1
       0
       0
       0
       0
       0
       0
       2
       0
       0
       1
       1
       0
       0
       0
       0
       0
       0
       0
       0
       0
       1
       1
       1
       0
       1
       1
       1
       1
       0
       0
       0
       0
       0
       0
       0
       0
       0
       0
       0
       0
       0
       1
       0
       0
       0
       0
       0
       1
       0
       1
       0
       0
       0
       0
       0
       0
       0
       1
       0
       0
       0
       0
       0
       2
       0
       0
       0
       0
       0
       0
       0
       1
       0
       0
       0
       0
       0
       0
       0
       0
       0
       1
       0
       0
       0
       0
       0
       0
       0
       0
       0
       0
       0
       0
       0
       0
       0
       1
       0
       0
       0
       0
       1
       0
       0
       1
       0
       0
       0
       2
       0
       1
       0
       0
       0
       0
       0
       0
       0
       0
       0
       0
       0
       0
       1
       0
       0
       1
       0
       1
       0
       0
       0
       0
       0
       0
       0
       0
       0
       0
       0
       0
       0
       0
       0
       0
       1
       0
       1
       0
       0
       0
       0
       0
       0
       0
       0
       0
       1
       0
       1
       0
       0
       0
       0
       0
       0
       1
       0
       0
       0
       0
       0
       1
       0
       0
       0
       1
       1
       0
       0
       0
       0
       0
       0
       1
       0
       0
       0
       0
       0
       0
       1
       0
       0
       0
       1
       0
       0
       0
       0
       1
       0
       0
       0
       1
       0
       0
       1
       0
       0
       0
       0
       0
       0
       0
       1
       0
       0
       0
       0
       0
       0
       0
       0
       0
       0
       0
       0
       0
       0
       0
       0
       0
       0
       0
       0
       0
       0
       0
       0
       0
       0
       0
       0
       0
       0
       0
       1
       0
       0
       0
       0
       1
       0
       0
       0
       0
       1
       0
       0
       0
       0
       0
       0
       0
       0
       0
       2
       0
       0
       2
       0
       1
       2
       0
       0
       0
       2
       2
       0
       2
       3
       0
       1
       1
       0
       0
       0
       0
       0
       0
       0
       0
       1
       0
       0
       1
       0
       0
       0
       1
       0
       1
       0
       0
       0
       1
       0
       0
       0
       1
       0
       0
       0
       0
       0
       0
       1
       0
       0
       1
       0
       0
       0
       0
       0
       1
       0
       0
       0
       0
       0
       1
       0
       0
       0
       0
       0
       0
       0
       0
       0
       0
       0
       0
       0
       0
       0
       0
       0
       0
       0
       1
       0
       0
       0
       0
       0
       0
       0
       0
       1
       0
       2
       0
       0
       0
       0
       0
       0
       2
       0
       0
       0
       1
       1
       0
       0
       0
       0
       0
       0
       0
       0
       1
       0
       0
       0
       0
       0
       0
       1
       0
       0
       0
       0
       0
       0
       0
       1
       0
       0
       1
       0
       0
       0
       0
       1
       0
       0
       0
       0
       0
       0
       0
       1
       0
       0
       2
       0
       0
       0
       0
       0
       0
       0
       0
       1
       1
       0
       0
       0
       0
       0
       0
       0
       0
       0
       0
       0
       0
       1
       0
       0
       0
       0
       1
       0
       0
       0
       0
       0
       0
       0
       0
       1
       0
       0
       0
       0
       0
       0
       0
       0
       0
       0
       0
       0
       1
       0
       0
       0
       0
       0
       1
       0
       1
       0
       0
       0
       0
       0
       1
       0
       0
       0
       0
       0
       0
       0
       0
       0
       0
       0
       0
       0
       0
       0
       0
       0
       0
       0
       0
       0
       0
       0
       0
       0
       0
       0
       1
       0
       1
       0
       0
       0
       0
       0
       1
       0
       0
       0
       1
       0
       1
       0
       0
       1
       0
       0
       0
       0
       0
       0
       0
       0
       0
       0
       0
       0
       0
       0
       0
       0
       0
       0
       0
       1
       0
       0
       0
       0
       0
       1
       0
       0
       0
       0
       0
       0
       0
       0
       0
       1
       0
       0
       0
       0
       0
       1
       0
       1
       0
       0
       1
       1
       0
       0
       0
       0
       0
       0
       1
       0
       0
       0
       0
       0
       1
       0
       0
       0
       0
       0
       1
       0
       0
       0
       0
       0
       0
       0
       0
       0
       1
       1
       0
       0
       0
       0
       0
       0
       0
       0
       1
       0
       0
       0
       0
       0
       0
       0
       0
       1
       0
       0
       0
       0
       0
       0
       0
       0
       0
       0
       0
       0
       0
       0
       0
       0
       0
       0
       0
       1
       0
       0
       0
       0
       0
       0
       0
       0
       0
       0
       0
       0
       0
       0
       0
       0
       1
       0
       0
       0
       0
       0
       1
       0
       0
       0
       0
       0
       0
       0
       0
       0
       0
       0
       1
       0
       0
       0
       0
       1
       0
       0
       0
       0
       0
       0
       0
       0
       0
       0
       0
       0
       0
       0
       0
       0
       0
       1
       0
       0
       0
       0
       0
       0
       0
       0
       0
       0
       1
       1
       0
       0
       0
       0
       1
       0
       1
       1
       0
       0
       0
       0
       0
       0
       0
       0
       1
       0
       1
       1
       0
       0
       0
       1
       0
       0
       1
       1
       0
       0
       0
       0
       0
       1
       0
       0
       1
       0
       0
       0
       0
       0
       0
       1
       0
       0
       0
       0
       0
       0
       0
       0
       0
       0
       0
       0
       0
       0
       1
       0
       2
       2
       0
       0
       0
       0
       0
       0
       0
       0
       1
       0
       0
       0
       0
       0
       0
       1
       0
       0
       0
       0
       0
       0
       0
       1
       0
       0
       0
       0
       0
       0
       0
       0
       0
       0
       0
       0
       0
       0
       1
       0
       0
       0
       0
       0
       0
       0
       0
       0
       0
       1
       0
       0
       1
       0
       1
       0
       0
       0
       0
       0
       0
       0
       1
       0
       0
       0
       1
       0
       0
       0
       1
       1
       0
       0
       0
       0
       1
       0
       0
       0
       0
       0
       0
       0
       0
       0
       0
       0
       0
       0
       0
       1
       0
       0
       0
       0
       0
       0
       0
       1
       0
       1
       0
       0
       0
       1
       0
       0
       0
       0
       0
       0
       0
       1
       0
       0
       0
       0
       0
       0
       0
       0
       0
       0
       0
       0
       0
       0
       0
       0
       0
       0
       0
       0
       0
       0
       0
       0
       1
       0
       0
       0
       0
       0
       0
       0
       0
       1
       1
       0
       0
       0
       0
       0
       0
       0
       0
       0
       0
       0
       0
       1
       0
       2
       0
       1
       0
       0
       0
       0
       0
       0
       1
       0
       0
       0
       0
       0
       1
       1
       0
       0
       0
       0
       0
       0
       0
       0
       0
       0
       0
       0
       0
       0
       0
       0
       0
       0
       1
       0
       0
       0
       0
       0
       0
       1
       0
       1
       0
       0
       1
       0
       0
       1
       1
       0
       0
       0
       0
       0
       1
       0
       0
       0
       0
       0
       0
       0
       0
       0
       0
       0
       1
       0
       1
       0
       0
       0
       1
       0
       0
       0
       0
       0
       0
       0
       0
       0
       0
       0
       0
       0
       0
       0
       1
       0
       0
       0
       0
       1
       0
       0
       0
       0
       1
       0
       0
       0
       0
       0
       0
       0
       0
       0
       0
       0
       0
       0
       0
       0
       0
       0
       0
       0
       0
       0
       0
       0
       0
       0
       0
       0
       0
       0
       0
       0
       0
       0
       1
       1
       0
       0
       1
       0
       0
       0
       0
       0
       0
       0
       1
       0
       0
       1
       0
       0
       0
       0
       0
       1
       0
       0
       0
       0
       0
       0
       0
       0
       0
       0
       0
       0
       0
       0
       0
       2
       0
       0
       0
       0
       0
       1
       0
       0
       0
       0
       0
       0
       0
       1
       1
       0
       0
       0
       0
       0
       0
       0
       0
       0
       0
       0
       0
       1
       0
       0
       0
       0
       0
       0
       1
       0
       1
       0
       0
       0
       0
       0
       0
       0
       1
       1
       1
       0
       0
       1
       0
       0
       0
       0
       1
       0
       0
       0
       0
       0
       0
       0
       0
       0
       0
       0
       0
       0
       0
       1
       0
       0
       0
       0
       0
       1
       0
       0
       0
       0
       0
       0
       0
       0
       0
       0
       0
       0
       0
       0
       0
       0
       0
       0
       0
       0
       0
       0
       0
       0
       1
       0
       0
       0
       0
       0
       0
       0
       0
       0
       0
       0
       0
       0
       0
       0
       0
       0
       0
       0
       0
       0
       0
       0
       0
       0
       0
       0
       0
       0
       0
       0
       0
       0
       1
       0
       0
       0
       0
       1
       0
       0
       0
       0
       0
       0
       0
       0
       0
       1
       0
       0
       0
       0
       0
       0
       0
       0
       0
       0
       0
       0
       0
       0
       0
       0
       0
       0
       0
       1
       0
       0
       0
       0
       0
       0
       0
       0
       0
       0
       0
       0
       0
       0
       0
       0
       0
       0
       0
       1
       0
       0
       0
       0
       0
       0
       0
       0
       0
       0
       0
       0
       0
       0
       0
       0
       0
       0
       0
       0
       0
       0
       0
       0
       0
       0
       0
       1
       1
       0
       0
       0
       0
       0
       0
       2
       0
       0
       0
       0
       0
       0
       0
       1
       0
       1
       0
       0
       0
       0
       0
       0
       0
       0
       0
       0
       0
       0
       0
       1
       0
       0
       0
       0
       0
       1
       0
       0
       0
       0
       1
       0
       0
       0
       0
       0
       0
       0
       1
       1
       0
       0
       0
       1
       0
       0
       0
       0
       0
       0
       0
       1
       0
       0
       0
       0
       0
       1
       0
       0
       0
       0
       0
       0
       0
       0
       1
       0
       1
       0
       0
       0
       0
       0
       0
       0
       0
       0
       0
       0
       0
       0
       0
       0
       0
       0
       0
       1
       1
       0
       0
       0
       1
       0
       0
       0
       0
       0
       0
       0
       0
       0
       0
       0
       0
       1
       0
       0
       0
       1
       0
       0
       1
       0
       0
       0
       0
       0
       1
       0
       0
       1
       2
       0
       0
       0
       0
       0
       0
       0
       0
       0
       0
       0
       0
       0
       0
       0
       0
       0
       0
       0
       0
       0
       0
       0
       0
       0
       0
       0
       0
       1
       0
       0
       0
       0
       0
       0
       0
       0
       0
       1
       0
       0
       0
       0
       0
       0
       0
       0
       0
       0
       0
       0
       0
       0
       0
       1
       0
       0
       0
       0
       0
       0
       0
       0
       0
       0
       1
       0
       0
       0
       0
       0
       0
       0
       1
       1
       0
       0
       0
       0
       1
       0
       0
       1
       0
       0
       1
       0
       0
       0
       0
       0
       0
       0
       0
       0
       0
       0
       0
       1
       0
       0
       0
       0
       0
       0
       0
       0
       0
       1
       0
       0
       0
       0
       0
       0
       0
       0
       0
       0
       0
       0
       0
       1
       0
       0
       0
       1
       1
       1
       0
       0
       0
       0
       0
       0
       0
       0
       0
       0
       0
       0
       0
       1
       0
       0
       0
       0
       0
       0
       0
       0
       0
       0
       0
       0
       0
       0
       0
       0
       0
       0
       0
       0
       1
       0
       0
       0
       0
       0
       0
       0
       0
       0
       0
       0
       0
       0
       1
       0
       0
       0
       0
       0
       1
       0
       0
       0
       0
       0
       0
       0
       1
       0
       0
       0
       0
       0
       0
       0
       0
       0
       0
       0
       0
       0
       0
       0
       0
       0
       0
       0
       0
       0
       0
       0
       0
       0
       1
       0
       0
       0
       0
       0
       0
       0
       0
       0
       0
       0
       0
       0
       0
       1
       0
       0
       0
       1
       0
       1
       0
       0
       0
       0
       1
       0
       0
       0
       0
       0
       0
       0
       0
       0
       0
       0
       0
       0
       0
       0
       0
       0
       0
       0
       0
       0
       0
       0
       0
       0
       0
       1
       0
       0
       0
       0
       0
       0
       0
       0
       0
       0
       0
       0
       0
       0
       0
       0
       0
       0
       0
       0
       0
       0
       0
       0
       0
       0
       0
       0
       0
       0
       1
       0
       0
       0
       0
       0
       0
       0
       0
       0
       1
       0
       0
       0
       0
       0
       0
       0
       0
       0
       0
       0
       0
       0
       0
       0
       0
       0
       0
       0
       0
       0
       0
       1
       0
       0
       0
       0
       1
       0
       0
       0
       1
       0
       1
       0
       0
       0
       0
       0
       0
       0
       1
       1
       0
       0
       0
       0
       0
       0
       0
       0
       0
       0
       0
       0
       0
       0
       0
       1
       0
       1
       1
       0
       0
       0
       0
       0
       0
       1
       0
       0
       0
       1
       0
       0
       0
       0
       0
       0
       0
       0
       1
       0
       0
       0
       0
       0
       0
       0
       0
       0
       0
       0
       1
       0
       0
       0
       0
       0
       0
       0
       0
       0
       0
       0
       0
       0
       0
       0
       0
       0
       0
       0
       1
       1
       0
       0
       0
       0
       0
       0
       0
       0
       0
       0
       0
       0
       0
       0
       0
       0
       0
       1
       0
       0
       0
       0
       0
       0
       0
       0
       0
       0
       0
       0
       0
       0
       0
       0
       0
       0
       0
       0
       0
       0
       0
       1
       0
       0
       0
       0
       0
       0
       0
       0
       0
       0
       0
       0
       0
       0
       0
       0
       0
       0
       0
       0
       0
       0
       1
       0
       0
       2
       1
       0
       0
       0
       0
       0
       0
       0
       0
       0
       1
       0
       1
       0
       0
       0
       0
       0
       0
       0
       0
       0
       1
       0
       0
       0
       0
       0
       0
       0
       0
       0
       0
       0
       0
       0
       0
       0
       0
       0
       0
       0
       0
       0
       0
       0
       0
       0
       0
       0
       0
       0
       0
       1
       0
       0
       1
       0
       0
       0
       0
       0
       0
       0
       0
       0
       0
       1
       0
       0
       0
       0
       0
       0
       0
       0
       0
       0
       0
       0
       0
       0
       0
       0
       0
       0
       0
       0
       0
       0
       2
       0
       0
       0
       0
       1
       0
       0
       0
       0
       0
       0
       0
       1
       0
       0
       0
       0
       0
       0
       0
       0
       0
       0
       0
       0
       0
       1
       0
       0
       0
       0
       0
       0
       0
       0
       0
       1
       0
       0
       0
       0
       0
       0
       0
       0
       0
       1
       0
       0
       0
       0
       0
       0
       0
       0
       0
       0
       0
       0
       0
       0
       0
       1
       2
       0
       0
       0
       0
       0
       0
       0
       0
       0
       0
       0
       0
       0
       1
       0
       0
       0
       0
       0
       0
       0
       0
       0
       0
       0
       0
       0
       0
       0
       0
       1
       0
       0
       0
       0
       0
       0
       0
       0
       0
       0
       1
       1
       0
       0
       0
       0
       0
       0
       0
       0
       0
       0
       0
       0
       0
       0
       1
       0
       0
       0
       0
       0
       0
       0
       0
       0
       0
       0
       0
       0
       0
       0
       0
       0
       0
       0
       0
       0
       0
       2
       0
       0
       0
       0
       0
       0
       0
       0
       0
       0
       0
       0
       0
       0
       0
       0
       0
       0
       0
       0
       0
       0
       0
       0
       1
       0
       1
       0
       0
       0
       0
       0
       0
       0
       0
       0
       0
       0
       1
       0
       0
       0
       0
       0
       0
       0
       0
       0
       0
       0
       0
       0
       0
       1
       0
       0
       0
       0
       0
       0
       0
       0
       0
       0
       0
       1
       0
       0
       0
       0
       0
       0
       0
       0
       0
       0
       0
       0
       0
       0
       1
       0
       1
       0
       0
       0
       1
       0
       0
       0
       0
       0
       0
       0
       0
       0
       0
       0
       1
       0
       0
       0
       1
       0
       0
       0
       0
       2
       0
       0
       0
       0
       0
       0
       0
       0
       0
       0
       0
       0
       0
       1
       0
       0
       0
       1
       0
       0
       0
       0
       0
       0
       0
       0
       0
       0
       0
       0
       0
       0
       1
       0
       1
       0
       0
       1
       0
       1
       0
       0
       0
       0
       0
       0
       1
       0
       0
       0
       0
       0
       0
       0
       0
       0
       0
       0
       0
       1
       0
       1
       1
       0
       1
       0
       0
       0
       0
       0
       0
       0
       0
       0
       0
       0
       0
       0
       0
       0
       0
       0
       0
       0
       0
       0
       0
       0
       0
       0
       0
       0
       0
       0
       0
       0
       0
       0
       0
       0
       0
       0
       0
       0
       0
       0
       0
       0
       0
       0
       0
       0
       0
       0
       0
       0
       0
       0
       0
       0
       1
       0
       0
       0
       1
       0
       1
       0
       1
       0
       0
       0
       0
       0
       0
       0
       0
       0
       0
       0
       0
       0
       0
       0
       0
       0
       1
       0
       0
       0
       0
       1
       0
       0
       0
       0
       0
       0
       0
       0
       0
       0
       0
       0
       0
       0
       0
       0
       0
       1
       0
       0
       0
       0
       0
       2
       0
       0
       1
       1
       0
       1
       0
       0
       0
       0
       0
       0
       0
       0
       0
       0
       0
       0
       0
       0
       0
       0
       0
       0
       0
       0
       0
       0
       1
       0
       0
       0
       0
       0
       0
       0
       0
       0
       0
       0
       0
       1
       0
       0
       0
       0
       0
       0
       0
       0
       0
       0
       0
       0
       0
       0
       0
       0
       0
       0
       0
       0
       0
       0
       0
       0
       0
       0
       0
       0
       0
       0
       1
       0
       0
       0
       0
       1
       0
       0
       0
       1
       0
       0
       0
       0
       1
       0
       0
       0
       0
       1
       0
       0
       0
       0
       0
       1
       0
       0
       0
       0
       0
       0
       0
       0
       0
       0
       0
       0
       0
       0
       0
       0
       0
       1
       0
       0
       0
       0
       0
       0
       0
       0
       0
       0
       0
       0
       1
       0
       0
       0
       0
       0
       0
       1
       0
       0
       0
       0
       0
       0
       1
       0
       0
       0
       0
       0
       0
       1
       0
       0
       0
       0
       0
       0
       0
       0
       0
       0
       0
       0
       0
       0
       0
       0
       0
       0
       1
       0
       0
       2
       0
       0
       0
       0
       0
       0
       0
       0
       0
       0
       1
       0
       0
       0
       0
       0
       0
       0
       0
       0
       0
       0
       0
       0
       0
       0
       0
       0
       0
       0
       0
       0
       0
       0
       0
       0
       0
       0
       0
       0
       0
       0
       0
       0
       0
       0
       0
       0
       0
       0
       0
       0
       0
       0
       0
       0
       0
       0
       0
       0
       0
       0
       0
       0
       0
       0
       0
       0
       0
       0
       1
       0
       0
       0
       0
       0
       0
       0
       1
       0
       1
       0
       0
       0
       0
       1
       0
       0
       0
       0
       0
       0
       0
       0
       0
       0
       0
       0
       0
       0
       0
       0
       0
       0
       0
       0
       0
       0
       0
       1
       0
       0
       1
       0
       0
       0
       0
       0
       0
       0
       0
       0
       0
       0
       0
       0
       0
       0
       0
       0
       0
       0
       0
       0
       0
       0
       0
       0
       0
       0
       0
       0
       0
       0
       0
       0
       0
       0
       0
       0
       0
       0
       0
       0
       0
       0
       0
       0
       0
       0
       0
       1
       0
       0
       0
       0
       0
       0
       0
       0
       0
       0
       0
       1
       0
       0
       0
       0
       0
       0
       0
       0
       0
       0
       0
       0
       0
       0
       0
       0
       0
       0
       0
       0
       0
       0
       0
       0
       0
       0
       0
       0
       0
       1
       0
       0
       0
       0
       0
       0
       0
       0
       0
       0
       0
       0
       0
       0
       0
       0
       0
       0
       1
       0
       0
       0
       0
       1
       0
       1
       0
       0
       0
       0
       0
       0
       0
       1
       0
       0
       0
       0
       0
       0
       0
       0
       0
       0
       0
       0
       0
       0
       0
       0
       0
       0
       0
       0
       0
       0
       0
       0
       0
       0
       1
       0
       0
       1
       0
       0
       0
       0
       0
       0
       0
       1
       1
       0
       0
       0
       0
       0
       0
       0
       0
       0
       0
       0
       0
       0
       0
       0
       0
       0
       1
       0
       0
       0
       1
       0
       0
       0
       0
       0
       0
       0
       0
       0
       0
       0
       0
       0
       0
       0
       0
       0
       0
       0
       0
       0
       0
       0
       0
       0
       0
       0
       0
       0
       0
       0
       0
       0
       0
       0
       0
       0
       0
       1
       1
       0
       0
       0
       0
       0
       0
       1
       0
       0
       0
       0
       0
       0
       0
       1
       0
       1
       0
       0
       0
       1
       1
       1
       0
       0
       0
       0
       0
       0
       0
       0
       0
       0
       0
       0
       0
       0
       0
       0
       0
       0
       0
       0
       0
       0
       1
       0
       0
       0
       0
       0
       0
       0
       0
       0
       0
       0
       0
       0
       0
       0
       0
       0
       0
       0
       0
       0
       0
       0
       0
       0
       0
       0
       0
       0
       0
       0
       0
       0
       0
       0
       0
       0
       0
       0
       0
       0
       1
       0
       0
       0
       0
       0
       0
       0
       0
       0
       0
       0
       0
       0
       0
       0
       0
       0
       0
       0
       0
       0
       0
       0
       0
       0
       0
       0
       1
       0
       0
       0
       0
       0
       0
       0
       0
       0
       0
       0
       0
       0
       0
       0
       1
       1
       0
       0
       0
       0
       0
       0
       0
       0
       0
       1
       0
       1
       0
       0
       0
       0
       0
       0
       0
       0
       0
       0
       0
       0
       0
       2
       0
       0
       0
       0
       0
       0
       0
       0
       0
       1
       0
       0
       0
       0
       0
       0
       0
       0
       0
       0
       0
       0
       0
       0
       0
       0
       0
       0
       0
       0
       0
       0
       0
       0
       0
       0
       0
       0
       0
       0
       0
       0
       0
       0
       1
       0
       0
       0
       0
       0
       0
       0
       2
       0
       1
       0
       0
       1
       0
       0
       0
       0
       0
       0
       0
       0
       0
       0
       0
       0
       0
       0
       0
       1
       0
       0
       0
       0
       0
       1
       0
       0
       0
       0
       0
       0
       0
       0
       1
       0
       0
       0
       0
       0
       0
       0
       0
       0
       0
       0
       1
       1
       0
       0
       0
       0
       0
       0
       0
       0
       1
       0
       0
       0
       0
       0
       0
       0
       0
       0
       0
       0
       0
       0
       0
       0
       0
       0
       0
       0
       0
       0
       0
       0
       0
       0
       0
       0
       0
       0
       0
       0
       0
       0
       1
       0
       1
       0
       0
       0
       0
       0
       1
       0
       0
       1
       0
       0
       0
       0
       0
       0
       0
       0
       0
       0
       0
       1
       0
       0
       0
       0
       1
       0
       0
       0
       0
       0
       0
       0
       0
       0
       0
       0
       0
       0
       0
       0
       0
       0
       0
       1
       0
       0
       0
       0
       0
       0
       0
       0
       0
       0
       0
       0
       0
       0
       0
       0
       0
       0
       0
       0
       0
       0
       0
       0
       0
       0
       0
       0
       0
       0
       0
       0
       0
       0
       0
       0
       0
       0
       0
       0
       0
       0
       0
       0
       1
       0
       0
       0
       0
       0
       0
       1
       0
       0
       0
       0
       0
       0
       0
       1
       0
       0
       0
       0
       0
       0
       0
       0
       0
       0
       0
       0
       0
       0
       0
       0
       0
       0
       0
       0
       0
       0
       0
       0
       0
       0
       0
       0
       0
       0
       1
       0
       0
       1
       0
       0
       0
       0
       0
       0
       0
       0
       0
       0
       0
       0
       0
       0
       0
       0
       0
       0
       0
       0
       1
       0
       0
       0
       0
       0
       0
       0
       0
       0
       0
       0
       0
       0
       0
       0
       0
       0
       0
       0
       0
       0
       0
       0
       0
       0
       0
       0
       0
       0
       0
       1
       0
       0
       0
       0
       0
       0
       0
       0
       0
       0
       0
       0
       0
       0
       0
       0
       0
       0
       0
       0
       0
       1
       0
       0
       0
       1
       0
       0
       0
       0
       0
       0
       0
       1
       0
       0
       0
       0
       0
       0
       0
       0
       0
       0
       0
       0
       0
       0
       0
       0
       0
       0
       0
       0
       0
       0
       0
       0
       0
       0
       0
       0
       0
       1
       0
       0
       0
       0
       0
       0
       0
       0
       0
       0
       0
       1
       0
       0
       0
       0
       0
       0
       0
       0
       0
       0
       0
       0
       0
       0
       2
       0
       0
       0
       0
       0
       0
       0
       0
       0
       0
       0
       0
       0
       0
       1
       0
       0
       0
       0
       0
       0
       0
       0
       0
       0
       0
       0
       0
       0
       1
       0
       1
       0
       0
       0
       0
       0
       0
       0
       0
       0
       0
       1
       0
       0
       0
       0
       0
       0
       0
       1
       0
       0
       0
       0
       0
       0
       0
       0
       0
       0
       0
       0
       0
       0
       0
       0
       0
       0
       0
       0
       0
       0
       0
       0
       0
       0
       0
       0
       1
       0
       0
       0
       0
       0
       0
       0
       0
       0
       0
       0
       0
       0
       0
       0
       0
       0
       0
       0
       0
       0
       0
       0
       0
       0
       0
       0
       0
       0
       0
       0
       0
       1
       0
       0
       0
       0
       1
       0
       1
       0
       0
       0
       0
       0
       0
       0
       0
       0
       0
       0
       0
       0
       0
       0
       0
       0
       0
       1
       0
       0
       0
       0
       0
       1
       0
       0
       0
       0
       0
       0
       0
       0
       0
       0
       0
       0
       0
       0
       0
       0
       0
       0
       0
       0
       0
       0
       0
       0
       0
       0
       0
       0
       0
       0
       0
       0
       0
       0
       0
       0
       0
       0
       0
       0
       0
       0
       0
       0
       0
       0
       0
       0
       0
       0
       0
       0
       0
       0
       0
       0
       0
       0
       0
       0
       0
       0
       0
       0
       0
       0
       0
       0
       0
       0
       0
       0
       0
       0
       0
       0
       0
       0
       0
       0
       0
       0
       0
       0
       0
       0
       0
       0
       0
       0
       0
       0
       0
       0
       0
       0
       0
       0
       0
       0
       0
       0
       0
       0
       0
       0
       0
       0
       0
       0
       0
       0
       0
       0
       0
       0
       0
       0
       0
       0
       0
       0
       0
       0
       0
       0
       0
       0
       0
       0
       0
       0
       0
       0
       0
       0
       0
       0
       0
$ROI:
10
201 216
695 731
775 802
861 907
912 940
1707 1737
2018 2038
3030 3072
3461 3484
3632 3701
$PRESETS:
None
0
0
$ENER_FIT:
0.146075 0.383583
$MCA_CAL:
3
1.460746E-001 3.835831E-001 6.241566E-008 keV
$SHAPE_CAL:
3
2.337296E+000 1.279548E-003 -5.291850E-008
