$SPEC_ID:
Cs137
$SPEC_REM:
DET# 2
DETDESC# DETECTOR 2
AP# GammaVision Version 7.01.03
$DATE_MEA:
02/26/2017 10:36:42
$MEAS_TIM:
613 690
$DATA:
0 8191
       0
       0
       0
       0
       0
       0
       0
       0
       0
       0
       0
       0
       0
       0
       0
       0
       0
       0
       0
       0
       0
       0
       0
       0
       0
       0
       0
       0
       0
       0
       0
       0
       0
       0
       0
       0
       0
       0
       0
       0
       0
       0
       0
       0
       0
       0
       0
       0
       0
       0
       0
       0
       0
       0
       0
       0
       0
       0
       0
       0
       0
       0
       0
       0
       0
       0
       0
       0
       0
       0
       0
       0
       0
       0
       0
       0
       0
       0
       0
       0
       0
       0
       0
       0
       0
       0
       0
       0
       0
       0
       0
       0
       0
       0
       0
       1
     431
    7198
   11818
   15576
   38674
  108066
  215683
  295837
  266734
  153685
   69684
   37212
   24128
   17221
   13461
   11302
    8569
    6189
    6112
   13315
   37966
   68476
   66565
   43179
   32451
   26629
   16455
    8591
    5505
    4530
    3971
    3186
    2513
    2199
    2102
    1857
    1782
    1739
    1707
    1714
    1624
    1577
    1537
    1593
    1651
    1531
    1579
    1608
    1539
    1592
    1560
    1566
    1602
    1685
    1569
    1651
    1672
    1643
    1613
    1584
    1606
    1655
    1659
    1636
    1614
    1618
    1689
    1735
    1667
    1710
    1731
    1759
    1738
    1778
    1751
    1730
    1779
    1769
    1763
    1854
    1794
    1893
    1980
    2066
    2103
    2192
    2222
    2211
    2216
    2204
    2490
    2758
    3097
    3088
    2796
    2459
    2659
    3179
    3968
    4023
    3530
    3007
    2886
    2798
    2720
    2798
    2778
    3059
    3885
    5732
    8524
   10698
   10388
    8348
    5472
    3700
    3094
    2809
    2821
    2773
    2889
    3034
    3492
    4130
    5449
    6554
    6918
    5999
    4901
    4297
    3654
    3148
    2618
    2544
    2428
    2285
    2286
    2200
    2274
    2506
    2453
    2485
    2293
    2243
    2198
    2063
    2021
    1982
    1932
    1868
    1820
    1819
    1794
    1759
    1854
    1826
    1733
    1760
    1721
    1788
    1780
    1776
    1715
    1722
    1796
    1797
    1731
    1773
    1801
    1651
    1743
    1668
    1679
    1650
    1670
    1699
    1774
    1824
    1739
    1767
    1671
    1759
    1834
    1634
    1759
    1748
    1703
    1697
    1742
    1726
    1778
    1800
    1747
    1853
    1874
    1949
    1962
    1885
    1877
    1815
    1794
    1803
    1956
    1918
    1801
    1765
    1746
    1749
    1782
    1691
    1859
    1857
    1772
    1770
    1808
    1764
    1930
    3767
   16224
   57999
  121862
  144392
   98614
   47139
   23889
   14836
    9182
    5658
    3924
    2804
    2392
    2144
    2022
    1932
    1823
    1801
    1806
    1868
    1790
    1747
    1716
    1693
    1719
    1678
    1634
    1711
    1628
    1575
    1633
    1546
    1592
    1567
    1538
    1597
    1544
    1575
    1521
    1546
    1474
    1523
    1600
    1545
    1535
    1503
    1577
    1510
    1551
    1505
    1520
    1548
    1607
    1579
    1563
    1504
    1496
    1583
    1493
    1591
    1580
    1600
    1508
    1639
    1594
    1655
    1597
    1702
    1755
    1793
    1787
    1891
    1808
    1783
    1797
    1861
    1845
    1842
    1891
    2123
    2153
    2238
    2123
    2061
    2052
    2116
    2355
    2375
    2197
    2104
    2059
    2062
    2128
    2186
    2303
    2369
    2470
    2468
    2482
    2418
    2408
    2406
    2522
    3208
    5653
   10382
   16041
   18037
   14885
    9091
    5102
    3493
    2737
    2267
    2002
    1937
    1802
    1780
    2070
    2842
    4341
    5295
    4816
    3756
    3195
    2829
    2254
    1907
    1758
    1678
    1589
    1572
    1496
    1533
    1528
    1500
    1548
    1530
    1531
    1525
    1542
    1569
    1551
    1537
    1434
    1502
    1491
    1508
    1499
    1485
    1517
    1631
    1473
    1531
    1481
    1518
    1545
    1592
    1516
    1559
    1556
    1590
    1542
    1532
    1524
    1489
    1529
    1597
    1534
    1572
    1509
    1530
    1631
    1534
    1581
    1632
    1551
    1568
    1614
    1568
    1601
    1634
    1654
    1549
    1669
    1577
    1614
    1652
    1564
    1572
    1623
    1573
    1605
    1643
    1566
    1638
    1535
    1609
    1506
    1529
    1453
    1481
    1449
    1456
    1366
    1394
    1348
    1391
    1347
    1368
    1276
    1305
    1286
    1313
    1306
    1247
    1193
    1227
    1225
    1223
    1251
    1279
    1209
    1308
    1250
    1259
    1241
    1236
    1197
    1162
    1209
    1249
    1181
    1229
    1179
    1158
    1184
    1180
    1192
    1212
    1227
    1151
    1128
    1190
    1178
    1160
    1123
    1081
    1099
    1124
    1072
    1144
    1100
    1150
    1096
    1051
    1089
    1111
    1121
    1056
    1121
    1089
    1045
    1117
    1125
    1101
    1099
    1043
    1043
    1065
     987
    1018
    1044
    1092
    1023
    1046
    1035
    1007
    1064
    1014
     983
    1055
    1008
     984
    1053
     979
     993
    1066
     936
    1024
     956
    1060
     972
    1003
     972
     960
    1029
    1012
     973
    1043
    1000
     962
     977
     982
     964
     991
     957
     986
     941
     985
     918
     987
     954
     920
     955
     980
     948
     977
    1022
    1314
    2883
    7265
   14060
   18639
   16042
    9945
    5209
    3060
    2137
    1677
    1387
    1278
    1155
    1092
    1007
    1012
    1001
     936
     991
     974
    1003
    1067
    1085
    1007
     965
     964
     894
     922
     861
     859
     899
     864
     852
     900
     830
     816
     881
     863
     857
     883
     872
     840
     856
     897
     863
     831
     851
     829
     892
     836
     832
     810
     818
     831
     812
     897
     870
     911
     872
     859
     873
     851
     806
     866
     788
     867
     862
     821
     859
     852
     968
     961
     947
     978
     908
     856
     847
     799
     874
     873
     840
     926
     918
     894
     916
     922
     909
     932
     942
     891
     898
     836
     853
     880
     879
     872
     944
     979
     933
     984
     916
     928
     934
    1064
    1453
    2195
    3137
    3677
    3462
    2620
    1767
    1199
    1083
     916
     878
     764
     817
     755
     872
     936
    1158
    1389
    1402
    1272
    1178
     963
     879
     834
     756
     729
     759
     751
     755
     737
     905
    1225
    1500
    1521
    1271
    1050
     832
     751
     794
     720
     744
     740
     705
     723
     693
     703
     713
     702
     751
     712
     697
     732
     618
     728
     724
     717
     722
     664
     658
     732
     699
     720
     722
     719
     722
     690
     694
     686
     694
     679
     695
     735
     728
     655
     655
     713
     662
     677
     699
     689
     702
     708
     759
     788
     758
     755
     676
     689
     682
     638
     688
     622
     692
     675
     714
     701
     689
     683
     619
     635
     649
     656
     702
     702
     748
     781
     875
     958
     881
     868
     792
     718
     768
     646
     710
     650
     708
     676
     775
     840
     885
     897
     819
     820
     684
     718
     691
     660
     667
     694
     725
     687
     686
     673
     745
     776
     756
     799
     795
     743
     714
     673
     634
     660
     611
     633
     661
     686
     668
     695
     760
     660
     756
     859
    1928
    5847
   16979
   37693
   57264
   60848
   45498
   25349
   12743
    7104
    4261
    2724
    1868
    1350
    1078
     864
     872
     882
     857
     786
     785
     767
     777
     790
     769
     842
     785
     764
     723
     681
     756
     711
     692
     743
     731
     695
     711
     736
     706
     764
     739
     722
     732
     683
     749
     672
     763
     679
     689
     633
     741
     666
     675
     692
     691
     676
     675
     719
     699
     867
    1219
    1849
    2319
    2608
    2417
    2535
    2426
    2008
    1521
    1128
     923
     811
     732
     676
     738
     720
     713
     671
     743
     702
     732
     689
     691
     697
     714
     690
     670
     644
     718
     718
     675
     688
     686
     671
     668
     706
     682
     678
     721
     691
     663
     690
     710
     741
     750
     756
     771
     776
     787
     679
     643
     667
     663
     713
     696
     674
     616
     655
     627
     638
     617
     586
     603
     592
     571
     573
     576
     604
     642
     633
     615
     564
     572
     557
     584
     590
     537
     577
     553
     582
     561
     583
     588
     597
     599
     564
     565
     572
     621
     610
     603
     614
     575
     635
     606
     606
     606
     569
     575
     596
     625
     602
     597
     615
     696
     749
     751
     781
     708
     707
     627
     596
     601
     592
     687
     880
    1494
    2658
    3706
    4071
    3295
    2344
    1490
    1032
     796
     731
     647
     647
     602
     627
     680
     727
     698
     715
     712
     688
     581
     596
     601
     591
     596
     592
     581
     589
     559
     599
     561
     577
     601
     615
     608
     573
     590
     634
     578
     547
     580
     598
     549
     584
     555
     569
     564
     565
     580
     588
     531
     520
     506
     652
     551
     563
     610
     603
     564
     538
     571
     585
     543
     540
     563
     575
     556
     548
     558
     606
     588
     563
     579
     551
     586
     571
     546
     574
     585
     577
     509
     585
     642
     606
     778
    1261
    2115
    3392
    4327
    4206
    3206
    2082
    1310
     982
     778
     692
     620
     620
     595
     597
     562
     596
     617
     571
     561
     558
     586
     592
     598
     548
     561
     589
     608
     601
     578
     524
     557
     594
     621
     576
     608
     553
     589
     594
     588
     558
     561
     556
     555
     617
     551
     547
     562
     584
     587
     588
     544
     578
     606
     618
     604
     617
     560
     630
     574
     602
     607
     562
     522
     585
     602
     595
     571
     597
     538
     537
     574
     542
     623
     531
     594
     612
     568
     546
     594
     598
     552
     551
     538
     542
     580
     562
     566
     595
     614
     588
     545
     569
     577
     561
     624
     593
     593
     630
     589
     596
     622
     639
     686
     735
     876
    1040
    1150
    1162
     970
     830
     707
     600
     632
     547
     588
     653
     717
     812
     972
    1087
    1019
     939
     825
     709
     682
     613
     590
     568
     574
     535
     561
     601
     616
     589
     597
     568
     601
     601
     530
     571
     578
     547
     584
     562
     571
     541
     584
     623
     556
     594
     587
     593
     574
     590
     620
     669
     689
     733
     751
     749
     676
     557
     578
     578
     592
     551
     567
     616
     549
     547
     607
     586
     561
     580
     583
     611
     606
     603
     581
     618
     586
     579
     571
     625
     571
     513
     579
     533
     592
     566
     573
     560
     579
     557
     596
     579
     578
     583
     600
     586
     678
     679
     614
     598
     578
     574
     602
     640
     587
     628
     585
     585
     607
     569
     567
     606
     595
     571
     627
     601
     631
     709
     661
     673
     641
     632
     577
     607
     596
     552
     538
     568
     594
     540
     593
     561
     625
     677
     633
     618
     612
     578
     602
     645
     652
     624
     607
     590
     598
     599
     584
     603
     570
     560
     600
     613
     587
     636
     572
     587
     563
     610
     619
     599
     612
     605
     621
     603
     566
     597
     621
     585
     588
     636
     584
     560
     572
     625
     596
     584
     616
     598
     627
     618
     618
     592
     607
     573
     581
     629
     615
     618
     636
     618
     590
     636
     625
     643
     580
     599
     583
     604
     584
     600
     648
     619
     561
     634
     591
     593
     659
     698
     794
     889
     940
    1124
    1098
    1050
     964
     929
     962
     924
     818
     758
     738
     633
     653
     658
     625
     622
     668
     635
     696
     619
     582
     646
     694
     624
     592
     632
     640
     615
     679
     626
     654
     638
     600
     628
     626
     659
     606
     652
     603
     676
     655
     597
     615
     611
     608
     671
     650
     611
     601
     662
     609
     624
     652
     602
     634
     698
     734
     887
    1040
    1054
    1045
     900
     812
     655
     680
     600
     526
     581
     668
     559
     586
     564
     553
     650
     606
     605
     593
     577
     582
     556
     536
     614
     559
     564
     536
     552
     590
     581
     527
     577
     597
     530
     573
     538
     570
     551
     537
     560
     522
     588
     558
     548
     587
     591
     561
     589
     636
     652
     596
     572
     596
     575
     585
     536
     532
     539
     530
     538
     536
     556
     569
     611
     546
     553
     545
     590
     564
     579
     527
     545
     570
     556
     545
     492
     545
     566
     553
     564
     532
     519
     553
     509
     525
     519
     509
     523
     527
     559
     527
     501
     507
     536
     524
     563
     507
     538
     521
     540
     521
     532
     532
     515
     521
     518
     526
     529
     518
     530
     529
     543
     513
     546
     509
     524
     519
     517
     474
     501
     526
     534
     525
     505
     563
     510
     535
     505
     528
     541
     523
     551
     543
     500
     516
     524
     529
     518
     498
     541
     537
     544
     547
     560
     545
     560
     520
     503
     497
     513
     531
     522
     511
     546
     512
     518
     519
     510
     527
     501
     516
     546
     503
     543
     549
     553
     537
     481
     501
     478
     514
     529
     510
     553
     485
     561
     510
     480
     508
     522
     545
     554
     566
     602
     637
     637
     593
     569
     510
     461
     493
     504
     504
     508
     523
     547
     513
     520
     488
     493
     526
     515
     516
     535
     529
     503
     532
     530
     497
     510
     522
     505
     523
     506
     513
     516
     509
     526
     529
     527
     546
     536
     525
     534
     519
     495
     511
     491
     532
     603
     593
     608
     583
     657
     581
     543
     530
     532
     580
     699
     752
     793
     857
     819
     689
     632
     621
     523
     496
     478
     477
     473
     474
     516
     475
     544
     506
     545
     537
     519
     557
     544
     563
     595
     688
     753
     954
    1139
    1263
    1036
     912
     729
     624
     589
     552
     564
     491
     507
     508
     528
     513
     461
     498
     481
     508
     499
     558
     481
     475
     489
     499
     486
     474
     516
     490
     511
     515
     526
     488
     512
     575
     477
     537
     465
     472
     470
     510
     513
     520
     488
     512
     482
     492
     462
     480
     508
     560
     547
     485
     500
     502
     526
     525
     508
     511
     515
     598
     627
     594
     643
     687
     600
     613
     603
     581
     563
     536
     518
     498
     504
     520
     534
     493
     560
     567
     567
     635
     667
     687
     721
     660
     599
     556
     522
     541
     562
     617
     638
     647
     603
     676
     577
     559
     511
     523
     568
     551
     521
     517
     559
     627
     639
     623
     623
     570
     540
     539
     523
     533
     540
     521
     498
     542
     534
     620
     530
     543
     556
     529
     554
     531
     560
     541
     524
     524
     538
     505
     536
     547
     525
     528
     541
     540
     508
     550
     528
     537
     548
     570
     507
     550
     534
     538
     519
     508
     540
     533
     499
     565
     534
     534
     539
     546
     575
     548
     582
     527
     524
     517
     514
     535
     534
     569
     543
     527
     558
     558
     527
     643
     691
     758
     803
     828
     744
     717
     648
     629
     592
     575
     559
     599
     613
     553
     553
     562
     518
     548
     544
     526
     517
     541
     544
     563
     524
     614
     632
     693
     710
     623
     655
     538
     547
     565
     569
     527
     544
     563
     555
     584
     529
     535
     532
     543
     519
     492
     503
     486
     466
     536
     507
     489
     488
     531
     520
     518
     542
     685
    1031
    1690
    2945
    4767
    7411
    9675
   10865
    9679
    7539
    4892
    3086
    1838
    1266
     913
     767
     649
     641
     580
     548
     571
     547
     556
     534
     547
     515
     504
     524
     588
     526
     546
     556
     522
     527
     496
     520
     553
     542
     521
     522
     526
     521
     495
     562
     529
     527
     508
     538
     524
     561
     524
     544
     533
     508
     505
     512
     505
     500
     506
     540
     537
     512
     521
     485
     565
     514
     536
     491
     468
     510
     494
     472
     489
     464
     517
     497
     517
     501
     494
     541
     525
     447
     506
     540
     483
     615
     607
     694
     746
     813
     783
     750
     668
     592
     566
     521
     528
     544
     517
     482
     495
     476
     489
     518
     520
     485
     527
     539
     490
     502
     509
     530
     499
     502
     487
     498
     494
     518
     543
     538
     515
     527
     478
     511
     516
     442
     502
     518
     486
     438
     496
     510
     515
     496
     512
     468
     495
     465
     493
     464
     475
     459
     473
     466
     448
     459
     438
     487
     481
     516
     471
     483
     467
     446
     513
     471
     466
     498
     489
     475
     500
     461
     463
     508
     457
     511
     513
     527
     556
     596
     569
     587
     555
     541
     502
     532
     487
     481
     559
     477
     503
     454
     504
     494
     481
     513
     528
     502
     502
     528
     508
     482
     528
     501
     519
     509
     506
     525
     507
     492
     478
     496
     486
     533
     514
     503
     505
     501
     505
     502
     466
     502
     492
     474
     507
     464
     481
     519
     511
     492
     496
     505
     505
     453
     506
     497
     449
     487
     444
     513
     508
     595
     716
     916
    1214
    1687
    2133
    2404
    2363
    2073
    1651
    1265
     948
     739
     624
     557
     517
     535
     522
     560
     579
     516
     553
     539
     543
     547
     539
     490
     524
     537
     518
     518
     531
     473
     485
     522
     482
     478
     509
     469
     483
     542
     505
     523
     489
     515
     473
     478
     458
     487
     482
     464
     459
     479
     488
     476
     484
     466
     473
     471
     489
     489
     415
     471
     474
     488
     449
     457
     455
     502
     464
     474
     441
     428
     445
     466
     456
     485
     481
     509
     452
     486
     477
     507
     508
     447
     472
     490
     526
     475
     504
     485
     527
     509
     526
     533
     513
     551
     483
     493
     454
     492
     442
     446
     453
     449
     490
     518
     591
     659
     670
     734
     738
     714
     627
     555
     496
     427
     454
     434
     429
     413
     432
     456
     466
     449
     487
     485
     451
     463
     422
     416
     396
     400
     389
     389
     405
     406
     464
     463
     489
     525
     560
     612
     584
     530
     507
     439
     415
     376
     403
     419
     363
     401
     375
     388
     395
     418
     491
     443
     480
     495
     482
     465
     411
     412
     403
     416
     407
     425
     421
     444
     458
     472
     411
     409
     407
     408
     383
     371
     383
     392
     411
     334
     376
     338
     366
     371
     409
     361
     411
     366
     378
     364
     314
     387
     386
     374
     362
     366
     370
     387
     348
     362
     375
     356
     362
     341
     394
     319
     362
     372
     347
     352
     349
     331
     351
     338
     351
     339
     376
     318
     341
     352
     350
     331
     327
     316
     329
     341
     340
     363
     365
     324
     318
     348
     357
     346
     322
     335
     340
     343
     336
     314
     364
     381
     345
     391
     364
     360
     351
     412
     571
     860
    1466
    2195
    3433
    5018
    6346
    7362
    7199
    6136
    4403
    2907
    1820
    1150
     743
     577
     450
     397
     386
     370
     368
     362
     349
     333
     338
     337
     356
     358
     343
     330
     342
     333
     312
     346
     355
     330
     341
     333
     301
     302
     328
     296
     300
     310
     277
     301
     317
     296
     304
     300
     323
     291
     281
     317
     292
     294
     278
     288
     315
     307
     280
     271
     281
     279
     320
     317
     310
     298
     334
     343
     408
     457
     455
     489
     432
     434
     404
     344
     337
     293
     306
     294
     303
     310
     316
     299
     320
     332
     338
     378
     362
     441
     378
     371
     356
     325
     367
     334
     373
     340
     330
     357
     375
     353
     411
     479
     549
     691
     977
    1203
    1454
    1619
    1717
    1593
    1326
    1122
     824
     644
     484
     387
     379
     402
     421
     453
     461
     535
     565
     532
     442
     420
     354
     298
     274
     316
     294
     256
     263
     239
     259
     278
     247
     239
     231
     248
     235
     219
     232
     264
     203
     221
     230
     270
     266
     226
     244
     223
     245
     256
     254
     270
     301
     304
     241
     276
     278
     246
     247
     244
     245
     235
     229
     228
     247
     224
     244
     261
     240
     225
     224
     230
     219
     250
     232
     251
     242
     259
     245
     239
     246
     211
     256
     248
     254
     245
     244
     225
     243
     255
     229
     231
     238
     267
     241
     242
     244
     256
     241
     233
     234
     262
     277
     267
     270
     269
     287
     302
     313
     311
     312
     280
     276
     253
     284
     254
     247
     262
     249
     234
     249
     246
     272
     288
     256
     232
     245
     257
     239
     211
     200
     264
     229
     220
     228
     212
     222
     247
     216
     214
     238
     227
     248
     225
     221
     216
     217
     227
     218
     245
     200
     224
     239
     226
     211
     233
     211
     227
     240
     221
     215
     205
     198
     201
     218
     206
     202
     203
     232
     194
     225
     241
     210
     230
     239
     218
     201
     225
     224
     224
     211
     228
     231
     211
     192
     224
     219
     223
     217
     211
     228
     215
     225
     206
     199
     246
     205
     230
     228
     210
     205
     236
     236
     204
     231
     261
     240
     285
     325
     481
     698
    1143
    1767
    2633
    3747
    4748
    5635
    5859
    5026
    4069
    2784
    1900
    1394
    1085
    1064
    1094
    1161
    1251
    1097
     869
     637
     555
     407
     358
     297
     264
     286
     233
     271
     251
     248
     224
     227
     225
     267
     257
     265
     213
     225
     197
     231
     219
     247
     219
     219
     242
     250
     232
     236
     232
     243
     237
     220
     203
     253
     258
     224
     206
     240
     240
     238
     219
     286
     276
     302
     361
     430
     560
     800
    1147
    1722
    2482
    3458
    4548
    5566
    5875
    5390
    4427
    3279
    2150
    1405
     906
     611
     433
     360
     332
     298
     304
     309
     307
     307
     312
     273
     308
     303
     311
     311
     353
     386
     499
     676
     781
     989
    1079
    1094
    1030
     950
     971
     970
    1010
    1016
     932
     954
     769
     611
     478
     400
     348
     303
     291
     333
     322
     336
     388
     445
     445
     424
     351
     306
     304
     316
     268
     291
     246
     254
     262
     261
     247
     227
     227
     228
     240
     263
     285
     241
     236
     242
     241
     235
     263
     248
     287
     252
     252
     259
     263
     287
     285
     280
     298
     299
     289
     282
     288
     274
     296
     333
     296
     354
     306
     336
     345
     407
     475
     605
     783
     907
    1107
    1305
    1221
    1185
    1004
     836
     603
     476
     417
     347
     324
     336
     350
     370
     424
     424
     515
     451
     434
     435
     363
     322
     304
     286
     256
     257
     268
     256
     252
     263
     299
     241
     243
     221
     266
     243
     253
     236
     232
     240
     275
     253
     263
     214
     223
     255
     273
     256
     283
     275
     267
     302
     283
     265
     258
     244
     255
     252
     257
     232
     247
     257
     253
     234
     222
     229
     240
     229
     266
     286
     249
     226
     242
     249
     224
     226
     285
     240
     239
     254
     252
     258
     232
     269
     252
     248
     230
     264
     270
     244
     211
     252
     254
     242
     256
     273
     236
     229
     248
     274
     236
     262
     264
     280
     261
     299
     285
     263
     243
     229
     218
     247
     214
     228
     233
     227
     228
     216
     251
     261
     231
     198
     244
     190
     209
     220
     195
     238
     192
     193
     186
     211
     174
     176
     196
     202
     172
     209
     184
     209
     205
     203
     202
     196
     178
     178
     210
     199
     210
     201
     191
     186
     202
     195
     249
     269
     329
     381
     433
     495
     552
     615
     582
     482
     442
     336
     233
     217
     211
     164
     187
     197
     172
     177
     175
     185
     175
     190
     191
     158
     191
     188
     192
     183
     165
     193
     166
     181
     159
     176
     200
     171
     182
     169
     185
     198
     198
     176
     154
     191
     185
     182
     184
     183
     181
     174
     195
     183
     195
     226
     286
     382
     474
     537
     633
     620
     599
     538
     440
     338
     262
     213
     194
     166
     169
     172
     191
     159
     165
     147
     159
     144
     173
     157
     155
     174
     153
     135
     162
     155
     192
     164
     131
     134
     130
     141
     154
     163
     157
     146
     167
     156
     164
     174
     217
     201
     256
     254
     249
     237
     213
     239
     221
     219
     209
     188
     226
     185
     173
     135
     139
     152
     135
     166
     157
     128
     157
     137
     149
     152
     169
     144
     128
     148
     152
     162
     153
     158
     151
     146
     140
     140
     137
     133
     123
     121
     163
     120
     126
     125
     143
     123
     119
     135
     100
     137
     134
     130
     153
     140
     121
     138
     129
     129
     166
     181
     211
     233
     234
     295
     278
     288
     269
     236
     202
     180
     157
     129
     120
     132
     144
     126
     124
     107
     148
     116
     116
      91
     119
      99
     128
     105
     106
     120
     102
     106
     102
     108
     106
      97
     107
      92
      99
     105
     104
     112
     102
     113
      85
     133
     105
     131
     118
     134
     119
     139
     126
     141
     132
     148
     128
     157
     136
      98
     115
     113
     103
     129
     157
     205
     250
     368
     447
     581
     656
     725
     675
     641
     506
     377
     296
     203
     150
     135
     101
     105
      84
      97
     100
      99
      87
      87
      99
      89
      90
      72
      70
      91
      77
      87
      82
      74
      95
      80
      84
      68
      79
      84
      70
      99
      89
      78
      66
      77
      71
      59
      79
      73
      93
      90
      87
      69
      64
      71
      68
      68
      82
      69
      74
      81
      60
      69
      55
      62
      70
      68
      65
      75
      59
      59
      68
      60
      72
      62
      65
      82
      68
      52
      58
      63
      56
      68
      76
      60
      62
      49
      66
      68
      52
      68
      70
      80
      73
      72
      93
      88
     109
      90
      91
      98
      88
      65
      79
      58
      71
      56
      49
      60
      59
      46
      55
      65
      55
      53
      75
      61
      66
      46
      56
      56
      57
      54
      47
      58
      44
      55
      53
      49
      62
      61
      61
      62
      49
      55
      64
      57
      60
      45
      69
      52
      43
      52
      46
      45
      42
      38
      45
      44
      61
      48
      41
      52
      49
      66
      43
      33
      57
      50
      40
      64
      38
      42
      50
      50
      42
      43
      58
      38
      45
      48
      46
      44
      46
      51
      67
      54
      47
      55
      42
      47
      39
      41
      35
      43
      52
      52
      50
      30
      49
      53
      47
      53
      40
      44
      64
      56
      52
      41
      44
      46
      47
      55
      52
      52
      37
      39
      48
      38
      51
      25
      37
      36
      25
      39
      40
      39
      38
      42
      31
      43
      40
      46
      38
      44
      29
      39
      38
      35
      36
      40
      31
      45
      43
      43
      29
      37
      42
      36
      38
      33
      34
      38
      45
      27
      39
      39
      39
      45
      37
      38
      41
      35
      40
      34
      45
      36
      39
      45
      60
      40
      60
      51
      46
      55
      52
      66
      34
      54
      36
      38
      41
      30
      45
      38
      44
      51
      61
     102
     123
     289
     401
     666
     985
    1480
    2154
    2976
    4014
    4897
    5698
    6141
    5671
    4856
    3725
    2636
    1727
    1061
     679
     400
     257
     180
     136
     111
      93
      83
      73
      59
      72
      75
      69
      62
      80
      71
      56
      63
      58
      49
      56
      54
      64
      73
      65
      63
      49
      44
      52
      46
      48
      62
      56
      48
      46
      47
      50
      57
      39
      60
      46
      48
      52
      48
      49
      52
      53
      36
      40
      47
      57
      52
      53
      48
      64
      55
      79
      81
     105
     100
     132
     123
     123
      95
      92
      63
      78
      60
      88
      84
      90
      98
      74
      95
      92
      83
      83
      90
     106
     108
     111
      96
     111
     126
     123
     147
     155
     186
     205
     257
     276
     378
     516
     667
     911
     947
    1122
    1129
    1141
     947
     756
     527
     343
     290
     189
     163
     156
     165
     215
     252
     325
     310
     310
     291
     255
     221
     182
     191
     169
     188
     227
     237
     218
     219
     188
     136
     107
      82
      68
      56
      37
      29
      22
      39
      25
      31
      44
      40
      25
      23
      17
      28
      25
      25
      38
      19
      29
      40
      31
      30
      28
      36
      27
      37
      26
      30
      34
      35
      34
      36
      24
      26
      28
      31
      19
      30
      19
      29
      28
      45
      32
      31
      29
      30
      26
      33
      32
      29
      32
      46
      37
      36
      30
      37
      37
      41
      48
      42
      44
      34
      48
      36
      35
      44
      44
      44
      53
      73
      63
      61
     100
      79
      79
      58
      58
      46
      34
      42
      29
      37
      47
      44
      51
      56
      43
      60
      68
      53
      52
      70
      48
      54
      44
      49
      62
      59
      58
      51
      53
      48
      35
      38
      28
      30
      37
      13
      36
      30
      26
      36
      40
      29
      27
      29
      19
      31
      28
      20
      18
      21
      18
      20
      24
      21
      15
      26
      21
      24
      12
      30
      18
      10
      17
      23
      18
      20
      21
      25
      30
      22
      19
      30
      23
      24
      23
      15
      21
      22
      22
      23
      26
      18
      22
      22
      26
      33
      16
      26
      20
      24
      18
      22
      23
      22
      32
      24
      30
      25
      45
      39
      59
      96
     113
     149
     233
     313
     383
     493
     607
     657
     709
     647
     550
     407
     325
     206
     126
      96
      60
      54
      37
      24
      15
      28
      26
      16
      16
      22
      20
      19
      26
      23
      17
      16
      26
      24
      19
      18
      16
      17
      21
      27
      16
      16
      14
      15
      15
      15
      17
      11
      17
      22
      15
      15
      18
      19
      16
      21
      19
      14
      16
       9
      18
      17
       9
      12
      15
      13
      15
      19
      15
      19
      14
      17
      30
      13
      13
      17
      20
      17
      15
      12
      23
      14
      15
      22
      20
      10
      26
      19
      21
      16
      14
      15
       8
      20
      22
      21
      11
      23
      22
      28
      21
      25
      32
      42
      36
      48
      56
      77
      62
      92
     115
     101
      94
      98
      78
      69
      40
      33
      40
      37
      28
      37
      22
      34
      38
      25
      28
      24
      36
      26
      33
      30
      31
      21
      31
      32
      27
      20
      29
      41
      20
      15
      12
      16
      13
      16
       8
       8
       5
       7
       8
      10
       2
       9
      10
       5
      12
      11
      10
       9
      12
       6
       7
       5
       8
      14
      19
      11
      14
       8
       7
       9
       8
      11
      11
       8
       7
      15
      10
      18
      21
      25
      13
      12
      21
      15
      12
      15
       4
       9
      11
      11
       4
      14
      13
       5
       9
       8
       6
      20
      15
      11
      13
      11
      12
      12
      20
       7
      25
      16
      17
      13
      16
       8
      13
       9
      11
       5
       6
      11
      13
       8
      17
       7
       9
       7
      11
       5
       9
      10
       8
      14
      12
      11
       9
      10
      12
      14
       7
      13
      10
       9
      11
      12
      12
       9
      14
       7
       9
       7
       9
       6
       8
      13
       9
      11
      19
       6
       8
      13
       3
       7
       5
       2
       8
       6
       9
      10
       7
       7
       5
      11
       6
       7
       5
       9
       3
       7
       8
      10
       7
      17
      10
       9
       9
      12
       9
       7
      11
       4
       8
       7
      11
       5
      14
      12
      21
      18
      27
      24
      35
      45
      72
      59
      62
      58
      58
      40
      34
      25
      20
      16
      13
      14
      18
      16
      13
      18
      23
      14
      15
      15
      30
      14
      16
       9
      16
      13
      14
      12
       4
       7
       5
       7
       5
       7
       7
      11
       5
       5
       8
       6
      11
       4
       4
      16
      11
       7
       5
       6
       9
       6
       7
       7
       6
       5
       7
       9
       3
      10
       9
       5
       6
       5
      13
       6
       5
       8
       7
       9
       4
       9
       4
       9
       5
       6
       4
       5
      10
       9
       5
       8
       5
       9
       3
       9
       5
       4
       3
       4
       5
      10
      12
       6
       6
       7
       3
       5
       8
      10
       6
       7
       7
      12
       4
      11
       9
       4
      10
       9
       5
       7
       5
       6
       9
       8
       6
      10
       5
       3
       7
       8
      10
       8
       7
       5
       6
       5
       5
       8
       4
      11
       6
       9
      10
       6
       8
       9
       6
       9
       7
       6
      10
       7
       6
       4
       2
       6
       7
       6
      10
       7
       3
       6
       2
       6
       3
       6
       5
       6
       1
       6
       1
       4
       7
       5
       6
       6
       6
       7
       6
       8
       3
       3
       5
       7
       4
       6
       4
       3
       5
       6
       1
       4
       8
       8
       2
       3
       3
       7
       8
      11
       6
       7
       4
       5
       5
       4
       8
       9
       4
       6
       2
       7
       7
       9
      10
       6
       7
       9
       8
       1
       9
       7
       5
       7
       6
       5
       6
       3
       4
       3
       6
       2
       5
       4
       3
       9
       4
       4
       7
       8
       6
       6
       8
       6
      12
       5
       4
       7
       5
       5
       5
       7
       6
       9
       9
       8
       7
      10
       6
       8
       6
       8
       2
       6
       6
       5
       5
       3
       9
       4
       4
       9
       4
       2
       6
       7
       4
       3
       9
       3
       2
       7
       6
       6
      10
       6
       6
       4
       4
       5
       8
       5
       7
       9
       9
       6
       9
       5
       4
       9
       5
       3
       4
       4
       4
       2
       6
       1
       7
       6
       7
       6
       2
       4
       1
      13
       5
       4
       4
       3
      12
       1
       4
       4
       3
       3
       5
       5
       3
      10
       2
       4
       8
       7
       3
       6
      12
       4
       3
       6
       8
       6
       7
       7
       3
       7
       1
       4
       4
       3
       2
       2
       4
       5
       2
       4
       4
       3
       4
       3
       5
       3
       7
       5
       5
       4
       8
       8
       6
       7
       4
       5
       1
       6
       3
       5
       5
       3
       9
       1
       3
       3
       3
       7
       3
       4
       4
       4
       4
       4
       6
      10
       2
       4
       0
       6
       2
       3
       5
       5
       2
       6
      10
       5
       5
       7
       4
       5
       5
       8
       1
       3
       4
       5
       4
       7
       0
       3
       4
       5
       4
       1
       6
       6
       6
       6
       3
       4
       1
       7
       5
       3
       4
       5
       1
       2
       4
       3
       2
       2
       5
       2
       5
       2
       3
       2
       4
       5
       5
       2
       0
       6
       3
       3
       4
       4
       5
       5
       2
       3
       4
       5
       6
       4
       5
       5
       4
       3
       2
       2
       4
       2
       4
       5
       6
       3
       4
       2
       5
       3
       3
       7
       1
       4
       3
       6
       7
       2
       5
       9
       6
       2
       4
       2
       3
       4
       7
       1
       2
       4
       6
       3
       3
       1
       2
       4
       2
       1
       2
       0
       1
       3
       0
       3
       2
       2
       3
       2
       4
       2
       2
       5
       5
       3
       6
       3
       2
       2
       1
       3
       6
       3
       1
       4
       3
       6
       0
       6
       2
       1
       2
       8
       0
       4
       2
       2
       3
       4
       2
       2
       4
       6
       2
       3
       4
       1
       1
       5
       1
       4
       5
       5
       4
       1
       5
       3
       2
       2
       6
       3
       3
       4
       2
       2
       6
       5
       3
       5
       6
       4
       1
       5
       1
       5
       5
       5
       3
       4
       1
       5
       3
       6
       5
       3
       0
       2
       2
       4
       2
       8
       2
       4
       3
       1
       6
       2
       3
       6
       3
       3
       3
       4
       5
       2
       3
       5
       5
       6
       5
       4
       1
       4
       8
       5
       2
       2
       0
       8
       1
       7
       7
       5
       6
       2
       7
       3
       2
       2
       4
       2
       3
       4
       7
       1
       6
       2
       5
       5
       3
       3
       4
       3
       3
       1
       1
       2
       5
       2
       5
       3
       5
       4
       3
       4
       3
       4
       3
       3
       2
       6
       4
       3
       0
       8
       3
       6
       2
       6
       1
       2
       4
       3
       1
       2
       1
       6
       0
       2
       3
       6
       6
       3
       1
       2
       5
       2
       2
       4
       7
       2
       1
       4
       2
       2
       1
       2
       5
       3
       2
       4
       5
       2
       1
       1
       0
       3
       0
       5
       5
       5
       3
       3
       2
       2
       5
       4
       4
       3
       5
       4
       3
       9
       2
       3
       1
       2
       1
       6
       2
       3
       2
       4
       2
       5
       4
       6
       4
       3
       3
       3
       3
       1
       4
       1
       5
       3
       1
       3
       2
       4
       0
       6
       3
       4
       4
       1
       1
       3
       5
       4
       3
       5
       3
       2
       2
       2
       3
       1
       4
       3
       0
       1
       2
       3
       0
       4
       0
       1
       4
       4
       4
       2
       3
       0
       2
       2
       2
       2
       1
       2
       1
       0
       5
       6
       5
       0
       8
       3
       4
       7
       3
       0
       0
       2
       3
       4
       0
       2
       2
       5
       0
       1
       2
       1
       3
       0
       3
       3
       2
       3
       1
       4
       4
       0
       3
       2
       1
       2
       3
       2
       3
       1
       3
       6
       4
       4
       2
       1
       5
       1
       0
       0
       2
       3
       2
       4
       5
       2
       5
       4
       1
       9
       5
       5
       2
       4
       1
       6
       4
       2
       1
       3
       3
       8
       2
       0
       4
       3
       3
       0
       1
       3
       4
       3
       3
       1
       1
       0
       2
       2
       5
       5
       1
       2
       2
       2
       1
       1
       2
       1
       0
       4
       1
       0
       2
       3
       1
       5
       4
       2
       0
       3
       1
       4
       0
       2
       2
       0
       2
       0
       3
       1
       1
       2
       2
       2
       3
       2
       3
       5
       1
       3
       1
       2
       3
       0
       2
       1
       2
       5
       2
       2
       0
       5
       1
       5
       4
       2
       5
       4
       1
       1
       1
       2
       1
       2
       0
       2
       4
       6
       0
       3
       0
       0
       2
       1
       4
       0
       2
       0
       0
       1
       3
       2
       2
       1
       3
       3
       1
       3
       1
       1
       1
       3
       1
       2
       0
       2
       4
       0
       5
       2
       0
       2
       0
       0
       4
       3
       4
       2
       2
       3
       1
       0
       4
       1
       1
       2
       1
       1
       0
       2
       1
       0
       3
       1
       1
       1
       2
       1
       2
       5
       5
       3
       1
       1
       2
       4
       2
       3
       4
       2
       4
       2
       2
       3
       2
       0
       1
       1
       2
       1
       3
       1
       0
       1
       2
       0
       4
       5
       2
       1
       0
       1
       1
       1
       1
       0
       3
       3
       4
       0
       0
       6
       1
       5
       4
       2
       1
       0
       0
       2
       0
       0
       2
       2
       2
       2
       1
       1
       0
       0
       0
       1
       1
       1
       1
       0
       5
       2
       3
       1
       1
       2
       5
       2
       0
       0
       3
       2
       1
       1
       0
       0
       3
       0
       0
       3
       3
       3
       0
       2
       2
       2
       3
       1
       3
       3
       1
       1
       1
       0
       1
       0
       3
       3
       3
       0
       0
       2
       4
       1
       2
       0
       1
       5
       1
       4
       0
       3
       1
       2
       1
       2
       1
       3
       1
       1
       3
       1
       3
       1
       2
       1
       0
       5
       0
       3
       1
       3
       2
       3
       2
       0
       3
       4
       1
       5
       0
       2
       0
       2
       0
       2
       4
       1
       1
       1
       1
       0
       2
       6
       3
       0
       1
       1
       1
       1
       1
       2
       0
       4
       0
       1
       1
       1
       3
       0
       0
       2
       2
       1
       1
       2
       2
       0
       4
       1
       2
       2
       2
       2
       3
       1
       2
       3
       1
       0
       2
       1
       1
       2
       1
       0
       3
       1
       1
       0
       0
       2
       2
       2
       1
       2
       0
       2
       1
       1
       1
       0
       1
       1
       1
       2
       4
       2
       1
       4
       4
       3
       1
       1
       1
       2
       1
       1
       1
       2
       0
       0
       1
       0
       2
       3
       3
       1
       0
       2
       1
       0
       0
       2
       4
       0
       3
       2
       2
       0
       2
       1
       2
       1
       2
       2
       3
       1
       3
       0
       1
       0
       2
       1
       0
       2
       4
       1
       3
       0
       0
       2
       5
       1
       2
       2
       1
       3
       1
       1
       0
       0
       1
       4
       0
       1
       2
       1
       0
       1
       5
       1
       2
       1
       2
       2
       1
       3
       1
       0
       1
       0
       2
       1
       2
       1
       2
       2
       0
       2
       2
       3
       3
       2
       2
       0
       0
       1
       2
       2
       4
       2
       1
       1
       2
       3
       2
       0
       3
       4
       1
       0
       2
       0
       1
       4
       3
       3
       0
       3
       0
       1
       1
       4
       1
       5
       4
       1
       4
       1
       0
       1
       1
       3
       1
       1
       0
       1
       0
       0
       2
       1
       0
       1
       2
       3
       2
       3
       1
       0
       1
       0
       0
       0
       0
       0
       2
       1
       1
       2
       2
       0
       4
       0
       1
       2
       0
       1
       1
       2
       0
       2
       0
       2
       4
       4
       2
       1
       0
       1
       2
       0
       0
       3
       0
       1
       1
       0
       0
       0
       5
       2
       0
       1
       0
       0
       3
       3
       1
       2
       2
       1
       1
       3
       0
       2
       1
       1
       1
       1
       0
       0
       4
       1
       0
       1
       1
       1
       2
       0
       2
       1
       1
       1
       1
       1
       0
       0
       0
       1
       0
       1
       2
       0
       0
       0
       2
       0
       2
       0
       2
       0
       1
       1
       0
       1
       0
       2
       3
       2
       1
       1
       2
       2
       0
       0
       1
       1
       0
       2
       0
       0
       1
       0
       0
       2
       0
       0
       0
       0
       0
       2
       2
       1
       0
       1
       3
       1
       0
       0
       0
       2
       2
       0
       3
       0
       1
       0
       4
       2
       0
       1
       1
       1
       1
       0
       1
       0
       0
       2
       1
       4
       1
       1
       0
       0
       1
       0
       1
       0
       1
       2
       3
       4
       0
       1
       0
       2
       3
       0
       0
       0
       1
       2
       0
       2
       0
       1
       0
       3
       1
       0
       1
       0
       3
       2
       1
       1
       3
       1
       0
       0
       0
       1
       1
       2
       1
       1
       1
       0
       1
       2
       2
       1
       1
       2
       1
       2
       1
       2
       1
       0
       1
       1
       2
       0
       2
       1
       0
       1
       0
       2
       2
       1
       1
       3
       1
       1
       0
       2
       1
       2
       2
       2
       1
       1
       0
       1
       1
       2
       3
       1
       0
       0
       1
       2
       0
       0
       0
       1
       1
       0
       0
       2
       2
       1
       1
       2
       2
       0
       1
       0
       0
       2
       1
       0
       0
       1
       0
       1
       0
       0
       1
       2
       2
       1
       1
       0
       1
       2
       0
       0
       2
       2
       1
       0
       0
       1
       2
       0
       0
       2
       2
       0
       2
       2
       2
       2
       1
       1
       0
       1
       0
       0
       0
       0
       0
       2
       2
       2
       1
       0
       1
       3
       2
       3
       1
       1
       0
       0
       3
       0
       1
       2
       1
       0
       0
       1
       0
       0
       1
       0
       1
       3
       1
       0
       1
       0
       1
       1
       1
       0
       0
       3
       1
       1
       0
       1
       1
       0
       2
       0
       0
       1
       2
       2
       0
       2
       0
       1
       1
       1
       2
       1
       0
       2
       1
       1
       2
       0
       0
       2
       0
       1
       0
       1
       1
       0
       0
       0
       1
       0
       4
       3
       1
       1
       0
       1
       0
       2
       2
       2
       1
       1
       1
       1
       1
       2
       0
       0
       0
       1
       2
       0
       3
       1
       0
       0
       0
       2
       0
       0
       1
       0
       2
       0
       1
       2
       0
       0
       0
       1
       1
       1
       0
       0
       2
       1
       1
       2
       0
       0
       1
       2
       1
       0
       0
       2
       0
       2
       1
       0
       2
       2
       2
       0
       0
       0
       1
       1
       1
       0
       0
       2
       1
       0
       2
       0
       0
       0
       0
       0
       0
       1
       0
       0
       1
       0
       0
       0
       1
       1
       1
       1
       0
       0
       1
       1
       2
       1
       1
       0
       0
       1
       0
       0
       0
       3
       2
       1
       0
       1
       2
       1
       2
       0
       1
       0
       1
       0
       1
       0
       0
       0
       0
       0
       0
       2
       0
       1
       1
       0
       1
       0
       2
       1
       1
       1
       1
       0
       0
       0
       0
       1
       2
       0
       1
       0
       0
       1
       2
       0
       2
       0
       2
       2
       1
       1
       0
       0
       1
       2
       0
       1
       1
       0
       0
       1
       0
       1
       1
       0
       2
       1
       2
       0
       0
       0
       1
       0
       1
       0
       0
       1
       0
       0
       0
       0
       2
       0
       2
       0
       1
       1
       0
       0
       0
       0
       0
       0
       0
       0
       1
       0
       1
       0
       1
       2
       0
       0
       1
       0
       0
       0
       1
       0
       1
       0
       2
       0
       0
       0
       0
       1
       0
       0
       0
       1
       0
       0
       0
       0
       0
       0
       0
       0
       0
       0
       1
       0
       0
       1
       0
       0
       2
       1
       0
       0
       0
       1
       1
       0
       1
       1
       1
       0
       0
       1
       1
       0
       0
       0
       1
       0
       0
       0
       0
       0
       1
       1
       0
       1
       0
       0
       0
       0
       0
       0
       1
       0
       1
       1
       0
       0
       0
       0
       0
       1
       0
       0
       0
       0
       1
       0
       0
       0
       1
       1
       0
       2
       0
       0
       3
       0
       1
       0
       3
       0
       1
       0
       1
       0
       0
       1
       2
       1
       0
       0
       0
       1
       0
       0
       1
       0
       0
       1
       0
       2
       0
       0
       0
       0
       0
       0
       0
       0
       0
       0
       0
       0
       0
       0
       1
       0
       1
       0
       1
       1
       0
       3
       1
       0
       2
       0
       0
       0
       1
       0
       0
       0
       0
       1
       2
       2
       1
       0
       0
       0
       0
       1
       1
       0
       1
       0
       2
       0
       0
       0
       0
       0
       1
       0
       0
       0
       0
       1
       0
       0
       2
       0
       0
       1
       0
       1
       1
       3
       2
       0
       0
       0
       0
       1
       0
       0
       0
       1
       0
       1
       0
       1
       0
       0
       2
       0
       0
       1
       1
       0
       1
       0
       0
       0
       0
       0
       0
       1
       0
       1
       0
       0
       0
       1
       0
       0
       0
       1
       0
       0
       0
       2
       0
       1
       1
       2
       1
       0
       0
       0
       0
       1
       0
       0
       0
       0
       0
       0
       0
       0
       0
       0
       0
       1
       0
       0
       0
       0
       0
       0
       1
       0
       0
       0
       1
       1
       2
       0
       0
       0
       0
       0
       0
       0
       1
       0
       1
       0
       0
       0
       1
       1
       0
       0
       0
       1
       0
       0
       2
       1
       0
       0
       0
       1
       2
       0
       1
       0
       0
       0
       1
       0
       2
       0
       0
       1
       0
       1
       0
       0
       0
       1
       1
       0
       0
       0
       3
       0
       0
       0
       0
       2
       1
       1
       0
       1
       1
       0
       0
       0
       0
       1
       0
       0
       0
       1
       0
       0
       1
       0
       1
       0
       0
       0
       1
       0
       0
       0
       0
       0
       0
       2
       0
       0
       0
       1
       0
       1
       0
       0
       0
       0
       0
       0
       1
       0
       0
       0
       0
       0
       0
       1
       1
       0
       0
       0
       0
       0
       1
       1
       0
       0
       0
       0
       0
       0
       0
       1
       0
       0
       0
       1
       0
       0
       1
       0
       1
       0
       1
       0
       1
       0
       0
       0
       0
       0
       0
       0
       0
       0
       0
       0
       0
       0
       1
       0
       0
       0
       0
       0
       0
       0
       1
       1
       0
       1
       0
       1
       0
       0
       0
       0
       0
       0
       0
       1
       1
       0
       1
       0
       0
       0
       0
       1
       0
       0
       0
       0
       0
       0
       1
       0
       0
       0
       0
       1
       0
       0
       0
       0
       1
       0
       0
       0
       1
       0
       0
       0
       0
       0
       0
       0
       1
       0
       0
       0
       0
       0
       0
       0
       0
       0
       0
       0
       1
       0
       0
       0
       0
       0
       0
       0
       0
       0
       0
       0
       1
       0
       0
       0
       0
       0
       0
       0
       0
       1
       0
       0
       0
       0
       0
       0
       1
       0
       0
       0
       0
       0
       0
       0
       0
       0
       1
       1
       0
       0
       0
       0
       0
       0
       0
       1
       0
       0
       0
       0
       1
       0
       0
       0
       0
       0
       0
       0
       0
       0
       0
       1
       0
       0
       0
       0
       0
       1
       0
       0
       0
       0
       0
       1
       0
       0
       1
       0
       0
       0
       0
       0
       0
       0
       0
       0
       0
       1
       0
       0
       0
       0
       2
       0
       0
       0
       0
       0
       0
       0
       0
       0
       0
       0
       1
       0
       0
       0
       0
       0
       0
       0
       0
       0
       0
       0
       1
       0
       0
       0
       0
       0
       0
       1
       0
       0
       0
       0
       0
       0
       0
       0
       0
       0
       1
       1
       1
       0
       1
       0
       1
       0
       0
       0
       0
       0
       0
       0
       0
       0
       1
       0
       0
       1
       0
       0
       1
       0
       0
       0
       0
       0
       0
       0
       0
       1
       1
       0
       0
       0
       0
       0
       0
       0
       0
       0
       0
       0
       0
       0
       0
       0
       0
       0
       0
       0
       0
       0
       0
       0
       0
       0
       0
       0
       1
       0
       0
       0
       0
       0
       0
       0
       0
       0
       0
       1
       0
       1
       0
       0
       0
       0
       0
       0
       0
       0
       0
       0
       0
       0
       0
       0
       0
       0
       1
       0
       0
       0
       0
       0
       0
       0
       0
       0
       0
       0
       0
       0
       1
       0
       0
       0
       0
       0
       1
       0
       0
       0
       0
       0
       1
       0
       0
       0
       1
       0
       0
       0
       0
       0
       0
       0
       0
       1
       0
       0
       0
       2
       0
       0
       2
       0
       0
       0
       0
       0
       0
       0
       0
       0
       0
       0
       0
       0
       0
       0
       0
       0
       1
       0
       0
       0
       0
       0
       0
       0
       0
       0
       0
       0
       0
       0
       0
       0
       0
       0
       0
       0
       0
       1
       1
       0
       0
       0
       0
       0
       0
       0
       0
       0
       0
       0
       0
       0
       0
       0
       1
       0
       0
       0
       0
       0
       0
       0
       0
       0
       0
       0
       0
       1
       0
       0
       0
       0
       0
       1
       0
       0
       0
       1
       0
       0
       0
       0
       1
       1
       1
       0
       0
       0
       0
       0
       0
       0
       1
       0
       1
       0
       0
       0
       1
       0
       0
       0
       0
       0
       0
       0
       0
       0
       0
       0
       0
       0
       0
       0
       0
       0
       0
       0
       0
       0
       0
       0
       0
       0
       0
       0
       0
       0
       0
       0
       0
       0
       0
       1
       0
       0
       0
       0
       0
       0
       0
       0
       1
       0
       0
       0
       0
       0
       0
       0
       0
       0
       0
       0
       0
       0
       2
       2
       0
       0
       0
       1
       0
       0
       0
       0
       1
       0
       0
       0
       1
       0
       0
       0
       0
       0
       0
       0
       0
       0
       0
       0
       0
       0
       1
       0
       0
       0
       0
       0
       0
       0
       0
       0
       0
       1
       0
       0
       0
       0
       0
       0
       0
       1
       0
       0
       0
       0
       0
       0
       0
       0
       0
       0
       0
       0
       0
       0
       0
       0
       0
       0
       0
       0
       0
       0
       0
       0
       0
       0
       0
       0
       0
       0
       0
       1
       0
       0
       0
       0
       0
       0
       0
       0
       0
       0
       0
       1
       1
       0
       0
       0
       1
       0
       0
       1
       0
       0
       0
       0
       0
       0
       0
       0
       0
       0
       0
       0
       0
       0
       0
       0
       0
       0
       0
       0
       0
       1
       0
       0
       0
       1
       0
       0
       0
       0
       0
       0
       0
       0
       0
       0
       0
       0
       0
       0
       1
       1
       0
       0
       0
       0
       0
       0
       1
       0
       1
       1
       0
       1
       0
       1
       0
       0
       0
       0
       0
       0
       0
       1
       1
       0
       0
       0
       0
       1
       0
       0
       0
       0
       0
       0
       0
       0
       0
       0
       0
       0
       0
       0
       0
       0
       0
       0
       0
       0
       0
       0
       0
       0
       0
       0
       0
       0
       1
       0
       0
       0
       0
       0
       0
       0
       0
       0
       0
       0
       1
       0
       0
       0
       0
       0
       0
       0
       0
       0
       0
       0
       0
       0
       0
       0
       0
       0
       0
       0
       0
       0
       0
       0
       0
       0
       0
       0
       0
       0
       0
       0
       0
       0
       0
       1
       0
       0
       0
       0
       0
       0
       0
       0
       0
       0
       0
       0
       0
       0
       0
       0
       0
       0
       0
       0
       0
       0
       0
       0
       0
       0
       0
       0
       0
       0
       0
       0
       0
       0
       0
       0
       0
       0
       0
       0
       1
       0
       0
       0
       1
       0
       0
       0
       0
       0
       0
       0
       0
       0
       2
       0
       0
       0
       0
       0
       0
       0
       0
       0
       0
       0
       0
       0
       0
       0
       0
       0
       0
       0
       0
       0
       0
       0
       0
       0
       0
       0
       0
       0
       0
       0
       0
       0
       0
       0
       0
       0
       0
       0
       0
       0
       0
       0
       0
       0
       0
       0
       0
       1
       0
       0
       0
       0
       0
       0
       0
       0
       0
       0
       0
       0
       0
       0
       0
       0
       0
       0
       0
       0
       0
       1
       0
       0
       0
       0
       1
       0
       0
       0
       0
       0
       0
       0
       0
       0
       0
       0
       1
       1
       0
       1
       0
       0
       0
       0
       0
       0
       0
       0
       0
       0
       1
       0
       0
       0
       0
       0
       0
       0
       0
       0
       0
       0
       1
       0
       0
       0
       0
       0
       0
       0
       0
       0
       0
       0
       0
       1
       0
       0
       0
       0
       0
       0
       0
       0
       0
       0
       0
       0
       0
       0
       0
       0
       0
       0
       0
       0
       0
       0
       0
       0
       0
       0
       0
       0
       0
       0
       0
       0
       0
       0
       0
       0
       0
       0
       0
       0
       0
       0
       0
       0
       0
       1
       0
       0
       0
       0
       0
       0
       0
       1
       0
       0
       0
       0
       0
       0
       0
       0
       0
       0
       0
       0
       0
       0
       0
       0
       0
       0
       0
       0
       0
       0
       0
       0
       0
       0
       0
       0
       0
       0
       0
       0
       0
       0
       0
       0
       0
       0
       0
       0
       0
       0
       0
       0
       0
       0
       1
       0
       0
       0
       0
       0
       0
       0
       0
       0
       0
       0
       0
       0
       0
       0
       0
       0
       0
       0
       0
       0
       0
       0
       0
       0
       0
       0
       0
       0
       0
       0
       0
       0
       0
       0
       0
       0
       0
       0
       0
       0
       0
       0
       0
       0
       2
       1
       0
       0
       0
       1
       0
       0
       0
       0
       0
       0
       0
       0
       0
       1
       0
       0
       0
       0
       0
       0
       0
       0
       0
       0
       0
       0
       0
       0
       0
       0
       0
       0
       0
       0
       0
       0
       0
       0
       0
       0
       0
       0
       0
       0
       0
       0
       0
       0
       0
       0
       0
       0
       0
       0
       0
       0
       0
       0
       0
       0
       0
       0
       0
       0
       0
       0
       0
       0
       0
       0
       0
       0
       0
       0
       0
       0
       0
       0
       0
       0
       0
       0
       0
       0
       0
       0
       0
       0
       0
       0
       0
       0
       0
       0
       0
       0
       0
       0
       0
       0
       1
       0
       0
       0
       0
       0
       0
       0
       0
       0
       0
       0
       0
       0
       0
       0
       0
       0
       0
       0
       0
       0
       0
       0
       0
       0
       0
       0
       0
       0
       0
       0
       0
       0
       0
       0
       0
       0
       0
       0
       0
       0
       1
       0
       0
       0
       0
       0
       0
       0
       0
       0
       0
       0
       0
       0
       1
       0
       0
       0
       0
       0
       0
       0
       0
       0
       0
       0
       0
       1
       0
       0
       0
       0
       0
       0
       0
       0
       0
       0
       0
       0
       0
       0
       0
       0
       0
       0
       0
       0
       0
       0
       0
       0
       0
       0
       0
       0
       0
       0
       0
       0
       0
       0
       0
       0
       0
       0
       0
       0
       0
       0
       0
       0
       0
       0
       0
       0
       0
       0
       0
       0
       0
       0
       0
       0
       1
       1
       0
       0
       0
       0
       0
       0
       1
       0
       0
       0
       0
       0
       0
       0
       0
       0
       0
       0
       0
       0
       0
       0
       0
       0
       0
       0
       0
       0
       0
       0
       0
       0
       0
       0
       0
       0
       0
       0
       0
       0
       1
       0
       0
       0
       0
       0
       0
       0
       0
       0
       0
       0
       0
       0
       0
       0
       0
       0
       0
       0
       0
       0
       0
       0
       0
       0
       0
       0
       0
       0
       0
       1
       0
       0
       0
       0
       0
       0
       0
       0
       0
       0
       0
       0
       0
       0
       0
       0
       0
       0
       0
       0
       0
       0
       0
       0
       0
       0
       0
       0
       0
       0
       0
       0
       0
       0
       0
       0
       0
       0
       0
       0
       0
       0
       0
       0
       0
       0
       0
       0
       0
       0
       0
       0
       0
       0
       0
       0
       0
       0
       0
       0
       0
       0
       0
       0
       0
       0
       0
       0
       0
       0
       0
       0
       0
       0
       0
       0
       0
       0
       0
       0
       0
       0
       0
       0
       0
       0
       0
       0
       0
       0
       0
       0
       0
       0
       0
       0
       0
       0
       0
       0
       0
       0
       0
       0
       0
       0
       0
       0
       0
       0
       0
       0
       0
       0
       0
       0
       0
       0
       0
       0
       0
       0
       0
       0
       0
       0
       0
       0
       0
       0
       0
       0
       0
       0
       0
       0
       0
       0
       0
       0
       0
       0
       0
       0
       0
       0
       0
$ROI:
7
312 326
630 644
891 907
2014 2041
2499 2521
2884 2908
3656 3682
$PRESETS:
None
0
0
$ENER_FIT:
0.174637 0.383693
$MCA_CAL:
3
1.746370E-001 3.836930E-001 3.288540E-008 keV
$SHAPE_CAL:
3
2.242696E+000 1.731828E-003 -1.015690E-007
