2.5 1744196414.51 18492132.8178
3.5 1062048364.73 16160370.0784
4.5 1143318094.93 16351242.1656
5.5 1133163526.76 20582399.9374
6.5 1502311945.99 26640774.2623
7.5 1277550866.93 31146798.5253
8.5 1724119572.22 38145500.6926
9.5 1590915530.98 43674817.105
10.5 1615007741.73 45022152.5805
11.5 1286411225.43 49454368.2697
12.5 1104690914.06 52952957.5484
13.5 890814470.153 52328376.1224
14.5 629284562.565 53159923.0818
15.5 559397240.477 56853847.8946
16.5 391050429.008 60911216.2224
17.5 231978786.828 64693510.4746
18.5 308469896.711 65161021.054
19.5 117610473.986 64004441.0113
20.5 155422966.461 61560023.4551
21.5 126266745.575 61030949.3753
22.5 95557473.0863 51699664.1667
23.5 71918235.7218 43297069.6622
24.5 86675544.4268 43653342.0912
25.5 62432342.5504 37922810.8407
26.5 59636517.8182 34391326.8065
27.5 48488062.996 28330154.7206
28.5 30360831.4239 20913637.856
29.5 27712679.3334 18712917.7337
30.5 33593037.1083 18930590.6543
31.5 21926898.4188 13363712.092
32.5 9816746.2584 7042392.29374
33.5 5343592.61125 4179178.42211
34.5 3240335.97594 2687297.70446
35.5 2384166.50306 1980398.37978
36.5 2081022.77691 1702540.49295
37.5 2007186.45609 1656177.18572
