2.5 0.0910465000078 0.000965283471933
3.5 0.0554385880185 0.000843566196001
4.5 0.059680842176 0.000853529658456
5.5 0.0591507769362 0.00107439475306
6.5 0.0784202074173 0.00139063997259
7.5 0.0666877503292 0.00162585301092
8.5 0.0899984952037 0.00199118304579
9.5 0.0830452864702 0.00227981160998
10.5 0.0843028922352 0.00235014209475
11.5 0.0671502582344 0.00258150234892
12.5 0.0576645155776 0.00276412760038
13.5 0.0465002329949 0.00273152464791
14.5 0.0328484547117 0.00277493113562
15.5 0.0292003586498 0.00296775284005
16.5 0.0204127084492 0.00317954618076
17.5 0.0121092191458 0.00337698074191
18.5 0.0161020308376 0.00340138464598
19.5 0.00613922946495 0.00334101153433
20.5 0.00811302958736 0.00321341371267
21.5 0.00659108409826 0.00318579621339
22.5 0.00498806980779 0.00269870608309
23.5 0.00375410910991 0.00226009331319
24.5 0.00452443594693 0.00227869062106
25.5 0.00325894849295 0.0019795587061
26.5 0.00311300732808 0.00179521635883
27.5 0.00253106151991 0.00147882509706
28.5 0.00158482577734 0.00109168526742
29.5 0.00144659307756 0.000976808374567
30.5 0.00175354588961 0.000988170832032
31.5 0.00114457714764 0.000697581535522
32.5 0.000512431043233 0.00036761064562
33.5 0.000278933840635 0.000218151789027
34.5 0.000169144510907 0.000140276088423
35.5 0.000124452735789 0.000103376167729
36.5 0.000108628729366 8.8872074105e-05
37.5 0.000104774496822 8.64519241626e-05
