PSD values
 peak window - tail offset - tail window - fom
8  20  6  0
8  20  8  0
8  20  10  0
8  20  12  0
8  20  14  0
8  20  16  0
8  20  18  0
8  30  6  0
8  30  8  0
8  30  10  0
8  30  12  0
8  30  14  0
8  30  16  0
8  30  18  0
8  40  6  0
8  40  8  0
8  40  10  0
8  40  12  0
8  40  14  0
8  40  16  0
8  40  18  0
8  50  6  0
8  50  8  0
8  50  10  0
8  50  12  0
8  50  14  0
8  50  16  0
8  50  18  0
12  20  6  0
12  20  8  0
12  20  10  0
12  20  12  0
12  20  14  0
12  20  16  0
12  20  18  0
12  30  6  0
12  30  8  0
12  30  10  0
12  30  12  0
12  30  14  0
12  30  16  0
12  30  18  0
12  40  6  0
12  40  8  0
12  40  10  0
12  40  12  0
12  40  14  0
12  40  16  0
12  40  18  0
12  50  6  0
12  50  8  0
12  50  10  0
12  50  12  0
12  50  14  0
12  50  16  0
12  50  18  0
16  20  6  0
16  20  8  0
16  20  10  0
16  20  12  0
16  20  14  0
16  20  16  0
16  20  18  0
16  30  6  0
16  30  8  0
16  30  10  0
16  30  12  0
16  30  14  0
16  30  16  0
16  30  18  0
16  40  6  0
16  40  8  0
16  40  10  0
16  40  12  0
16  40  14  0
16  40  16  0
16  40  18  0
16  50  6  0
16  50  8  0
16  50  10  0
16  50  12  0
16  50  14  0
16  50  16  0
16  50  18  0
20  20  6  0
20  20  8  0
20  20  10  0
20  20  12  0
20  20  14  0
20  20  16  0
20  20  18  0
20  30  6  0
20  30  8  0
20  30  10  0
20  30  12  0
20  30  14  0
20  30  16  0
20  30  18  0
20  40  6  0
20  40  8  0
20  40  10  0
20  40  12  0
20  40  14  0
20  40  16  0
20  40  18  0
20  50  6  0
20  50  8  0
20  50  10  0
20  50  12  0
20  50  14  0
20  50  16  0
20  50  18  0
24  20  6  0
24  20  8  0
24  20  10  0
24  20  12  0
24  20  14  0
24  20  16  0
24  20  18  0
24  30  6  0
24  30  8  0
24  30  10  0
24  30  12  0
24  30  14  0
24  30  16  0
24  30  18  0
24  40  6  0
24  40  8  0
24  40  10  0
24  40  12  0
24  40  14  0
24  40  16  0
24  40  18  0
24  50  6  0
24  50  8  0
24  50  10  0
24  50  12  0
24  50  14  0
24  50  16  0
24  50  18  0
