1.5 3021188212.3 20217069.9469
2.5 2330173773.8 20250874.8031
3.5 2527471224.11 30180585.4077
4.5 2207288893.52 39007161.209
5.5 2171976058.12 49318100.2126
6.5 2619871565.53 59103077.1922
7.5 2175384267.43 66504298.685
8.5 1650330688.04 72073679.5895
9.5 1937945685.19 77219218.7674
10.5 1233487754.39 76757330.993
11.5 1070083052.26 78554694.6861
12.5 908306716.799 76802019.0669
13.5 544385700.0 67790051.1392
14.5 408757903.78 59586163.4106
15.5 164995199.812 48636491.1204
16.5 55798066.8265 34603620.5241
17.5 57426433.499 34560852.8855
18.5 60278915.3502 34607487.2
19.5 50548477.7574 30964506.5717
20.5 35258872.0829 21290135.7809
