0.25 24348.2 
0.75 54334.4 
1.25 120835 
1.75 268795 
2.25 531502 
2.75 684985 
3.25 757167 
3.75 742837 
4.25 703547 
4.75 674143 
5.25 681670 
5.75 713585 
6.25 736648 
6.75 733001 
7.25 700906 
7.75 658635 
8.25 617827 
8.75 580059 
9.25 543132 
9.75 504741 
10.25 464768 
10.75 424039 
11.25 382653 
11.75 339913 
12.25 295750 
12.75 251473 
13.25 209034 
13.75 170307 
14.25 136434 
14.75 107893 
15.25 84559.4 
15.75 65899.6 
16.25 51197 
16.75 39711.9 
17.25 30783.1 
17.75 23857.5 
18.25 18490.1 
18.75 14330.8 
19.25 11107.6 
19.75 8609.44 
