PSD values
 peak window - tail offset - tail window - fom
4  20  0  0
4  20  15  0
4  20  30  0
4  20  45  0.627848
4  65  0  0
4  65  15  0
4  65  30  0
4  65  45  0
4  110  0  0
4  110  15  0
4  110  30  0
4  110  45  0
4  155  0  0
4  155  15  0
4  155  30  0
4  155  45  0
13  20  0  0.070789
13  20  15  0
13  20  30  0
13  20  45  0
13  65  0  0
13  65  15  0
13  65  30  0
13  65  45  0
13  110  0  0
13  110  15  0
13  110  30  0.505157
13  110  45  0
13  155  0  0.0559674
13  155  15  0.0818982
13  155  30  0.445975
13  155  45  0
22  20  0  0
22  20  15  0
22  20  30  0
22  20  45  0
22  65  0  0
22  65  15  0
22  65  30  0
22  65  45  0
22  110  0  1.15086
22  110  15  0.298936
22  110  30  0
22  110  45  0
22  155  0  0.515236
22  155  15  0.512914
22  155  30  0.103239
22  155  45  0
31  20  0  0
31  20  15  0
31  20  30  0
31  20  45  0
31  65  0  0
31  65  15  0.488949
31  65  30  0
31  65  45  0
31  110  0  0
31  110  15  0.286657
31  110  30  0
31  110  45  0
31  155  0  0
31  155  15  0.50498
31  155  30  0
31  155  45  0
