  ENERGY STRUCTURE (NUMBER OF GROUPS =   140)

 1.0000E-10 1.0000E-09 1.0000E-08 2.3000E-08 5.0000E-08 7.6000E-08 1.1500E-07 1.7000E-07 2.5500E-07 3.8000E-07
 5.5000E-07 8.4000E-07 1.2750E-06 1.9000E-06 2.8000E-06 4.2500E-06 6.3000E-06 9.2000E-06 1.3500E-05 2.1000E-05
 3.0000E-05 4.5000E-05 6.9000E-05 1.0000E-04 1.3500E-04 1.7000E-04 2.2000E-04 2.8000E-04 3.6000E-04 4.5000E-04
 5.7500E-04 7.6000E-04 9.6000E-04 1.2750E-03 1.6000E-03 2.0000E-03 2.7000E-03 3.4000E-03 4.5000E-03 5.5000E-03
 7.2000E-03 9.2000E-03 1.2000E-02 1.5000E-02 1.9000E-02 2.5500E-02 3.2000E-02 4.0000E-02 5.2500E-02 6.6000E-02
 8.8000E-02 1.1000E-01 1.3500E-01 1.6000E-01 1.9000E-01 2.2000E-01 2.5500E-01 2.9000E-01 3.2000E-01 3.6000E-01
 4.0000E-01 4.5000E-01 5.0000E-01 5.5000E-01 6.0000E-01 6.6000E-01 7.2000E-01 7.8000E-01 8.4000E-01 9.2000E-01
 1.0000E+00 1.2000E+00 1.4000E+00 1.6000E+00 1.8000E+00 2.0000E+00 2.3000E+00 2.6000E+00 2.9000E+00 3.3000E+00
 3.7000E+00 4.1000E+00 4.5000E+00 5.0000E+00 5.5000E+00 6.0000E+00 6.7000E+00 7.4000E+00 8.2000E+00 9.0000E+00
 1.0000E+01 1.1000E+01 1.2000E+01 1.3000E+01 1.4000E+01 1.5000E+01 1.6000E+01 1.7000E+01 1.8000E+01 1.9000E+01
 2.0000E+01 2.1000E+01 2.2000E+01 2.3000E+01 2.4000E+01 2.5000E+01 2.6000E+01 2.7000E+01 2.8000E+01 2.9000E+01
 3.0000E+01 3.1000E+01 3.2000E+01 3.3000E+01 3.4000E+01 3.5000E+01 3.6000E+01 3.7000E+01 3.8000E+01 3.9000E+01
 4.0000E+01 4.1000E+01 4.2000E+01 4.3000E+01 4.4000E+01 4.5000E+01 4.6000E+01 4.7000E+01 4.8000E+01 4.9000E+01
 5.0000E+01 5.1000E+01 5.2000E+01 5.3000E+01 5.4000E+01 5.5000E+01 5.6000E+01 5.7000E+01 5.8000E+01 5.9000E+01
 6.0000E+01

  SELF SHIELDING

SC45G   SCNG  IFX   1.00000E+01   4.00530E+22  ATN = (2.99 × N_a × 1      ) / (44.955912)

 6.8146E-01 8.5220E-01 9.2397E-01 9.4431E-01 9.5653E-01 9.6473E-01 9.6819E-01 9.7310E-01 9.7715E-01 9.8062E-01
 9.8349E-01 9.8619E-01 9.8844E-01 9.9026E-01 9.9187E-01 9.9323E-01 9.9431E-01 9.9523E-01 9.9614E-01 9.9686E-01
 9.9749E-01 9.9807E-01 9.9855E-01 9.9888E-01 9.9912E-01 9.9931E-01 9.9960E-01 1.0000E+00 1.0000E+00 9.8912E-01
 1.0000E+00 1.0000E+00 9.9236E-01 1.0000E+00 1.0000E+00 1.0000E+00 9.9174E-01 9.9316E-01 9.9931E-01 9.9756E-01
 9.9823E-01 9.9425E-01 9.9934E-01 9.9928E-01 9.9916E-01 1.0000E+00 9.9956E-01 9.9978E-01 1.0000E+00 1.0000E+00
 1.0000E+00 1.0000E+00 1.0000E+00 1.0000E+00 1.0000E+00 1.0000E+00 1.0000E+00 1.0000E+00 1.0000E+00 1.0000E+00
 1.0000E+00 1.0000E+00 1.0000E+00 1.0000E+00 1.0000E+00 1.0000E+00 1.0000E+00 1.0000E+00 1.0000E+00 1.0000E+00
 1.0000E+00 1.0000E+00 1.0000E+00 1.0000E+00 1.0000E+00 1.0000E+00 1.0000E+00 1.0000E+00 1.0000E+00 1.0000E+00
 1.0000E+00 1.0000E+00 1.0000E+00 1.0000E+00 1.0000E+00 1.0000E+00 1.0000E+00 1.0000E+00 1.0000E+00 1.0000E+00
 1.0000E+00 1.0000E+00 1.0000E+00 1.0000E+00 1.0000E+00 1.0000E+00 1.0000E+00 1.0000E+00 1.0000E+00 1.0000E+00
 1.0000E+00 1.0000E+00 1.0000E+00 1.0000E+00 1.0000E+00 1.0000E+00 1.0000E+00 1.0000E+00 1.0000E+00 1.0000E+00
 1.0000E+00 1.0000E+00 1.0000E+00 1.0000E+00 1.0000E+00 1.0000E+00 1.0000E+00 1.0000E+00 1.0000E+00 1.0000E+00
 1.0000E+00 1.0000E+00 1.0000E+00 1.0000E+00 1.0000E+00 1.0000E+00 1.0000E+00 1.0000E+00 1.0000E+00 1.0000E+00
 1.0000E+00 1.0000E+00 1.0000E+00 1.0000E+00 1.0000E+00 1.0000E+00 1.0000E+00 1.0000E+00 1.0000E+00 1.0000E+00

  SELF SHIELDING

FE58G   FE2B  BFX   2.00000E+01   8.48675E+22  ATN = (7.87 × N_a × 1      ) / (55.845)

 9.7129E-01 9.9097E-01 9.9636E-01 9.9756E-01 9.9821E-01 9.9862E-01 9.9879E-01 9.9901E-01 9.9919E-01 9.9933E-01
 9.9945E-01 9.9955E-01 9.9964E-01 9.9970E-01 9.9976E-01 9.9980E-01 9.9984E-01 9.9986E-01 9.9989E-01 9.9991E-01
 9.9993E-01 9.9994E-01 9.9999E-01 1.0000E+00 1.0000E+00 1.0000E+00 9.7026E-01 9.0345E-01 9.8365E-01 1.0000E+00
 1.0000E+00 1.0000E+00 9.9747E-01 1.0000E+00 1.0000E+00 1.0000E+00 1.0000E+00 1.0000E+00 1.0000E+00 9.9127E-01
 1.0000E+00 9.9911E-01 1.0000E+00 9.9990E-01 9.9988E-01 9.9993E-01 1.0000E+00 9.9993E-01 1.0000E+00 9.9993E-01
 1.0000E+00 1.0000E+00 1.0000E+00 1.0000E+00 1.0000E+00 1.0000E+00 1.0000E+00 1.0000E+00 1.0000E+00 1.0000E+00
 1.0000E+00 1.0000E+00 1.0000E+00 1.0000E+00 1.0000E+00 1.0000E+00 1.0000E+00 1.0000E+00 1.0000E+00 1.0000E+00
 1.0000E+00 1.0000E+00 1.0000E+00 1.0000E+00 1.0000E+00 1.0000E+00 1.0000E+00 1.0000E+00 1.0000E+00 1.0000E+00
 1.0000E+00 1.0000E+00 1.0000E+00 1.0000E+00 1.0000E+00 1.0000E+00 1.0000E+00 1.0000E+00 1.0000E+00 1.0000E+00
 1.0000E+00 1.0000E+00 1.0000E+00 1.0000E+00 1.0000E+00 1.0000E+00 1.0000E+00 1.0000E+00 1.0000E+00 1.0000E+00
 1.0000E+00 1.0000E+00 1.0000E+00 1.0000E+00 1.0000E+00 1.0000E+00 1.0000E+00 1.0000E+00 1.0000E+00 1.0000E+00
 1.0000E+00 1.0000E+00 1.0000E+00 1.0000E+00 1.0000E+00 1.0000E+00 1.0000E+00 1.0000E+00 1.0000E+00 1.0000E+00
 1.0000E+00 1.0000E+00 1.0000E+00 1.0000E+00 1.0000E+00 1.0000E+00 1.0000E+00 1.0000E+00 1.0000E+00 1.0000E+00
 1.0000E+00 1.0000E+00 1.0000E+00 1.0000E+00 1.0000E+00 1.0000E+00 1.0000E+00 1.0000E+00 1.0000E+00 1.0000E+00

  SELF SHIELDING

FE58G   FE2A  BWX   2.00000E+01   8.48675E+22  ATN = (7.87 × N_a × 1      ) / (55.845)

 9.7556E-01 9.9232E-01 9.9688E-01 9.9789E-01 9.9844E-01 9.9877E-01 9.9890E-01 9.9908E-01 9.9921E-01 9.9931E-01
 9.9939E-01 9.9944E-01 9.9947E-01 9.9948E-01 9.9946E-01 9.9942E-01 9.9937E-01 9.9929E-01 9.9917E-01 9.9902E-01
 9.9883E-01 9.9858E-01 9.9954E-01 1.0000E+00 1.0000E+00 1.0000E+00 9.7466E-01 9.1730E-01 9.8603E-01 1.0000E+00
 1.0000E+00 1.0000E+00 9.9781E-01 1.0000E+00 1.0000E+00 1.0000E+00 1.0000E+00 1.0000E+00 1.0000E+00 9.9256E-01
 1.0000E+00 9.9905E-01 1.0000E+00 9.9930E-01 9.9934E-01 9.9881E-01 1.0000E+00 9.9939E-01 1.0000E+00 9.9946E-01
 1.0000E+00 1.0000E+00 1.0000E+00 1.0000E+00 1.0000E+00 1.0000E+00 1.0000E+00 1.0000E+00 1.0000E+00 1.0000E+00
 1.0000E+00 1.0000E+00 1.0000E+00 1.0000E+00 1.0000E+00 1.0000E+00 1.0000E+00 1.0000E+00 1.0000E+00 1.0000E+00
 1.0000E+00 1.0000E+00 1.0000E+00 1.0000E+00 1.0000E+00 1.0000E+00 1.0000E+00 1.0000E+00 1.0000E+00 1.0000E+00
 1.0000E+00 1.0000E+00 1.0000E+00 1.0000E+00 1.0000E+00 1.0000E+00 1.0000E+00 1.0000E+00 1.0000E+00 1.0000E+00
 1.0000E+00 1.0000E+00 1.0000E+00 1.0000E+00 1.0000E+00 1.0000E+00 1.0000E+00 1.0000E+00 1.0000E+00 1.0000E+00
 1.0000E+00 1.0000E+00 1.0000E+00 1.0000E+00 1.0000E+00 1.0000E+00 1.0000E+00 1.0000E+00 1.0000E+00 1.0000E+00
 1.0000E+00 1.0000E+00 1.0000E+00 1.0000E+00 1.0000E+00 1.0000E+00 1.0000E+00 1.0000E+00 1.0000E+00 1.0000E+00
 1.0000E+00 1.0000E+00 1.0000E+00 1.0000E+00 1.0000E+00 1.0000E+00 1.0000E+00 1.0000E+00 1.0000E+00 1.0000E+00
 1.0000E+00 1.0000E+00 1.0000E+00 1.0000E+00 1.0000E+00 1.0000E+00 1.0000E+00 1.0000E+00 1.0000E+00 1.0000E+00

  SELF SHIELDING

FE58G   FEN1  IFX   2.00000E+01   8.48675E+22  ATN = (7.87 × N_a × 1      ) / (55.845)

 8.9062E-01 9.5557E-01 9.7868E-01 9.8474E-01 9.8827E-01 9.9059E-01 9.9156E-01 9.9292E-01 9.9403E-01 9.9497E-01
 9.9574E-01 9.9645E-01 9.9704E-01 9.9751E-01 9.9793E-01 9.9827E-01 9.9854E-01 9.9876E-01 9.9898E-01 9.9914E-01
 9.9928E-01 9.9941E-01 9.9985E-01 1.0000E+00 1.0000E+00 1.0000E+00 8.9007E-01 7.4236E-01 9.3422E-01 1.0000E+00
 1.0000E+00 1.0000E+00 9.8494E-01 1.0000E+00 1.0000E+00 1.0000E+00 1.0000E+00 1.0000E+00 1.0000E+00 9.5786E-01
 1.0000E+00 9.9373E-01 1.0000E+00 9.9909E-01 9.9894E-01 9.9936E-01 1.0000E+00 9.9938E-01 1.0000E+00 9.9935E-01
 1.0000E+00 1.0000E+00 1.0000E+00 1.0000E+00 1.0000E+00 1.0000E+00 1.0000E+00 1.0000E+00 1.0000E+00 1.0000E+00
 1.0000E+00 1.0000E+00 1.0000E+00 1.0000E+00 1.0000E+00 1.0000E+00 1.0000E+00 1.0000E+00 1.0000E+00 1.0000E+00
 1.0000E+00 1.0000E+00 1.0000E+00 1.0000E+00 1.0000E+00 1.0000E+00 1.0000E+00 1.0000E+00 1.0000E+00 1.0000E+00
 1.0000E+00 1.0000E+00 1.0000E+00 1.0000E+00 1.0000E+00 1.0000E+00 1.0000E+00 1.0000E+00 1.0000E+00 1.0000E+00
 1.0000E+00 1.0000E+00 1.0000E+00 1.0000E+00 1.0000E+00 1.0000E+00 1.0000E+00 1.0000E+00 1.0000E+00 1.0000E+00
 1.0000E+00 1.0000E+00 1.0000E+00 1.0000E+00 1.0000E+00 1.0000E+00 1.0000E+00 1.0000E+00 1.0000E+00 1.0000E+00
 1.0000E+00 1.0000E+00 1.0000E+00 1.0000E+00 1.0000E+00 1.0000E+00 1.0000E+00 1.0000E+00 1.0000E+00 1.0000E+00
 1.0000E+00 1.0000E+00 1.0000E+00 1.0000E+00 1.0000E+00 1.0000E+00 1.0000E+00 1.0000E+00 1.0000E+00 1.0000E+00
 1.0000E+00 1.0000E+00 1.0000E+00 1.0000E+00 1.0000E+00 1.0000E+00 1.0000E+00 1.0000E+00 1.0000E+00 1.0000E+00

  SELF SHIELDING

FE58G   FE31  IFX   3.10000E+01   8.48675E+22  ATN = (7.87 × N_a × 1      ) / (55.845)

 8.4986E-01 9.3725E-01 9.6943E-01 9.7800E-01 9.8303E-01 9.8636E-01 9.8775E-01 9.8970E-01 9.9130E-01 9.9265E-01
 9.9377E-01 9.9480E-01 9.9566E-01 9.9635E-01 9.9695E-01 9.9745E-01 9.9784E-01 9.9817E-01 9.9849E-01 9.9873E-01
 9.9894E-01 9.9913E-01 9.9928E-01 9.9938E-01 9.9946E-01 9.9973E-01 8.4969E-01 6.6500E-01 9.0909E-01 1.0000E+00
 1.0000E+00 1.0000E+00 9.7837E-01 1.0000E+00 1.0000E+00 1.0000E+00 1.0000E+00 1.0000E+00 1.0000E+00 9.4061E-01
 1.0000E+00 9.9088E-01 1.0000E+00 9.9865E-01 9.9844E-01 9.9905E-01 9.9944E-01 9.9909E-01 1.0000E+00 9.9894E-01
 1.0000E+00 9.9981E-01 1.0000E+00 9.9980E-01 1.0000E+00 1.0000E+00 1.0000E+00 1.0000E+00 1.0000E+00 1.0000E+00
 1.0000E+00 1.0000E+00 1.0000E+00 1.0000E+00 1.0000E+00 1.0000E+00 1.0000E+00 1.0000E+00 1.0000E+00 1.0000E+00
 1.0000E+00 1.0000E+00 1.0000E+00 1.0000E+00 1.0000E+00 1.0000E+00 1.0000E+00 1.0000E+00 1.0000E+00 1.0000E+00
 1.0000E+00 1.0000E+00 1.0000E+00 1.0000E+00 1.0000E+00 1.0000E+00 1.0000E+00 1.0000E+00 1.0000E+00 1.0000E+00
 1.0000E+00 1.0000E+00 1.0000E+00 1.0000E+00 1.0000E+00 1.0000E+00 1.0000E+00 1.0000E+00 1.0000E+00 1.0000E+00
 1.0000E+00 1.0000E+00 1.0000E+00 1.0000E+00 1.0000E+00 1.0000E+00 1.0000E+00 1.0000E+00 1.0000E+00 1.0000E+00
 1.0000E+00 1.0000E+00 1.0000E+00 1.0000E+00 1.0000E+00 1.0000E+00 1.0000E+00 1.0000E+00 1.0000E+00 1.0000E+00
 1.0000E+00 1.0000E+00 1.0000E+00 1.0000E+00 1.0000E+00 1.0000E+00 1.0000E+00 1.0000E+00 1.0000E+00 1.0000E+00
 1.0000E+00 1.0000E+00 1.0000E+00 1.0000E+00 1.0000E+00 1.0000E+00 1.0000E+00 1.0000E+00 1.0000E+00 1.0000E+00

  SELF SHIELDING

FE58G   FENG  IWX   2.00000E+01   8.48675E+22  ATN = (7.87 × N_a × 1      ) / (55.845)

 9.0372E-01 9.6121E-01 9.8147E-01 9.8675E-01 9.8983E-01 9.9185E-01 9.9269E-01 9.9387E-01 9.9484E-01 9.9565E-01
 9.9632E-01 9.9694E-01 9.9745E-01 9.9786E-01 9.9821E-01 9.9851E-01 9.9874E-01 9.9893E-01 9.9912E-01 9.9926E-01
 9.9938E-01 9.9949E-01 9.9987E-01 1.0000E+00 1.0000E+00 1.0000E+00 9.0314E-01 7.6967E-01 9.4221E-01 1.0000E+00
 1.0000E+00 1.0000E+00 9.8691E-01 1.0000E+00 1.0000E+00 1.0000E+00 1.0000E+00 1.0000E+00 1.0000E+00 9.6319E-01
 1.0000E+00 9.9458E-01 1.0000E+00 9.9921E-01 9.9909E-01 9.9945E-01 1.0000E+00 9.9947E-01 1.0000E+00 9.9944E-01
 1.0000E+00 1.0000E+00 1.0000E+00 1.0000E+00 1.0000E+00 1.0000E+00 1.0000E+00 1.0000E+00 1.0000E+00 1.0000E+00
 1.0000E+00 1.0000E+00 1.0000E+00 1.0000E+00 1.0000E+00 1.0000E+00 1.0000E+00 1.0000E+00 1.0000E+00 1.0000E+00
 1.0000E+00 1.0000E+00 1.0000E+00 1.0000E+00 1.0000E+00 1.0000E+00 1.0000E+00 1.0000E+00 1.0000E+00 1.0000E+00
 1.0000E+00 1.0000E+00 1.0000E+00 1.0000E+00 1.0000E+00 1.0000E+00 1.0000E+00 1.0000E+00 1.0000E+00 1.0000E+00
 1.0000E+00 1.0000E+00 1.0000E+00 1.0000E+00 1.0000E+00 1.0000E+00 1.0000E+00 1.0000E+00 1.0000E+00 1.0000E+00
 1.0000E+00 1.0000E+00 1.0000E+00 1.0000E+00 1.0000E+00 1.0000E+00 1.0000E+00 1.0000E+00 1.0000E+00 1.0000E+00
 1.0000E+00 1.0000E+00 1.0000E+00 1.0000E+00 1.0000E+00 1.0000E+00 1.0000E+00 1.0000E+00 1.0000E+00 1.0000E+00
 1.0000E+00 1.0000E+00 1.0000E+00 1.0000E+00 1.0000E+00 1.0000E+00 1.0000E+00 1.0000E+00 1.0000E+00 1.0000E+00
 1.0000E+00 1.0000E+00 1.0000E+00 1.0000E+00 1.0000E+00 1.0000E+00 1.0000E+00 1.0000E+00 1.0000E+00 1.0000E+00

  SELF SHIELDING

FE58G   FE24  IWX   2.42000E+01   8.48675E+22  ATN = (7.87 × N_a × 1      ) / (55.845)

 8.8913E-01 9.5483E-01 9.7829E-01 9.8445E-01 9.8805E-01 9.9041E-01 9.9140E-01 9.9278E-01 9.9391E-01 9.9487E-01
 9.9565E-01 9.9638E-01 9.9698E-01 9.9746E-01 9.9788E-01 9.9823E-01 9.9850E-01 9.9873E-01 9.9895E-01 9.9912E-01
 9.9927E-01 9.9940E-01 9.9950E-01 9.9985E-01 1.0000E+00 9.9997E-01 8.8862E-01 7.4025E-01 9.3328E-01 1.0000E+00
 1.0000E+00 1.0000E+00 9.8466E-01 1.0000E+00 1.0000E+00 1.0000E+00 1.0000E+00 1.0000E+00 1.0000E+00 9.5717E-01
 1.0000E+00 9.9361E-01 1.0000E+00 9.9907E-01 9.9892E-01 9.9934E-01 9.9986E-01 9.9937E-01 1.0000E+00 9.9927E-01
 1.0000E+00 1.0000E+00 1.0000E+00 1.0000E+00 1.0000E+00 1.0000E+00 1.0000E+00 1.0000E+00 1.0000E+00 1.0000E+00
 1.0000E+00 1.0000E+00 1.0000E+00 1.0000E+00 1.0000E+00 1.0000E+00 1.0000E+00 1.0000E+00 1.0000E+00 1.0000E+00
 1.0000E+00 1.0000E+00 1.0000E+00 1.0000E+00 1.0000E+00 1.0000E+00 1.0000E+00 1.0000E+00 1.0000E+00 1.0000E+00
 1.0000E+00 1.0000E+00 1.0000E+00 1.0000E+00 1.0000E+00 1.0000E+00 1.0000E+00 1.0000E+00 1.0000E+00 1.0000E+00
 1.0000E+00 1.0000E+00 1.0000E+00 1.0000E+00 1.0000E+00 1.0000E+00 1.0000E+00 1.0000E+00 1.0000E+00 1.0000E+00
 1.0000E+00 1.0000E+00 1.0000E+00 1.0000E+00 1.0000E+00 1.0000E+00 1.0000E+00 1.0000E+00 1.0000E+00 1.0000E+00
 1.0000E+00 1.0000E+00 1.0000E+00 1.0000E+00 1.0000E+00 1.0000E+00 1.0000E+00 1.0000E+00 1.0000E+00 1.0000E+00
 1.0000E+00 1.0000E+00 1.0000E+00 1.0000E+00 1.0000E+00 1.0000E+00 1.0000E+00 1.0000E+00 1.0000E+00 1.0000E+00
 1.0000E+00 1.0000E+00 1.0000E+00 1.0000E+00 1.0000E+00 1.0000E+00 1.0000E+00 1.0000E+00 1.0000E+00 1.0000E+00

  SELF SHIELDING

FE58G   FE62  IWX   6.20000E+01   8.48675E+22  ATN = (7.87 × N_a × 1      ) / (55.845)

 7.8589E-01 9.0652E-01 9.5338E-01 9.6620E-01 9.7379E-01 9.7884E-01 9.8096E-01 9.8395E-01 9.8641E-01 9.8850E-01
 9.9022E-01 9.9183E-01 9.9316E-01 9.9424E-01 9.9517E-01 9.9596E-01 9.9657E-01 9.9709E-01 9.9759E-01 9.9798E-01
 9.9831E-01 9.9860E-01 9.9884E-01 9.9901E-01 9.9913E-01 9.9916E-01 7.8693E-01 5.6032E-01 8.6895E-01 9.9961E-01
 1.0000E+00 1.0000E+00 9.6695E-01 1.0000E+00 1.0000E+00 1.0000E+00 1.0000E+00 1.0000E+00 1.0000E+00 9.1178E-01
 9.9973E-01 9.8580E-01 1.0000E+00 9.9785E-01 9.9751E-01 9.9848E-01 9.9910E-01 9.9839E-01 9.9953E-01 9.9820E-01
 9.9961E-01 9.9941E-01 9.9953E-01 9.9967E-01 9.9990E-01 9.9988E-01 1.0000E+00 9.9954E-01 1.0000E+00 1.0000E+00
 1.0000E+00 1.0000E+00 1.0000E+00 1.0000E+00 1.0000E+00 1.0000E+00 1.0000E+00 1.0000E+00 1.0000E+00 1.0000E+00
 1.0000E+00 1.0000E+00 1.0000E+00 1.0000E+00 1.0000E+00 1.0000E+00 1.0000E+00 1.0000E+00 1.0000E+00 1.0000E+00
 1.0000E+00 1.0000E+00 1.0000E+00 1.0000E+00 1.0000E+00 1.0000E+00 1.0000E+00 1.0000E+00 1.0000E+00 1.0000E+00
 1.0000E+00 1.0000E+00 1.0000E+00 1.0000E+00 1.0000E+00 1.0000E+00 1.0000E+00 1.0000E+00 1.0000E+00 1.0000E+00
 1.0000E+00 1.0000E+00 1.0000E+00 1.0000E+00 1.0000E+00 1.0000E+00 1.0000E+00 1.0000E+00 1.0000E+00 1.0000E+00
 1.0000E+00 1.0000E+00 1.0000E+00 1.0000E+00 1.0000E+00 1.0000E+00 1.0000E+00 1.0000E+00 1.0000E+00 1.0000E+00
 1.0000E+00 1.0000E+00 1.0000E+00 1.0000E+00 1.0000E+00 1.0000E+00 1.0000E+00 1.0000E+00 1.0000E+00 1.0000E+00
 1.0000E+00 1.0000E+00 1.0000E+00 1.0000E+00 1.0000E+00 1.0000E+00 1.0000E+00 1.0000E+00 1.0000E+00 1.0000E+00

  SELF SHIELDING

CO59G   COB2  BFX   2.00000E+00   9.05367E+22  ATN = (8.86 × N_a × 1      ) / (58.933195)

 9.1693E-01 9.7310E-01 9.8906E-01 9.9265E-01 9.9462E-01 9.9584E-01 9.9633E-01 9.9701E-01 9.9754E-01 9.9798E-01
 9.9833E-01 9.9864E-01 9.9888E-01 9.9908E-01 9.9924E-01 9.9936E-01 9.9946E-01 9.9953E-01 9.9959E-01 9.9962E-01
 9.9961E-01 9.9951E-01 9.9887E-01 8.9294E-01 9.6386E-01 9.9946E-01 9.9988E-01 9.9998E-01 1.0000E+00 1.0000E+00
 1.0000E+00 1.0000E+00 1.0000E+00 9.9979E-01 1.0000E+00 9.9978E-01 9.9846E-01 9.9973E-01 9.9992E-01 9.9927E-01
 9.9976E-01 9.9907E-01 1.0000E+00 1.0000E+00 1.0000E+00 1.0000E+00 1.0000E+00 1.0000E+00 1.0000E+00 1.0000E+00
 1.0000E+00 1.0000E+00 1.0000E+00 1.0000E+00 1.0000E+00 1.0000E+00 1.0000E+00 1.0000E+00 1.0000E+00 1.0000E+00
 1.0000E+00 1.0000E+00 1.0000E+00 1.0000E+00 1.0000E+00 1.0000E+00 1.0000E+00 1.0000E+00 1.0000E+00 1.0000E+00
 1.0000E+00 1.0000E+00 1.0000E+00 1.0000E+00 1.0000E+00 1.0000E+00 1.0000E+00 1.0000E+00 1.0000E+00 1.0000E+00
 1.0000E+00 1.0000E+00 1.0000E+00 1.0000E+00 1.0000E+00 1.0000E+00 1.0000E+00 1.0000E+00 1.0000E+00 1.0000E+00
 1.0000E+00 1.0000E+00 1.0000E+00 1.0000E+00 1.0000E+00 1.0000E+00 1.0000E+00 1.0000E+00 1.0000E+00 1.0000E+00
 1.0000E+00 1.0000E+00 1.0000E+00 1.0000E+00 1.0000E+00 1.0000E+00 1.0000E+00 1.0000E+00 1.0000E+00 1.0000E+00
 1.0000E+00 1.0000E+00 1.0000E+00 1.0000E+00 1.0000E+00 1.0000E+00 1.0000E+00 1.0000E+00 1.0000E+00 1.0000E+00
 1.0000E+00 1.0000E+00 1.0000E+00 1.0000E+00 1.0000E+00 1.0000E+00 1.0000E+00 1.0000E+00 1.0000E+00 1.0000E+00
 1.0000E+00 1.0000E+00 1.0000E+00 1.0000E+00 1.0000E+00 1.0000E+00 1.0000E+00 1.0000E+00 1.0000E+00 1.0000E+00

  SELF SHIELDING

CO59G   CO05  IFX   5.00000E-01   9.05367E+22  ATN = (8.86 × N_a × 1      ) / (58.933195)

 9.1135E-01 9.6455E-01 9.8314E-01 9.8796E-01 9.9077E-01 9.9260E-01 9.9337E-01 9.9444E-01 9.9531E-01 9.9604E-01
 9.9664E-01 9.9720E-01 9.9765E-01 9.9801E-01 9.9832E-01 9.9857E-01 9.9876E-01 9.9891E-01 9.9903E-01 9.9909E-01
 9.9908E-01 9.9887E-01 9.9764E-01 8.9408E-01 9.5660E-01 9.9881E-01 1.0000E+00 1.0000E+00 1.0000E+00 1.0000E+00
 1.0000E+00 1.0000E+00 1.0000E+00 9.9954E-01 1.0000E+00 9.9952E-01 9.9704E-01 9.9946E-01 1.0000E+00 9.9852E-01
 9.9950E-01 9.9808E-01 1.0000E+00 1.0000E+00 1.0000E+00 1.0000E+00 1.0000E+00 1.0000E+00 1.0000E+00 1.0000E+00
 1.0000E+00 1.0000E+00 1.0000E+00 1.0000E+00 1.0000E+00 1.0000E+00 1.0000E+00 1.0000E+00 1.0000E+00 1.0000E+00
 1.0000E+00 1.0000E+00 1.0000E+00 1.0000E+00 1.0000E+00 1.0000E+00 1.0000E+00 1.0000E+00 1.0000E+00 1.0000E+00
 1.0000E+00 1.0000E+00 1.0000E+00 1.0000E+00 1.0000E+00 1.0000E+00 1.0000E+00 1.0000E+00 1.0000E+00 1.0000E+00
 1.0000E+00 1.0000E+00 1.0000E+00 1.0000E+00 1.0000E+00 1.0000E+00 1.0000E+00 1.0000E+00 1.0000E+00 1.0000E+00
 1.0000E+00 1.0000E+00 1.0000E+00 1.0000E+00 1.0000E+00 1.0000E+00 1.0000E+00 1.0000E+00 1.0000E+00 1.0000E+00
 1.0000E+00 1.0000E+00 1.0000E+00 1.0000E+00 1.0000E+00 1.0000E+00 1.0000E+00 1.0000E+00 1.0000E+00 1.0000E+00
 1.0000E+00 1.0000E+00 1.0000E+00 1.0000E+00 1.0000E+00 1.0000E+00 1.0000E+00 1.0000E+00 1.0000E+00 1.0000E+00
 1.0000E+00 1.0000E+00 1.0000E+00 1.0000E+00 1.0000E+00 1.0000E+00 1.0000E+00 1.0000E+00 1.0000E+00 1.0000E+00
 1.0000E+00 1.0000E+00 1.0000E+00 1.0000E+00 1.0000E+00 1.0000E+00 1.0000E+00 1.0000E+00 1.0000E+00 1.0000E+00

  SELF SHIELDING

CO59G   CO10  IFX   1.00000E+01   9.05367E+22  ATN = (8.86 × N_a × 1      ) / (58.933195)

 4.3296E-01 6.8952E-01 8.2598E-01 8.6902E-01 8.9580E-01 9.1424E-01 9.2215E-01 9.3350E-01 9.4295E-01 9.5113E-01
 9.5796E-01 9.6438E-01 9.6975E-01 9.7409E-01 9.7786E-01 9.8097E-01 9.8332E-01 9.8519E-01 9.8674E-01 9.8755E-01
 9.8740E-01 9.8476E-01 9.6975E-01 4.1585E-01 6.6284E-01 9.8380E-01 9.9544E-01 9.9802E-01 9.9886E-01 9.9924E-01
 9.9955E-01 1.0000E+00 1.0000E+00 9.9333E-01 1.0000E+00 9.9314E-01 9.6352E-01 9.9126E-01 9.9676E-01 9.8096E-01
 9.9211E-01 9.7518E-01 9.9892E-01 9.9928E-01 9.9956E-01 9.9911E-01 1.0000E+00 1.0000E+00 1.0000E+00 9.9901E-01
 1.0000E+00 1.0000E+00 1.0000E+00 1.0000E+00 1.0000E+00 1.0000E+00 1.0000E+00 1.0000E+00 1.0000E+00 1.0000E+00
 1.0000E+00 1.0000E+00 1.0000E+00 1.0000E+00 1.0000E+00 1.0000E+00 1.0000E+00 1.0000E+00 1.0000E+00 1.0000E+00
 1.0000E+00 1.0000E+00 1.0000E+00 1.0000E+00 1.0000E+00 1.0000E+00 1.0000E+00 1.0000E+00 1.0000E+00 1.0000E+00
 1.0000E+00 1.0000E+00 1.0000E+00 1.0000E+00 1.0000E+00 1.0000E+00 1.0000E+00 1.0000E+00 1.0000E+00 1.0000E+00
 1.0000E+00 1.0000E+00 1.0000E+00 1.0000E+00 1.0000E+00 1.0000E+00 1.0000E+00 1.0000E+00 1.0000E+00 1.0000E+00
 1.0000E+00 1.0000E+00 1.0000E+00 1.0000E+00 1.0000E+00 1.0000E+00 1.0000E+00 1.0000E+00 1.0000E+00 1.0000E+00
 1.0000E+00 1.0000E+00 1.0000E+00 1.0000E+00 1.0000E+00 1.0000E+00 1.0000E+00 1.0000E+00 1.0000E+00 1.0000E+00
 1.0000E+00 1.0000E+00 1.0000E+00 1.0000E+00 1.0000E+00 1.0000E+00 1.0000E+00 1.0000E+00 1.0000E+00 1.0000E+00
 1.0000E+00 1.0000E+00 1.0000E+00 1.0000E+00 1.0000E+00 1.0000E+00 1.0000E+00 1.0000E+00 1.0000E+00 1.0000E+00

  SELF SHIELDING

CO59G   CO.1  IWX   1.72000E+01   1.05023E+20  ATN = (8.86 × N_a × 0.00116) / (58.933195)

 9.9449E-01 9.9802E-01 9.9912E-01 9.9938E-01 9.9961E-01 1.0000E+00 1.0000E+00 1.0000E+00 1.0000E+00 1.0000E+00
 1.0000E+00 1.0000E+00 1.0000E+00 1.0000E+00 1.0000E+00 1.0000E+00 1.0000E+00 1.0000E+00 1.0000E+00 1.0000E+00
 1.0000E+00 1.0000E+00 1.0000E+00 9.9309E-01 9.9749E-01 1.0000E+00 1.0000E+00 1.0000E+00 1.0000E+00 1.0000E+00
 1.0000E+00 1.0000E+00 1.0000E+00 1.0000E+00 1.0000E+00 1.0000E+00 1.0000E+00 1.0000E+00 1.0000E+00 1.0000E+00
 1.0000E+00 1.0000E+00 1.0000E+00 1.0000E+00 1.0000E+00 1.0000E+00 1.0000E+00 1.0000E+00 1.0000E+00 1.0000E+00
 1.0000E+00 1.0000E+00 1.0000E+00 1.0000E+00 1.0000E+00 1.0000E+00 1.0000E+00 1.0000E+00 1.0000E+00 1.0000E+00
 1.0000E+00 1.0000E+00 1.0000E+00 1.0000E+00 1.0000E+00 1.0000E+00 1.0000E+00 1.0000E+00 1.0000E+00 1.0000E+00
 1.0000E+00 1.0000E+00 1.0000E+00 1.0000E+00 1.0000E+00 1.0000E+00 1.0000E+00 1.0000E+00 1.0000E+00 1.0000E+00
 1.0000E+00 1.0000E+00 1.0000E+00 1.0000E+00 1.0000E+00 1.0000E+00 1.0000E+00 1.0000E+00 1.0000E+00 1.0000E+00
 1.0000E+00 1.0000E+00 1.0000E+00 1.0000E+00 1.0000E+00 1.0000E+00 1.0000E+00 1.0000E+00 1.0000E+00 1.0000E+00
 1.0000E+00 1.0000E+00 1.0000E+00 1.0000E+00 1.0000E+00 1.0000E+00 1.0000E+00 1.0000E+00 1.0000E+00 1.0000E+00
 1.0000E+00 1.0000E+00 1.0000E+00 1.0000E+00 1.0000E+00 1.0000E+00 1.0000E+00 1.0000E+00 1.0000E+00 1.0000E+00
 1.0000E+00 1.0000E+00 1.0000E+00 1.0000E+00 1.0000E+00 1.0000E+00 1.0000E+00 1.0000E+00 1.0000E+00 1.0000E+00
 1.0000E+00 1.0000E+00 1.0000E+00 1.0000E+00 1.0000E+00 1.0000E+00 1.0000E+00 1.0000E+00 1.0000E+00 1.0000E+00

  SELF SHIELDING

CO59G   CONG  IWX   2.00000E+01   9.05367E+22  ATN = (8.86 × N_a × 1      ) / (58.933195)

 3.1836E-01 5.8567E-01 7.5375E-01 8.1114E-01 8.4783E-01 8.7361E-01 8.8480E-01 9.0098E-01 9.1458E-01 9.2645E-01
 9.3644E-01 9.4590E-01 9.5386E-01 9.6033E-01 9.6598E-01 9.7066E-01 9.7423E-01 9.7706E-01 9.7942E-01 9.8066E-01
 9.8044E-01 9.7642E-01 9.5391E-01 3.2197E-01 5.6651E-01 9.7501E-01 9.9282E-01 9.9685E-01 9.9817E-01 9.9878E-01
 9.9911E-01 9.9932E-01 9.9943E-01 9.8943E-01 9.9983E-01 9.8930E-01 9.4510E-01 9.8643E-01 9.9489E-01 9.7107E-01
 9.8772E-01 9.6221E-01 9.9815E-01 9.9876E-01 9.9900E-01 9.9841E-01 9.9951E-01 9.9957E-01 9.9982E-01 9.9822E-01
 1.0000E+00 1.0000E+00 1.0000E+00 1.0000E+00 1.0000E+00 1.0000E+00 1.0000E+00 1.0000E+00 1.0000E+00 1.0000E+00
 1.0000E+00 1.0000E+00 1.0000E+00 1.0000E+00 1.0000E+00 1.0000E+00 1.0000E+00 1.0000E+00 1.0000E+00 1.0000E+00
 1.0000E+00 1.0000E+00 1.0000E+00 1.0000E+00 1.0000E+00 1.0000E+00 1.0000E+00 1.0000E+00 1.0000E+00 1.0000E+00
 1.0000E+00 1.0000E+00 1.0000E+00 1.0000E+00 1.0000E+00 1.0000E+00 1.0000E+00 1.0000E+00 1.0000E+00 1.0000E+00
 1.0000E+00 1.0000E+00 1.0000E+00 1.0000E+00 1.0000E+00 1.0000E+00 1.0000E+00 1.0000E+00 1.0000E+00 1.0000E+00
 1.0000E+00 1.0000E+00 1.0000E+00 1.0000E+00 1.0000E+00 1.0000E+00 1.0000E+00 1.0000E+00 1.0000E+00 1.0000E+00
 1.0000E+00 1.0000E+00 1.0000E+00 1.0000E+00 1.0000E+00 1.0000E+00 1.0000E+00 1.0000E+00 1.0000E+00 1.0000E+00
 1.0000E+00 1.0000E+00 1.0000E+00 1.0000E+00 1.0000E+00 1.0000E+00 1.0000E+00 1.0000E+00 1.0000E+00 1.0000E+00
 1.0000E+00 1.0000E+00 1.0000E+00 1.0000E+00 1.0000E+00 1.0000E+00 1.0000E+00 1.0000E+00 1.0000E+00 1.0000E+00

  SELF SHIELDING

CU63G   CUNG  IWX   2.00000E+01   8.49123E+22  ATN = (8.96 × N_a × 1      ) / (63.546)

 7.7235E-01 8.9976E-01 9.4980E-01 9.6355E-01 9.7172E-01 9.7715E-01 9.7944E-01 9.8267E-01 9.8531E-01 9.8758E-01
 9.8944E-01 9.9119E-01 9.9264E-01 9.9381E-01 9.9484E-01 9.9571E-01 9.9640E-01 9.9698E-01 9.9756E-01 9.9801E-01
 9.9841E-01 9.9877E-01 9.9906E-01 9.9925E-01 9.9939E-01 9.9950E-01 9.9985E-01 1.0000E+00 9.9654E-01 9.4813E-01
 5.0702E-01 9.7832E-01 9.5173E-01 1.0000E+00 9.9313E-01 9.1412E-01 9.9250E-01 9.4425E-01 9.7037E-01 9.5761E-01
 9.8150E-01 9.8905E-01 9.9737E-01 9.9817E-01 9.9773E-01 9.9907E-01 9.9821E-01 9.9914E-01 9.9926E-01 9.9941E-01
 9.9944E-01 9.9946E-01 9.9948E-01 9.9950E-01 9.9953E-01 9.9974E-01 1.0000E+00 1.0000E+00 1.0000E+00 1.0000E+00
 1.0000E+00 1.0000E+00 1.0000E+00 1.0000E+00 1.0000E+00 1.0000E+00 1.0000E+00 1.0000E+00 1.0000E+00 1.0000E+00
 1.0000E+00 1.0000E+00 1.0000E+00 1.0000E+00 1.0000E+00 1.0000E+00 1.0000E+00 1.0000E+00 1.0000E+00 1.0000E+00
 1.0000E+00 1.0000E+00 1.0000E+00 1.0000E+00 1.0000E+00 1.0000E+00 1.0000E+00 1.0000E+00 1.0000E+00 1.0000E+00
 1.0000E+00 1.0000E+00 1.0000E+00 1.0000E+00 1.0000E+00 1.0000E+00 1.0000E+00 1.0000E+00 1.0000E+00 1.0000E+00
 1.0000E+00 1.0000E+00 1.0000E+00 1.0000E+00 1.0000E+00 1.0000E+00 1.0000E+00 1.0000E+00 1.0000E+00 1.0000E+00
 1.0000E+00 1.0000E+00 1.0000E+00 1.0000E+00 1.0000E+00 1.0000E+00 1.0000E+00 1.0000E+00 1.0000E+00 1.0000E+00
 1.0000E+00 1.0000E+00 1.0000E+00 1.0000E+00 1.0000E+00 1.0000E+00 1.0000E+00 1.0000E+00 1.0000E+00 1.0000E+00
 1.0000E+00 1.0000E+00 1.0000E+00 1.0000E+00 1.0000E+00 1.0000E+00 1.0000E+00 1.0000E+00 1.0000E+00 1.0000E+00

  SELF SHIELDING

NB93G   NBNG  IWX   2.00000E+01   5.55503E+22  ATN = (8.57 × N_a × 1      ) / (92.90638)

 9.3705E-01 9.7534E-01 9.8840E-01 9.9176E-01 9.9370E-01 9.9497E-01 9.9549E-01 9.9623E-01 9.9683E-01 9.9734E-01
 9.9776E-01 9.9814E-01 9.9846E-01 9.9872E-01 9.9894E-01 9.9913E-01 9.9928E-01 9.9941E-01 9.9963E-01 1.0000E+00
 9.6323E-01 9.9969E-01 9.7074E-01 8.6187E-01 1.0000E+00 6.7443E-01 9.5836E-01 8.8609E-01 7.5230E-01 9.4860E-01
 8.8268E-01 8.3986E-01 8.8808E-01 9.0872E-01 9.0224E-01 9.3837E-01 9.6430E-01 9.6615E-01 9.7384E-01 9.8105E-01
 9.9319E-01 9.9477E-01 9.9566E-01 9.9608E-01 9.9677E-01 9.9721E-01 9.9764E-01 9.9800E-01 9.9833E-01 9.9860E-01
 9.9883E-01 9.9896E-01 9.9909E-01 9.9917E-01 9.9923E-01 9.9928E-01 9.9932E-01 9.9933E-01 9.9936E-01 9.9937E-01
 9.9938E-01 9.9938E-01 9.9939E-01 9.9939E-01 9.9940E-01 9.9941E-01 9.9942E-01 9.9945E-01 9.9950E-01 9.9969E-01
 1.0000E+00 1.0000E+00 1.0000E+00 1.0000E+00 1.0000E+00 1.0000E+00 1.0000E+00 1.0000E+00 1.0000E+00 1.0000E+00
 1.0000E+00 1.0000E+00 1.0000E+00 1.0000E+00 1.0000E+00 1.0000E+00 1.0000E+00 1.0000E+00 1.0000E+00 1.0000E+00
 1.0000E+00 1.0000E+00 1.0000E+00 1.0000E+00 1.0000E+00 1.0000E+00 1.0000E+00 1.0000E+00 1.0000E+00 1.0000E+00
 1.0000E+00 1.0000E+00 1.0000E+00 1.0000E+00 1.0000E+00 1.0000E+00 1.0000E+00 1.0000E+00 1.0000E+00 1.0000E+00
 1.0000E+00 1.0000E+00 1.0000E+00 1.0000E+00 1.0000E+00 1.0000E+00 1.0000E+00 1.0000E+00 1.0000E+00 1.0000E+00
 1.0000E+00 1.0000E+00 1.0000E+00 1.0000E+00 1.0000E+00 1.0000E+00 1.0000E+00 1.0000E+00 1.0000E+00 1.0000E+00
 1.0000E+00 1.0000E+00 1.0000E+00 1.0000E+00 1.0000E+00 1.0000E+00 1.0000E+00 1.0000E+00 1.0000E+00 1.0000E+00

  SELF SHIELDING

IN115G  IN14  BFX   2.00000E+00   3.83406E+22  ATN = (7.31 × N_a × 1      ) / (114.818)

 8.6061E-01 9.5330E-01 9.8048E-01 9.8653E-01 9.8971E-01 9.9154E-01 9.9219E-01 9.9291E-01 9.9310E-01 9.9248E-01
 9.8939E-01 9.4734E-01 3.9467E-01 9.9102E-01 9.6036E-01 9.9944E-01 9.2600E-01 9.8961E-01 1.0000E+00 9.8677E-01
 9.7641E-01 9.9790E-01 9.9034E-01 9.9622E-01 9.9160E-01 9.8943E-01 9.9126E-01 9.9396E-01 9.9654E-01 9.9740E-01
 9.9846E-01 9.9850E-01 9.9877E-01 9.9947E-01 9.9892E-01 9.9977E-01 9.9981E-01 9.9983E-01 9.9986E-01 9.9987E-01
 9.9989E-01 9.9990E-01 9.9991E-01 9.9992E-01 9.9993E-01 9.9994E-01 9.9994E-01 9.9998E-01 1.0000E+00 1.0000E+00
 1.0000E+00 1.0000E+00 1.0000E+00 1.0000E+00 1.0000E+00 1.0000E+00 1.0000E+00 1.0000E+00 1.0000E+00 1.0000E+00
 1.0000E+00 1.0000E+00 1.0000E+00 1.0000E+00 1.0000E+00 1.0000E+00 1.0000E+00 1.0000E+00 1.0000E+00 1.0000E+00
 1.0000E+00 1.0000E+00 1.0000E+00 1.0000E+00 1.0000E+00 1.0000E+00 1.0000E+00 1.0000E+00 1.0000E+00 1.0000E+00
 1.0000E+00 1.0000E+00 1.0000E+00 1.0000E+00 1.0000E+00 1.0000E+00 1.0000E+00 1.0000E+00 1.0000E+00 1.0000E+00
 1.0000E+00 1.0000E+00 1.0000E+00 1.0000E+00 1.0000E+00 1.0000E+00 1.0000E+00 1.0000E+00 1.0000E+00 1.0000E+00
 1.0000E+00 1.0000E+00 1.0000E+00 1.0000E+00 1.0000E+00 1.0000E+00 1.0000E+00 1.0000E+00 1.0000E+00 1.0000E+00
 1.0000E+00 1.0000E+00 1.0000E+00 1.0000E+00 1.0000E+00 1.0000E+00 1.0000E+00 1.0000E+00 1.0000E+00 1.0000E+00
 1.0000E+00 1.0000E+00 1.0000E+00 1.0000E+00 1.0000E+00 1.0000E+00 1.0000E+00 1.0000E+00 1.0000E+00 1.0000E+00
 1.0000E+00 1.0000E+00 1.0000E+00 1.0000E+00 1.0000E+00 1.0000E+00 1.0000E+00 1.0000E+00 1.0000E+00 1.0000E+00

  SELF SHIELDING

IN115G  INNG  IFX   5.00000E+00   3.83406E+22  ATN = (7.31 × N_a × 1      ) / (114.818)

 4.6355E-01 7.1238E-01 8.3868E-01 8.7668E-01 8.9899E-01 9.1292E-01 9.1813E-01 9.2395E-01 9.2558E-01 9.2042E-01
 8.9696E-01 7.0317E-01 1.2314E-01 9.1197E-01 7.5720E-01 9.9077E-01 6.3284E-01 9.1015E-01 9.9958E-01 8.8339E-01
 8.2372E-01 9.7215E-01 9.1047E-01 9.5556E-01 9.1956E-01 9.0226E-01 9.1528E-01 9.3703E-01 9.5921E-01 9.6738E-01
 9.7942E-01 9.7920E-01 9.8220E-01 9.9119E-01 9.8427E-01 9.9566E-01 9.9622E-01 9.9669E-01 9.9706E-01 9.9734E-01
 9.9762E-01 9.9780E-01 9.9809E-01 9.9823E-01 9.9844E-01 9.9859E-01 9.9874E-01 9.9888E-01 9.9902E-01 9.9914E-01
 9.9925E-01 9.9933E-01 9.9939E-01 9.9944E-01 9.9948E-01 1.0000E+00 1.0000E+00 1.0000E+00 1.0000E+00 1.0000E+00
 1.0000E+00 1.0000E+00 1.0000E+00 1.0000E+00 1.0000E+00 1.0000E+00 1.0000E+00 1.0000E+00 1.0000E+00 1.0000E+00
 1.0000E+00 1.0000E+00 1.0000E+00 1.0000E+00 1.0000E+00 1.0000E+00 1.0000E+00 1.0000E+00 1.0000E+00 1.0000E+00
 1.0000E+00 1.0000E+00 1.0000E+00 1.0000E+00 1.0000E+00 1.0000E+00 1.0000E+00 1.0000E+00 1.0000E+00 1.0000E+00
 1.0000E+00 1.0000E+00 1.0000E+00 1.0000E+00 1.0000E+00 1.0000E+00 1.0000E+00 1.0000E+00 1.0000E+00 1.0000E+00
 1.0000E+00 1.0000E+00 1.0000E+00 1.0000E+00 1.0000E+00 1.0000E+00 1.0000E+00 1.0000E+00 1.0000E+00 1.0000E+00
 1.0000E+00 1.0000E+00 1.0000E+00 1.0000E+00 1.0000E+00 1.0000E+00 1.0000E+00 1.0000E+00 1.0000E+00 1.0000E+00
 1.0000E+00 1.0000E+00 1.0000E+00 1.0000E+00 1.0000E+00 1.0000E+00 1.0000E+00 1.0000E+00 1.0000E+00 1.0000E+00
 1.0000E+00 1.0000E+00 1.0000E+00 1.0000E+00 1.0000E+00 1.0000E+00 1.0000E+00 1.0000E+00 1.0000E+00 1.0000E+00

  SELF SHIELDING

AU197G  AUB1  BFX   1.00000E+00   5.90087E+22  ATN = (19.3 × N_a × 1      ) / (196.966569)

 9.2821E-01 9.7688E-01 9.9056E-01 9.9362E-01 9.9528E-01 9.9629E-01 9.9669E-01 9.9723E-01 9.9763E-01 9.9793E-01
 9.9812E-01 9.9819E-01 9.9803E-01 9.9721E-01 9.8608E-01 4.7842E-01 9.9736E-01 9.9970E-01 9.9994E-01 1.0000E+00
 1.0000E+00 8.9169E-01 9.7958E-01 9.8914E-01 9.8524E-01 9.8625E-01 9.8404E-01 9.8305E-01 9.9098E-01 9.9172E-01
 9.9313E-01 9.9488E-01 9.9631E-01 9.9787E-01 9.9841E-01 9.9878E-01 9.9922E-01 9.9941E-01 9.9978E-01 9.9987E-01
 9.9989E-01 9.9991E-01 9.9993E-01 9.9994E-01 9.9998E-01 1.0000E+00 1.0000E+00 1.0000E+00 1.0000E+00 1.0000E+00
 1.0000E+00 1.0000E+00 1.0000E+00 1.0000E+00 1.0000E+00 1.0000E+00 1.0000E+00 1.0000E+00 1.0000E+00 1.0000E+00
 1.0000E+00 1.0000E+00 1.0000E+00 1.0000E+00 1.0000E+00 1.0000E+00 1.0000E+00 1.0000E+00 1.0000E+00 1.0000E+00
 1.0000E+00 1.0000E+00 1.0000E+00 1.0000E+00 1.0000E+00 1.0000E+00 1.0000E+00 1.0000E+00 1.0000E+00 1.0000E+00
 1.0000E+00 1.0000E+00 1.0000E+00 1.0000E+00 1.0000E+00 1.0000E+00 1.0000E+00 1.0000E+00 1.0000E+00 1.0000E+00
 1.0000E+00 1.0000E+00 1.0000E+00 1.0000E+00 1.0000E+00 1.0000E+00 1.0000E+00 1.0000E+00 1.0000E+00 1.0000E+00
 1.0000E+00 1.0000E+00 1.0000E+00 1.0000E+00 1.0000E+00 1.0000E+00 1.0000E+00 1.0000E+00 1.0000E+00 1.0000E+00
 1.0000E+00 1.0000E+00 1.0000E+00 1.0000E+00 1.0000E+00 1.0000E+00 1.0000E+00 1.0000E+00 1.0000E+00 1.0000E+00
 1.0000E+00 1.0000E+00 1.0000E+00 1.0000E+00 1.0000E+00 1.0000E+00 1.0000E+00 1.0000E+00 1.0000E+00 1.0000E+00
 1.0000E+00 1.0000E+00 1.0000E+00 1.0000E+00 1.0000E+00 1.0000E+00 1.0000E+00 1.0000E+00 1.0000E+00 1.0000E+00

  SELF SHIELDING

AU197G  AUB2  BFX   2.00000E+00   5.90087E+22  ATN = (19.3 × N_a × 1      ) / (196.966569)

 8.6381E-01 9.5454E-01 9.8125E-01 9.8729E-01 9.9058E-01 9.9260E-01 9.9340E-01 9.9446E-01 9.9526E-01 9.9586E-01
 9.9624E-01 9.9639E-01 9.9606E-01 9.9442E-01 9.7249E-01 3.2902E-01 9.9473E-01 9.9941E-01 9.9986E-01 9.9996E-01
 9.9999E-01 8.0389E-01 9.5986E-01 9.7848E-01 9.7087E-01 9.7282E-01 9.6853E-01 9.6667E-01 9.8210E-01 9.8358E-01
 9.8635E-01 9.8980E-01 9.9265E-01 9.9574E-01 9.9683E-01 9.9756E-01 9.9844E-01 9.9881E-01 9.9955E-01 9.9974E-01
 9.9979E-01 9.9982E-01 9.9986E-01 9.9988E-01 9.9990E-01 9.9991E-01 9.9992E-01 9.9993E-01 9.9994E-01 9.9996E-01
 1.0000E+00 1.0000E+00 1.0000E+00 1.0000E+00 1.0000E+00 1.0000E+00 1.0000E+00 1.0000E+00 1.0000E+00 1.0000E+00
 1.0000E+00 1.0000E+00 1.0000E+00 1.0000E+00 1.0000E+00 1.0000E+00 1.0000E+00 1.0000E+00 1.0000E+00 1.0000E+00
 1.0000E+00 1.0000E+00 1.0000E+00 1.0000E+00 1.0000E+00 1.0000E+00 1.0000E+00 1.0000E+00 1.0000E+00 1.0000E+00
 1.0000E+00 1.0000E+00 1.0000E+00 1.0000E+00 1.0000E+00 1.0000E+00 1.0000E+00 1.0000E+00 1.0000E+00 1.0000E+00
 1.0000E+00 1.0000E+00 1.0000E+00 1.0000E+00 1.0000E+00 1.0000E+00 1.0000E+00 1.0000E+00 1.0000E+00 1.0000E+00
 1.0000E+00 1.0000E+00 1.0000E+00 1.0000E+00 1.0000E+00 1.0000E+00 1.0000E+00 1.0000E+00 1.0000E+00 1.0000E+00
 1.0000E+00 1.0000E+00 1.0000E+00 1.0000E+00 1.0000E+00 1.0000E+00 1.0000E+00 1.0000E+00 1.0000E+00 1.0000E+00
 1.0000E+00 1.0000E+00 1.0000E+00 1.0000E+00 1.0000E+00 1.0000E+00 1.0000E+00 1.0000E+00 1.0000E+00 1.0000E+00
 1.0000E+00 1.0000E+00 1.0000E+00 1.0000E+00 1.0000E+00 1.0000E+00 1.0000E+00 1.0000E+00 1.0000E+00 1.0000E+00

  SELF SHIELDING

AU197G  AU14  BWX   2.50000E+01   5.90087E+22  ATN = (19.3 × N_a × 1      ) / (196.966569)

 3.2821E-01 6.4385E-01 8.2415E-01 8.7610E-01 9.0610E-01 9.2524E-01 9.3296E-01 9.4339E-01 9.5129E-01 9.5725E-01
 9.6105E-01 9.6259E-01 9.5931E-01 9.4303E-01 7.6623E-01 7.1673E-02 9.4649E-01 9.9372E-01 9.9843E-01 9.9929E-01
 9.9938E-01 3.2638E-01 6.8852E-01 8.0903E-01 7.5804E-01 7.6728E-01 7.4312E-01 7.3625E-01 8.3728E-01 8.5232E-01
 8.7142E-01 9.0121E-01 9.2699E-01 9.5649E-01 9.6723E-01 9.7464E-01 9.8366E-01 9.8752E-01 9.9524E-01 9.9719E-01
 9.9774E-01 9.9803E-01 9.9848E-01 9.9866E-01 9.9889E-01 9.9898E-01 9.9909E-01 9.9918E-01 9.9925E-01 9.9931E-01
 9.9936E-01 9.9939E-01 9.9941E-01 9.9942E-01 9.9943E-01 9.9944E-01 9.9945E-01 9.9947E-01 9.9947E-01 9.9948E-01
 9.9947E-01 9.9947E-01 9.9946E-01 9.9944E-01 9.9941E-01 9.9940E-01 9.9939E-01 9.9937E-01 9.9936E-01 9.9935E-01
 9.9932E-01 9.9929E-01 9.9926E-01 9.9921E-01 9.9913E-01 9.9896E-01 9.9872E-01 9.9933E-01 1.0000E+00 1.0000E+00
 1.0000E+00 1.0000E+00 1.0000E+00 1.0000E+00 1.0000E+00 1.0000E+00 1.0000E+00 1.0000E+00 1.0000E+00 1.0000E+00
 1.0000E+00 1.0000E+00 1.0000E+00 1.0000E+00 1.0000E+00 1.0000E+00 1.0000E+00 1.0000E+00 1.0000E+00 1.0000E+00
 1.0000E+00 1.0000E+00 1.0000E+00 1.0000E+00 1.0000E+00 1.0000E+00 1.0000E+00 1.0000E+00 1.0000E+00 1.0000E+00
 1.0000E+00 1.0000E+00 1.0000E+00 1.0000E+00 1.0000E+00 1.0000E+00 1.0000E+00 1.0000E+00 1.0000E+00 1.0000E+00
 1.0000E+00 1.0000E+00 1.0000E+00 1.0000E+00 1.0000E+00 1.0000E+00 1.0000E+00 1.0000E+00 1.0000E+00 1.0000E+00
 1.0000E+00 1.0000E+00 1.0000E+00 1.0000E+00 1.0000E+00 1.0000E+00 1.0000E+00 1.0000E+00 1.0000E+00 1.0000E+00

  SELF SHIELDING

AU197G  AUF1  IFX   1.00000E+00   5.90087E+22  ATN = (19.3 × N_a × 1      ) / (196.966569)

 7.8676E-01 9.0716E-01 9.5360E-01 9.6618E-01 9.7354E-01 9.7833E-01 9.8031E-01 9.8301E-01 9.8509E-01 9.8669E-01
 9.8773E-01 9.8815E-01 9.8725E-01 9.8293E-01 9.3876E-01 3.0636E-01 9.8406E-01 9.9754E-01 9.9941E-01 1.0000E+00
 1.0000E+00 7.3390E-01 9.1833E-01 9.5015E-01 9.3673E-01 9.3961E-01 9.3298E-01 9.3028E-01 9.5706E-01 9.6070E-01
 9.6544E-01 9.7285E-01 9.7924E-01 9.8681E-01 9.8971E-01 9.9176E-01 9.9440E-01 9.9559E-01 9.9811E-01 9.9879E-01
 9.9901E-01 9.9913E-01 9.9932E-01 9.9940E-01 9.9983E-01 1.0000E+00 1.0000E+00 1.0000E+00 1.0000E+00 1.0000E+00
 1.0000E+00 1.0000E+00 1.0000E+00 1.0000E+00 1.0000E+00 1.0000E+00 1.0000E+00 1.0000E+00 1.0000E+00 1.0000E+00
 1.0000E+00 1.0000E+00 1.0000E+00 1.0000E+00 1.0000E+00 1.0000E+00 1.0000E+00 1.0000E+00 1.0000E+00 1.0000E+00
 1.0000E+00 1.0000E+00 1.0000E+00 1.0000E+00 1.0000E+00 1.0000E+00 1.0000E+00 1.0000E+00 1.0000E+00 1.0000E+00
 1.0000E+00 1.0000E+00 1.0000E+00 1.0000E+00 1.0000E+00 1.0000E+00 1.0000E+00 1.0000E+00 1.0000E+00 1.0000E+00
 1.0000E+00 1.0000E+00 1.0000E+00 1.0000E+00 1.0000E+00 1.0000E+00 1.0000E+00 1.0000E+00 1.0000E+00 1.0000E+00
 1.0000E+00 1.0000E+00 1.0000E+00 1.0000E+00 1.0000E+00 1.0000E+00 1.0000E+00 1.0000E+00 1.0000E+00 1.0000E+00
 1.0000E+00 1.0000E+00 1.0000E+00 1.0000E+00 1.0000E+00 1.0000E+00 1.0000E+00 1.0000E+00 1.0000E+00 1.0000E+00
 1.0000E+00 1.0000E+00 1.0000E+00 1.0000E+00 1.0000E+00 1.0000E+00 1.0000E+00 1.0000E+00 1.0000E+00 1.0000E+00
 1.0000E+00 1.0000E+00 1.0000E+00 1.0000E+00 1.0000E+00 1.0000E+00 1.0000E+00 1.0000E+00 1.0000E+00 1.0000E+00

  SELF SHIELDING

AU197G  AUF2  IFX   2.00000E+00   5.90087E+22  ATN = (19.3 × N_a × 1      ) / (196.966569)

 6.7074E-01 8.4613E-01 9.2024E-01 9.4118E-01 9.5362E-01 9.6181E-01 9.6519E-01 9.6986E-01 9.7348E-01 9.7626E-01
 9.7807E-01 9.7881E-01 9.7724E-01 9.6973E-01 8.9671E-01 2.0314E-01 9.7178E-01 9.9549E-01 9.9871E-01 9.9960E-01
 9.9991E-01 6.1146E-01 8.6475E-01 9.1530E-01 8.9380E-01 8.9817E-01 8.8793E-01 8.8387E-01 9.2657E-01 9.3283E-01
 9.4037E-01 9.5278E-01 9.6359E-01 9.7656E-01 9.8160E-01 9.8521E-01 9.8986E-01 9.9199E-01 9.9653E-01 9.9777E-01
 9.9817E-01 9.9839E-01 9.9873E-01 9.9888E-01 9.9907E-01 9.9914E-01 9.9924E-01 9.9933E-01 9.9940E-01 9.9955E-01
 1.0000E+00 1.0000E+00 1.0000E+00 1.0000E+00 1.0000E+00 1.0000E+00 1.0000E+00 1.0000E+00 1.0000E+00 1.0000E+00
 1.0000E+00 1.0000E+00 1.0000E+00 1.0000E+00 1.0000E+00 1.0000E+00 1.0000E+00 1.0000E+00 1.0000E+00 1.0000E+00
 1.0000E+00 1.0000E+00 1.0000E+00 1.0000E+00 1.0000E+00 1.0000E+00 1.0000E+00 1.0000E+00 1.0000E+00 1.0000E+00
 1.0000E+00 1.0000E+00 1.0000E+00 1.0000E+00 1.0000E+00 1.0000E+00 1.0000E+00 1.0000E+00 1.0000E+00 1.0000E+00
 1.0000E+00 1.0000E+00 1.0000E+00 1.0000E+00 1.0000E+00 1.0000E+00 1.0000E+00 1.0000E+00 1.0000E+00 1.0000E+00
 1.0000E+00 1.0000E+00 1.0000E+00 1.0000E+00 1.0000E+00 1.0000E+00 1.0000E+00 1.0000E+00 1.0000E+00 1.0000E+00
 1.0000E+00 1.0000E+00 1.0000E+00 1.0000E+00 1.0000E+00 1.0000E+00 1.0000E+00 1.0000E+00 1.0000E+00 1.0000E+00
 1.0000E+00 1.0000E+00 1.0000E+00 1.0000E+00 1.0000E+00 1.0000E+00 1.0000E+00 1.0000E+00 1.0000E+00 1.0000E+00
 1.0000E+00 1.0000E+00 1.0000E+00 1.0000E+00 1.0000E+00 1.0000E+00 1.0000E+00 1.0000E+00 1.0000E+00 1.0000E+00

  SELF SHIELDING

AU197G  AUAL  IWX   2.00000E+01   7.96617E+19  ATN = (19.3 × N_a × 0.00135) / (196.966569)

 9.8869E-01 9.9586E-01 9.9812E-01 9.9867E-01 9.9899E-01 9.9918E-01 9.9926E-01 9.9937E-01 9.9945E-01 9.9952E-01
 9.9968E-01 1.0000E+00 9.9958E-01 9.9937E-01 9.9739E-01 9.0809E-01 9.9950E-01 1.0000E+00 1.0000E+00 1.0000E+00
 1.0000E+00 9.8383E-01 9.9636E-01 9.9795E-01 9.9728E-01 9.9744E-01 9.9710E-01 9.9694E-01 9.9826E-01 9.9841E-01
 9.9864E-01 9.9897E-01 9.9927E-01 9.9962E-01 9.9978E-01 9.9991E-01 1.0000E+00 1.0000E+00 1.0000E+00 1.0000E+00
 1.0000E+00 1.0000E+00 1.0000E+00 1.0000E+00 1.0000E+00 1.0000E+00 1.0000E+00 1.0000E+00 1.0000E+00 1.0000E+00
 1.0000E+00 1.0000E+00 1.0000E+00 1.0000E+00 1.0000E+00 1.0000E+00 1.0000E+00 1.0000E+00 1.0000E+00 1.0000E+00
 1.0000E+00 1.0000E+00 1.0000E+00 1.0000E+00 1.0000E+00 1.0000E+00 1.0000E+00 1.0000E+00 1.0000E+00 1.0000E+00
 1.0000E+00 1.0000E+00 1.0000E+00 1.0000E+00 1.0000E+00 1.0000E+00 1.0000E+00 1.0000E+00 1.0000E+00 1.0000E+00
 1.0000E+00 1.0000E+00 1.0000E+00 1.0000E+00 1.0000E+00 1.0000E+00 1.0000E+00 1.0000E+00 1.0000E+00 1.0000E+00
 1.0000E+00 1.0000E+00 1.0000E+00 1.0000E+00 1.0000E+00 1.0000E+00 1.0000E+00 1.0000E+00 1.0000E+00 1.0000E+00
 1.0000E+00 1.0000E+00 1.0000E+00 1.0000E+00 1.0000E+00 1.0000E+00 1.0000E+00 1.0000E+00 1.0000E+00 1.0000E+00
 1.0000E+00 1.0000E+00 1.0000E+00 1.0000E+00 1.0000E+00 1.0000E+00 1.0000E+00 1.0000E+00 1.0000E+00 1.0000E+00
 1.0000E+00 1.0000E+00 1.0000E+00 1.0000E+00 1.0000E+00 1.0000E+00 1.0000E+00 1.0000E+00 1.0000E+00 1.0000E+00
 1.0000E+00 1.0000E+00 1.0000E+00 1.0000E+00 1.0000E+00 1.0000E+00 1.0000E+00 1.0000E+00 1.0000E+00 1.0000E+00

  SELF SHIELDING

AU197G  AUNG  IWX   4.00000E+01   5.90087E+22  ATN = (19.3 × N_a × 1      ) / (196.966569)

 1.1432E-01 3.0463E-01 5.0370E-01 5.9328E-01 6.5583E-01 7.0205E-01 7.2253E-01 7.5194E-01 7.7594E-01 7.9514E-01
 8.0799E-01 8.1332E-01 8.0209E-01 7.5164E-01 4.4882E-01 2.6871E-02 7.7109E-01 9.5217E-01 9.8498E-01 9.9321E-01
 9.9445E-01 1.6673E-01 3.8907E-01 5.2146E-01 4.5764E-01 4.6350E-01 4.4846E-01 4.3906E-01 5.6030E-01 5.9607E-01
 6.1327E-01 6.7196E-01 7.2712E-01 8.0472E-01 8.3933E-01 8.6596E-01 9.0282E-01 9.2107E-01 9.6276E-01 9.7488E-01
 9.7913E-01 9.8147E-01 9.8522E-01 9.8686E-01 9.8896E-01 9.8982E-01 9.9091E-01 9.9189E-01 9.9272E-01 9.9348E-01
 9.9410E-01 9.9445E-01 9.9476E-01 9.9499E-01 9.9519E-01 9.9538E-01 9.9571E-01 9.9609E-01 9.9641E-01 9.9664E-01
 9.9689E-01 9.9713E-01 9.9736E-01 9.9756E-01 9.9781E-01 9.9792E-01 9.9798E-01 9.9808E-01 9.9813E-01 9.9817E-01
 9.9829E-01 9.9838E-01 9.9845E-01 9.9858E-01 9.9872E-01 9.9894E-01 9.9914E-01 9.9934E-01 9.9943E-01 9.9985E-01
 1.0000E+00 1.0000E+00 1.0000E+00 1.0000E+00 1.0000E+00 1.0000E+00 1.0000E+00 1.0000E+00 1.0000E+00 1.0000E+00
 1.0000E+00 1.0000E+00 1.0000E+00 1.0000E+00 1.0000E+00 1.0000E+00 1.0000E+00 1.0000E+00 1.0000E+00 1.0000E+00
 1.0000E+00 1.0000E+00 1.0000E+00 1.0000E+00 1.0000E+00 1.0000E+00 1.0000E+00 1.0000E+00 1.0000E+00 1.0000E+00
 1.0000E+00 1.0000E+00 1.0000E+00 1.0000E+00 1.0000E+00 1.0000E+00 1.0000E+00 1.0000E+00 1.0000E+00 1.0000E+00
 1.0000E+00 1.0000E+00 1.0000E+00 1.0000E+00 1.0000E+00 1.0000E+00 1.0000E+00 1.0000E+00 1.0000E+00 1.0000E+00
 1.0000E+00 1.0000E+00 1.0000E+00 1.0000E+00 1.0000E+00 1.0000E+00 1.0000E+00 1.0000E+00 1.0000E+00 1.0000E+00

  SELF SHIELDING

U235F   U5I4  IFX   4.40000E+00   4.83231E+22  ATN = (19.1 × N_a × 1      ) / (238.02891)

 1.5600E-01 3.8787E-01 5.9984E-01 6.8918E-01 7.5450E-01 8.0459E-01 8.2509E-01 8.4131E-01 8.4298E-01 8.9811E-01
 9.2780E-01 9.1591E-01 9.7385E-01 9.7785E-01 9.4820E-01 9.6469E-01 7.9185E-01 9.0538E-01 8.5760E-01 9.2358E-01
 8.7843E-01 9.1492E-01 9.4342E-01 9.5419E-01 9.5815E-01 9.5756E-01 9.5202E-01 9.7057E-01 9.7395E-01 9.7063E-01
 9.7610E-01 9.8103E-01 9.8288E-01 9.8523E-01 9.8684E-01 9.8958E-01 9.9064E-01 9.9145E-01 9.9229E-01 9.9325E-01
 9.9385E-01 9.9393E-01 9.9475E-01 9.9504E-01 9.9544E-01 9.9566E-01 9.9587E-01 9.9609E-01 9.9623E-01 9.9645E-01
 9.9662E-01 9.9676E-01 9.9688E-01 9.9698E-01 9.9706E-01 9.9715E-01 9.9724E-01 9.9726E-01 9.9727E-01 9.9730E-01
 9.9735E-01 9.9743E-01 9.9746E-01 9.9748E-01 9.9749E-01 9.9749E-01 9.9749E-01 9.9749E-01 9.9743E-01 9.9733E-01
 9.9733E-01 9.9729E-01 9.9723E-01 9.9719E-01 9.9716E-01 9.9717E-01 9.9720E-01 9.9725E-01 9.9732E-01 9.9739E-01
 9.9745E-01 9.9748E-01 9.9755E-01 9.9762E-01 9.9760E-01 9.9717E-01 9.9661E-01 9.9627E-01 9.9620E-01 9.9624E-01
 9.9628E-01 9.9634E-01 9.9615E-01 9.9580E-01 9.9563E-01 9.9555E-01 9.9560E-01 9.9568E-01 9.9574E-01 9.9577E-01
 9.9570E-01 9.9562E-01 9.9557E-01 9.9562E-01 9.9561E-01 9.9558E-01 9.9560E-01 9.9559E-01 9.9561E-01 9.9557E-01
 9.9555E-01 9.9557E-01 9.9559E-01 9.9561E-01 9.9567E-01 9.9574E-01 9.9579E-01 9.9584E-01 9.9585E-01 9.9583E-01
 9.9584E-01 9.9586E-01 9.9587E-01 9.9587E-01 9.9589E-01 9.9590E-01 9.9592E-01 9.9595E-01 9.9598E-01 9.9599E-01
 9.9600E-01 9.9600E-01 9.9602E-01 9.9605E-01 9.9605E-01 9.9603E-01 9.9604E-01 9.9605E-01 9.9608E-01 9.9611E-01

  SELF SHIELDING

U235F   U235  IFX   1.00000E+01   4.83231E+22  ATN = (19.1 × N_a × 1      ) / (238.02891)

 7.0656E-02 2.1372E-01 4.0642E-01 5.1213E-01 5.9808E-01 6.6948E-01 7.0017E-01 7.2493E-01 7.2767E-01 8.1621E-01
 8.6648E-01 8.4635E-01 9.4928E-01 9.5684E-01 9.0307E-01 9.3297E-01 6.6306E-01 8.3390E-01 7.6263E-01 8.6075E-01
 7.8989E-01 8.4687E-01 8.9507E-01 9.1390E-01 9.2098E-01 9.2010E-01 9.0989E-01 9.4351E-01 9.4967E-01 9.4355E-01
 9.5368E-01 9.6295E-01 9.6643E-01 9.7090E-01 9.7396E-01 9.7923E-01 9.8129E-01 9.8287E-01 9.8451E-01 9.8641E-01
 9.8759E-01 9.8774E-01 9.8938E-01 9.8994E-01 9.9075E-01 9.9118E-01 9.9161E-01 9.9204E-01 9.9232E-01 9.9277E-01
 9.9310E-01 9.9338E-01 9.9363E-01 9.9384E-01 9.9399E-01 9.9417E-01 9.9435E-01 9.9440E-01 9.9442E-01 9.9448E-01
 9.9458E-01 9.9474E-01 9.9480E-01 9.9484E-01 9.9486E-01 9.9485E-01 9.9485E-01 9.9486E-01 9.9473E-01 9.9453E-01
 9.9453E-01 9.9444E-01 9.9434E-01 9.9426E-01 9.9420E-01 9.9421E-01 9.9427E-01 9.9437E-01 9.9451E-01 9.9465E-01
 9.9477E-01 9.9484E-01 9.9497E-01 9.9511E-01 9.9508E-01 9.9421E-01 9.9309E-01 9.9240E-01 9.9227E-01 9.9234E-01
 9.9243E-01 9.9254E-01 9.9216E-01 9.9147E-01 9.9112E-01 9.9097E-01 9.9106E-01 9.9122E-01 9.9134E-01 9.9140E-01
 9.9126E-01 9.9111E-01 9.9101E-01 9.9110E-01 9.9108E-01 9.9103E-01 9.9108E-01 9.9104E-01 9.9108E-01 9.9100E-01
 9.9097E-01 9.9100E-01 9.9104E-01 9.9109E-01 9.9120E-01 9.9134E-01 9.9145E-01 9.9155E-01 9.9156E-01 9.9152E-01
 9.9154E-01 9.9158E-01 9.9160E-01 9.9161E-01 9.9164E-01 9.9166E-01 9.9171E-01 9.9177E-01 9.9182E-01 9.9185E-01
 9.9186E-01 9.9185E-01 9.9190E-01 9.9197E-01 9.9196E-01 9.9193E-01 9.9194E-01 9.9197E-01 9.9202E-01 9.9208E-01

  SELF SHIELDING

U238G   U238  IFX   4.50000E+00   4.83231E+22  ATN = (19.1 × N_a × 1      ) / (238.02891)

 9.6134E-01 9.8525E-01 9.9315E-01 9.9515E-01 9.9629E-01 9.9702E-01 9.9733E-01 9.9775E-01 9.9808E-01 9.9835E-01
 9.9856E-01 9.9873E-01 9.9883E-01 9.9881E-01 9.9844E-01 9.8449E-01 2.9460E-01 9.9728E-01 2.6934E-01 6.2551E-01
 3.5365E-01 5.5081E-01 8.9412E-01 6.5402E-01 9.3720E-01 7.9000E-01 8.5926E-01 8.9327E-01 9.4541E-01 9.4073E-01
 9.4489E-01 9.6234E-01 9.7207E-01 9.8158E-01 9.8208E-01 9.8859E-01 9.9292E-01 9.9429E-01 9.9599E-01 9.9613E-01
 9.9733E-01 9.9737E-01 9.9843E-01 9.9869E-01 9.9879E-01 9.9888E-01 9.9897E-01 9.9910E-01 9.9929E-01 9.9942E-01
 9.9991E-01 1.0000E+00 1.0000E+00 1.0000E+00 1.0000E+00 1.0000E+00 1.0000E+00 1.0000E+00 1.0000E+00 1.0000E+00
 1.0000E+00 1.0000E+00 1.0000E+00 1.0000E+00 1.0000E+00 1.0000E+00 1.0000E+00 1.0000E+00 1.0000E+00 1.0000E+00
 1.0000E+00 1.0000E+00 1.0000E+00 1.0000E+00 1.0000E+00 1.0000E+00 1.0000E+00 1.0000E+00 1.0000E+00 1.0000E+00
 1.0000E+00 1.0000E+00 1.0000E+00 1.0000E+00 1.0000E+00 1.0000E+00 1.0000E+00 1.0000E+00 1.0000E+00 1.0000E+00
 1.0000E+00 1.0000E+00 1.0000E+00 1.0000E+00 1.0000E+00 1.0000E+00 1.0000E+00 1.0000E+00 1.0000E+00 1.0000E+00
 1.0000E+00 1.0000E+00 1.0000E+00 1.0000E+00 1.0000E+00 1.0000E+00 1.0000E+00 1.0000E+00 1.0000E+00 1.0000E+00
 1.0000E+00 1.0000E+00 1.0000E+00 1.0000E+00 1.0000E+00 1.0000E+00 1.0000E+00 1.0000E+00 1.0000E+00 1.0000E+00
 1.0000E+00 1.0000E+00 1.0000E+00 1.0000E+00 1.0000E+00 1.0000E+00 1.0000E+00 1.0000E+00 1.0000E+00 1.0000E+00
 1.0000E+00 1.0000E+00 1.0000E+00 1.0000E+00 1.0000E+00 1.0000E+00 1.0000E+00 1.0000E+00 1.0000E+00 1.0000E+00
