$SPEC_ID:
Cs137
$SPEC_REM:
DET# 2
DETDESC# DETECTOR 2
AP# GammaVision Version 7.01.03
$DATE_MEA:
02/08/2017 18:51:12
$MEAS_TIM:
120 121
$DATA:
0 8191
       0
       0
       0
       0
       0
       0
       0
       0
       0
       0
       0
       0
       0
       0
       0
       0
       0
       0
       0
       0
       0
       0
       0
       0
       0
       0
       0
       0
       0
       0
       0
       0
       0
       0
       0
       0
       0
       0
       0
       0
       0
       0
       0
       0
       0
       0
       0
       0
       0
       0
       0
       0
       0
       0
       0
       0
       0
       0
       0
       0
       0
       0
       0
       0
       0
       0
       0
       0
       0
       0
       0
       0
       0
       0
       0
       0
       0
       0
       0
       0
       0
       0
       0
       0
       0
       0
       0
       0
       0
       0
       0
       0
       0
       0
       0
       0
      17
     309
     510
     488
     721
    2058
    4913
    7872
    8008
    4075
    1137
     378
     244
     275
     237
     293
     193
     151
     130
     191
     672
    1711
    2111
    1132
     618
     614
     360
     124
      56
      57
      62
      66
      54
      47
      61
      48
      36
      42
      38
      24
      32
      41
      38
      42
      49
      40
      40
      47
      42
      38
      47
      50
      36
      54
      46
      44
      48
      43
      52
      56
      52
      62
      48
      50
      58
      64
      63
      41
      62
      57
      60
      54
      56
      51
      65
      59
      76
      56
      67
      46
      77
      78
      65
      57
      75
      81
      72
      74
      65
      76
      79
     135
     214
     318
     234
     137
     115
     198
     384
     443
     295
      89
      67
      72
      67
      55
      60
      60
      65
      58
      77
      79
      88
      86
      52
      73
      61
      60
      75
      84
      87
      89
     144
     181
     259
     229
     184
     105
     109
     117
     113
     150
     116
      97
      93
      85
     102
      94
      84
      86
      95
      91
      91
      86
     106
      94
     100
      93
     121
     111
      85
      89
      99
      89
     107
     100
      94
     100
      89
      99
      80
     106
      98
      83
      77
      76
      70
      70
      78
      75
      55
      59
      86
      71
      77
      78
      60
      64
      64
      68
      61
      62
      55
      59
      58
      62
      49
      49
      62
      59
      51
      55
      50
      53
      59
      52
      64
      64
      58
      71
      61
      52
      54
      50
      43
      50
      44
      47
      55
      51
      61
      49
      53
      35
      64
      51
      48
      76
     252
    1190
    3274
    4375
    2647
     840
     217
     116
      65
      53
      58
      44
      55
      44
      44
      40
      51
      37
      45
      38
      40
      43
      40
      38
      51
      47
      43
      38
      51
      45
      38
      39
      49
      42
      41
      44
      39
      40
      37
      36
      41
      47
      51
      38
      42
      45
      44
      53
      38
      45
      48
      52
      42
      27
      33
      45
      49
      47
      34
      45
      45
      39
      51
      37
      48
      44
      42
      54
      50
      46
      44
      42
      49
      57
      48
      49
      63
      45
      58
      42
      68
      55
      57
      53
      56
      53
      51
      54
      59
      57
      50
      50
      65
      35
      50
      51
      60
      66
      59
      41
      48
      52
      45
      60
      63
      81
      80
      75
      77
      66
      48
      44
      44
      53
      60
      45
      42
      57
      38
      49
      53
      69
      57
      46
      52
      56
      47
      32
      54
      51
      44
      47
      47
      39
      44
      53
      42
      43
      46
      41
      38
      48
      42
      54
      48
      56
      35
      43
      53
      49
      39
      47
      46
      56
      45
      39
      55
      47
      41
      52
      58
      49
      58
      58
      34
      49
      40
      44
      36
      43
      48
      49
      48
      38
      61
      38
      43
      57
      36
      49
      51
      45
      55
      48
      53
      39
      52
      53
      40
      48
      64
      47
      43
      53
      52
      43
      51
      49
      41
      34
      50
      40
      44
      49
      48
      35
      29
      35
      38
      36
      37
      46
      47
      44
      54
      37
      32
      44
      56
      34
      33
      40
      59
      48
      35
      31
      40
      36
      35
      44
      28
      36
      28
      38
      45
      55
      37
      37
      44
      37
      27
      32
      35
      37
      25
      47
      37
      40
      36
      28
      36
      35
      44
      35
      25
      29
      25
      34
      34
      30
      35
      36
      32
      40
      22
      37
      34
      28
      52
      40
      39
      33
      24
      33
      29
      34
      34
      40
      27
      39
      37
      19
      30
      36
      25
      32
      18
      32
      32
      26
      30
      26
      34
      30
      28
      27
      25
      21
      29
      30
      30
      37
      23
      26
      34
      31
      25
      28
      36
      26
      27
      30
      21
      34
      17
      29
      21
      26
      16
      29
      66
     232
     453
     697
     611
     298
      81
      23
      31
      25
      26
      27
      31
      23
      27
      23
      15
      27
      22
      22
      22
      26
      25
      18
      19
      21
      21
      23
      21
      18
      17
      25
      13
      19
      22
      27
      24
      27
      24
      27
      25
      22
      20
      13
      28
      26
      17
      22
      23
      19
      26
      20
      15
      30
      17
      18
      16
      21
      26
      21
      20
      29
      22
      32
      20
      13
      19
      23
      23
      23
      19
      26
      16
      19
      17
      13
      16
      18
      18
      24
      22
      24
      23
      17
      21
      20
      13
      20
      19
      14
      24
      18
      26
      13
      27
      15
      28
      17
      22
      21
      26
      18
      16
      18
      20
      28
      16
      36
      24
      22
      29
      18
      19
      23
      24
      24
      21
      18
      22
      18
      16
      25
      27
      12
      18
      20
      28
      19
      20
      20
      22
      22
      19
      28
      24
      41
      36
      56
      39
      20
      12
      20
      23
      18
      16
      17
      14
      19
      17
      15
      16
      15
      22
      11
      19
      15
      15
      17
      26
      13
      14
      17
      21
      20
      18
      17
      19
       9
      12
       9
      18
      21
       9
      11
      15
      17
      18
      18
      20
      20
      15
      12
      16
      22
      17
      14
      19
      16
      15
      18
      17
      11
      16
      17
       8
      11
      15
      11
      18
      17
      17
      15
      19
      18
      16
      17
      12
      25
       9
      14
      12
      20
      21
      24
      15
      15
      14
      15
      19
      17
      15
      16
      20
      19
      27
      29
      10
       9
      21
      17
      16
      16
      11
      11
      19
       7
      14
      22
      16
      14
      12
      17
      18
      11
      17
       9
      14
      11
      21
      11
      22
      20
      19
      20
      14
      15
      19
      22
      32
     139
     379
     967
    1581
    1613
     949
     368
     104
      39
      21
      13
      16
       7
      13
      17
      11
      15
      22
      11
      12
      16
      19
      17
       6
       8
      14
      17
      14
      18
      10
      18
       9
      12
      16
      13
      16
      14
      14
      14
      13
      10
       9
      18
      15
      12
      12
      11
      14
      14
      14
      15
      14
      13
       9
      12
       9
       9
      17
      15
      15
      14
      22
      26
      46
      53
      68
      44
      37
      12
       9
      11
      11
      12
      13
      11
       9
      13
      12
      16
      13
       8
       9
      11
       5
      11
       7
      12
      10
      13
      11
      11
      15
      11
       9
      15
       9
      10
      12
      16
      12
      15
      10
      11
      14
      13
       7
      21
      15
      11
       9
      14
      12
      12
      12
      18
       7
      12
      19
      11
       9
      16
      13
      12
       3
      11
      11
       8
       9
      15
      13
       7
       9
      12
      13
      13
      13
       9
      10
      15
      16
      14
      10
       8
       9
       6
      14
      13
      16
      12
      18
      11
       8
       9
      12
      12
      12
      12
      14
      13
      15
       9
       9
       8
      13
       8
      14
       7
       6
      11
      19
      14
      13
       9
      13
      14
      49
      77
     115
     114
      57
      52
      14
      12
      11
      11
      11
       9
       5
      12
      26
      17
      14
      18
      12
      13
       9
      11
      10
      16
      12
      17
      16
       9
      11
       8
       8
       9
      12
       8
      16
      11
       7
       2
       8
       9
       9
      14
       4
      16
       8
       8
       9
       8
      16
      16
      10
      10
      12
       8
      12
      12
      13
      10
      16
       1
       7
       7
      10
      14
      10
       7
      15
       8
      11
      11
       5
      12
       9
       9
      12
       7
       7
      11
       5
      11
      16
       9
      16
      16
      11
      36
      50
     137
     150
     139
      74
      41
      20
       8
      17
       9
      19
       6
       7
      14
       8
       5
      12
      11
      10
       7
       8
      10
      11
      10
      14
       7
      12
      10
      12
      11
       9
       7
      10
      11
      14
      12
      10
       5
       6
      16
      11
      10
      12
       9
      16
      19
       8
       6
      14
       9
      11
      10
      11
      12
      13
      12
      15
       5
      10
      16
      12
       9
       9
      15
      10
      15
       7
      10
      16
      13
       9
      12
      12
       4
      10
      12
      11
      10
      19
      13
       7
      10
       6
       8
       7
      12
      12
       6
      14
      14
      12
       7
       9
       9
      13
       8
      14
      11
      14
      11
      10
      10
      14
      13
      12
      13
      13
      16
      18
      10
      17
      13
      11
      14
      13
      11
      16
      22
      28
      15
      18
      11
      11
      10
      10
       9
       5
      14
      11
      13
      18
      10
      13
      11
       8
       8
      11
       8
      14
       5
       6
       3
       7
      16
       9
      13
       9
       9
       8
      17
       3
      11
      10
      10
      10
      10
      18
      17
      15
      12
      20
       9
       6
       9
       7
      13
      12
       6
       8
      10
       7
      15
       8
      15
       8
      13
      11
       8
      21
      12
      12
       9
      11
      13
       5
       9
       6
      16
      10
       7
      12
      13
      10
       7
      11
      17
       9
      16
       6
      11
      19
       6
      17
       9
       8
      10
      13
      10
       8
      10
      17
      13
       9
       5
      13
      14
      14
       6
      10
      10
      13
      13
      15
      10
      12
      14
       9
       7
      10
       4
      17
       8
      15
       9
      12
       7
      22
      11
      13
      18
      16
       7
      18
       7
       8
      17
      14
      11
       8
      10
      14
      11
      11
       9
      16
      14
      11
       9
      11
      10
      16
      13
      13
      16
       6
       9
       8
      15
      15
      15
      17
       8
       8
      16
      10
      18
      13
      15
      13
       7
      15
      11
      16
      10
      10
      16
      14
      10
      12
       8
       5
      17
      14
      21
      10
      14
      14
       6
      11
      20
      15
      14
       9
       9
      13
       9
      17
      10
      18
      14
      10
      18
      27
      18
      24
      37
      28
      15
      23
      13
      15
      16
      19
      12
      10
      14
       9
      19
      10
      12
      20
       9
      12
      10
      11
      13
      10
      18
      13
      18
      14
      17
      11
      10
       9
      10
       8
      11
       5
      11
      15
      12
      11
      11
       9
      14
       8
       8
      10
       9
      14
      11
      19
      17
      13
       9
      16
       9
       9
      15
      26
      30
      15
      27
      12
      16
      14
      12
      14
      11
      11
      17
      12
      10
      10
      15
      12
       9
       5
       8
       8
       9
      12
      14
      17
      11
       9
      10
      14
      17
       9
      13
      12
      10
       9
      10
       7
      10
      11
       7
       9
       9
      12
      15
      10
      13
      11
      11
      14
      14
      13
      14
      13
      13
       7
      10
      13
      15
      14
       3
      14
       9
       9
      11
      14
      14
       5
       7
      11
      16
      15
       7
       9
      11
       6
      10
       7
      10
       7
      10
      10
      15
      17
      10
      11
      10
       9
       7
      12
       6
      14
      14
      11
      10
       5
      14
       9
       4
      12
      11
       5
       7
      12
      10
       5
       9
      11
      12
       8
      13
      15
      11
      14
       9
       8
       9
       3
      16
      11
      11
      15
      10
      10
      12
      14
       6
       7
      13
      10
      10
      14
      10
       9
      17
       7
      15
      10
       8
      13
      10
      10
      14
      10
      14
      15
      13
      13
      10
      10
       9
       7
      14
      13
       8
       7
       9
       9
      12
       9
      12
      12
       7
       5
      10
       9
      11
      10
      10
      13
      11
      17
      10
       9
      12
       7
      13
      13
       9
      11
       8
       6
       7
      12
       9
      12
      13
      13
       8
      11
      12
      12
      12
       8
       5
      10
      14
      15
      11
      12
       7
       7
      15
       9
       8
       7
       8
      14
       9
      10
      13
      16
      11
       6
      13
      11
       8
      10
       7
      14
      11
       7
       7
      11
       8
       7
      10
      11
      12
       8
      11
      12
      12
      14
      17
      17
      12
       9
      10
      12
      13
       9
      10
      19
      25
      22
      16
      12
       5
      11
      11
      11
       7
      12
      12
       9
      13
       9
      12
       7
      13
      10
       6
      12
       9
      11
      11
      21
      25
      27
      31
      32
      17
      21
      10
      13
       7
       4
      15
       8
      12
      11
      10
       7
       9
       7
      11
      10
       9
       7
       8
      12
       3
       9
      13
       7
      11
       7
      17
      11
      10
       6
       8
      11
      11
       9
       9
       9
       8
       8
       8
       8
      18
       5
       5
       9
       6
       9
       8
      10
      11
       6
       9
      11
       7
      11
      12
      13
       7
       4
      11
       9
      14
      18
       8
      11
       8
       9
      11
       9
      13
       8
       4
       9
       6
       9
      11
      18
      20
       8
      15
      11
      12
      16
      11
      10
      12
      13
      13
      11
      12
      13
      10
      10
       9
      11
       5
      14
      13
       6
      12
      13
       9
       9
       9
       8
       8
      13
       6
      14
      18
      10
       4
       9
       8
       6
       4
      15
      15
       8
      19
       9
      12
      11
      12
      14
       7
      12
      15
      11
       9
       9
      17
      11
       8
      12
       8
       9
      11
      10
      11
      11
      12
      13
      10
       9
      10
       9
       8
      13
       6
      16
       9
       8
       8
      13
      12
      18
      16
       6
       5
      13
       7
       9
      13
      11
      12
       8
      10
      12
       9
      14
       9
      16
      11
       6
       6
      10
      11
       9
      10
       7
      10
      13
      12
      10
       6
       8
       8
      13
       6
       9
       4
      10
       7
      17
       8
       9
      19
      18
      12
       9
       9
       7
       9
       1
       7
      15
      11
      10
      14
       9
      10
       8
      11
       6
       9
       6
       6
       5
       8
      13
       6
       9
      13
      12
      11
      10
       7
      27
      22
      62
     107
     154
     263
     324
     295
     199
     111
      58
      17
      11
      13
       3
       8
       3
      12
      13
       4
       7
       7
       7
      12
      13
       8
       8
      11
       5
      19
       9
      10
       9
       8
      11
       8
       7
       7
       8
       8
      11
      11
       8
       9
       9
      11
       8
       5
      12
       4
      13
       4
      12
       6
      10
       5
       9
       6
      12
      10
      12
       8
       7
       9
       8
       9
       8
       6
      10
      10
       5
      11
      10
       6
      10
       8
      11
      10
       9
      12
       7
      10
       7
      10
       7
      11
      13
      10
      12
      17
      14
      12
      17
       7
       4
      10
      10
       8
       7
      10
      10
       8
      14
       4
      13
      10
      11
      11
       8
       7
       7
       4
       6
       8
       5
      10
       7
       6
      13
       8
       4
       5
       6
      11
       8
      11
       7
       9
      15
      12
      10
       7
       6
       7
       9
       8
       8
       7
       9
       6
       6
       8
      12
       8
      14
       4
       5
       8
       7
       7
       7
      11
      14
       2
       5
      13
      11
      10
      16
       5
       5
       7
      12
       4
      11
       6
       7
       9
      10
      10
      11
      16
      10
      10
      13
      13
       9
      14
       7
       8
       8
       5
       7
       5
      11
       8
       9
       5
      12
       7
       7
      13
      10
       7
       6
      11
      11
       9
      11
       7
      15
      10
       9
       6
      11
       9
       7
       5
      11
      10
      13
      11
       8
       8
       8
       7
       9
      12
      10
      13
      11
       5
      12
       5
      17
      13
       6
       8
      10
       5
      14
      18
      15
      31
      56
      70
      81
     101
      85
      45
      35
      15
      11
       6
      15
       8
       9
      12
       6
       9
       7
      13
      15
       6
       9
      12
       3
      10
      10
       6
       7
       5
       9
       9
       8
       4
       5
      10
       3
       6
       9
       8
       6
       8
       9
       3
       8
      12
       8
      10
       5
       9
       6
      20
      16
       5
      15
       6
       8
       7
       9
       8
      13
       5
       9
      11
       8
       5
       4
       7
       8
       6
       7
      12
       6
       5
       3
       6
       6
       9
       8
      11
       6
       6
       5
       6
       9
       2
       9
       8
       8
       4
       6
      10
       5
       8
       4
       6
       5
      10
       9
       4
       9
       4
      11
      10
       4
       9
       5
       8
       4
      10
       4
       4
      11
       6
       6
       5
       4
       5
      10
       5
       5
      11
       3
       8
       4
       7
       4
       2
       7
       8
       8
       9
       7
       3
       2
       5
       6
       4
      12
       8
      25
       9
      12
       8
      10
       4
       6
      11
       6
       3
       6
       6
       6
       5
       5
      11
       4
      11
       8
       8
       7
       2
       5
       7
       5
       7
       5
       3
       9
      10
      12
       7
       2
       8
       3
       6
       7
       6
       2
      10
       8
       7
       2
       6
       7
       8
       2
       9
       5
       7
       9
       7
       7
       5
      11
       7
       5
       8
       7
       7
       4
       2
       4
       5
       3
       5
       6
       6
       2
       5
       5
       7
       1
       7
       7
       2
       2
       5
       6
       8
       5
       2
       1
      14
       7
       4
       4
       8
       7
       5
       3
       7
      10
       7
       4
       4
       5
       4
       2
       7
       5
       7
       9
       2
       3
       4
       1
      11
      15
      12
      11
      25
      71
      91
     136
     205
     233
     228
     200
     106
      58
      25
      14
       7
       2
       8
       3
       6
       7
      11
       5
       4
       3
       3
       5
       5
       2
       6
       2
       5
       3
       4
       3
       4
      10
       4
       6
       4
       2
       7
       3
       6
       6
       7
       3
       2
       3
       1
       6
       3
       6
       6
       3
       5
       2
       2
       1
       3
       7
       6
       2
       2
       4
       2
       5
       4
       6
       5
       3
       1
       4
       2
       3
       7
       6
       9
       5
       4
       2
       4
       2
       4
       7
       2
       3
       1
       4
       1
       5
       6
      10
       9
       4
       6
       2
       1
       4
       5
       2
       2
       6
      10
       5
       1
       6
       5
       6
       3
       7
      14
      10
      13
      17
      11
      12
      11
       8
       6
       3
       2
       5
       7
       8
       8
       2
       3
       6
       5
       0
       3
       4
       3
       3
       6
       6
       3
       2
       4
       2
       3
       2
       3
       5
       1
       3
       6
       0
       2
       4
       5
       1
       7
       5
       9
       2
       2
       4
       0
       1
       2
       3
       3
       2
       3
       3
       3
       1
       5
       0
       3
       4
       1
       3
       5
       2
       2
       3
       2
       5
       2
       2
       3
       3
       4
       3
       3
       3
       3
       2
       3
       2
       2
       1
       6
       2
       3
       3
       1
       7
       4
       2
       4
       3
       6
       4
       4
       5
       2
       7
       6
       8
       4
       2
       2
       3
       3
       4
       4
       4
       3
       3
       5
       1
       5
       2
       4
       1
       3
       1
       4
       2
       7
       4
       5
       4
       2
       4
       3
       1
       6
       4
       2
       3
       2
       4
       5
       3
       6
       1
      10
       2
       5
       5
       4
       2
       2
       5
       5
       5
       3
       3
       5
       5
       4
       5
       3
       2
       1
       1
       4
       7
       8
       4
       2
       4
       0
       2
       3
       4
       3
       3
       5
       5
       7
       3
       4
       5
       3
       3
       5
       1
       6
       4
       5
       4
       3
       2
       6
       3
       6
       1
       0
       7
       3
       4
       3
       5
       2
       4
       6
      12
       4
       3
       6
       6
       9
      10
      13
      25
      41
      63
      96
     127
     134
     139
     139
      86
      42
      21
      17
      20
      24
      31
      35
      32
      29
      12
      17
       6
       5
       2
       6
       4
       3
       1
       2
       4
       7
       7
       1
       1
       4
       4
       5
       5
       5
       8
       7
       4
       4
       5
       2
       4
       5
       5
       6
       6
       1
       4
       5
       5
       4
       6
       7
       1
       9
       2
       5
       2
       7
       4
       9
       3
      12
      17
      11
      37
      45
      67
     119
     135
     163
     191
     195
     128
      73
      42
      16
       9
       7
       7
       2
       1
       6
       3
       3
       2
       6
       6
       4
       2
       3
       4
       3
       2
       4
       6
       8
       5
       4
       7
       9
      10
       8
       3
       3
       5
       3
       4
       4
       5
       1
       3
       2
       4
       6
       2
       4
       5
       3
       5
       3
       1
       4
       2
       4
       1
       5
       5
       6
       4
       4
       2
       6
       4
      10
       2
       7
       5
       3
       3
       6
       5
       6
       3
       4
       0
       3
       2
       7
       8
       2
       4
       4
       2
       4
       5
       7
       7
       3
       3
       7
       4
       9
       6
       4
       2
       3
       4
       3
       0
       4
       2
       6
      10
       7
       8
       7
       4
       5
       4
       3
       3
       3
       3
       1
       3
       2
       7
      11
       3
       4
       4
       8
       6
       5
       5
      10
       4
       7
       0
       1
       3
       7
       3
       5
       2
       6
       0
       5
       7
       3
       5
       3
       6
       2
       6
       4
       1
       5
       7
       8
       5
       5
       7
       4
       3
       2
       4
       3
       2
       2
       1
       3
       9
       4
       2
       3
       5
       8
       7
       3
       3
       3
       6
       3
       4
       7
       9
       4
       2
       7
       6
       5
       6
       6
       4
       5
       3
       4
       3
       4
       1
       6
       5
       5
       7
       8
       2
       6
       6
       3
       3
       2
       1
       3
       5
       2
       6
       4
       3
       8
       0
       2
       4
       1
       6
       4
       3
       3
       4
       3
       6
       2
       3
       1
       3
       5
       2
       1
       5
       3
       5
       0
       2
       2
       6
       2
       3
       2
       2
       5
       2
       2
       2
       0
       4
       6
       5
       2
       4
       5
       1
       3
       0
       3
       4
       2
       3
       2
       8
      11
      15
      25
      18
      11
      14
      13
       9
       0
       2
       5
       3
       4
       1
       1
       4
       1
       3
       3
       6
       4
       2
       2
       1
       0
       0
       4
       2
       2
       2
       2
       1
       1
       2
       6
       2
       1
       3
       4
       4
       2
       2
       0
       3
       2
       4
       3
       0
       1
       3
       2
       4
       4
       2
       3
       4
       4
       5
       2
       1
       4
       5
       2
       4
       0
       1
       0
       1
       2
       3
       1
       2
       2
       2
       2
       0
       3
       1
       1
       2
       1
       4
       0
       2
       2
       0
       1
       4
       2
       2
       2
       0
       2
       2
       6
       1
       4
       2
       2
       4
       7
       4
       4
       4
       1
       0
       1
       0
       1
       0
       2
       1
       3
       5
       0
       0
       1
       4
       6
       3
       1
       1
       4
       4
       1
       2
       1
       0
       3
       6
       3
       0
       2
       0
       1
       2
       0
       4
       1
       0
       1
       1
       0
       0
       0
       2
       3
       2
       1
       1
       1
       1
       0
       3
       3
       1
       0
       1
       6
       3
       5
       4
       3
       6
       1
       3
       1
       2
       2
       3
       1
       1
       3
       1
       0
       2
       4
       0
       3
       3
       1
       1
       1
       2
       1
       3
       0
       2
       1
       0
       0
       1
       1
       1
       1
       1
       1
       1
       1
       7
       3
       0
       1
       0
       0
       2
       2
       2
       0
       3
       1
       1
       3
       0
       1
       1
       0
       3
       3
       7
       3
       1
       4
       7
      10
      16
      13
      26
      14
      13
      14
      11
       6
       1
       1
       2
       1
       0
       0
       2
       0
       2
       0
       0
       0
       0
       1
       2
       0
       0
       0
       0
       1
       0
       2
       0
       0
       1
       0
       0
       0
       0
       0
       1
       1
       1
       1
       1
       2
       1
       0
       1
       0
       0
       0
       1
       1
       1
       0
       1
       2
       0
       3
       0
       0
       2
       0
       2
       0
       0
       0
       0
       0
       0
       0
       0
       0
       2
       0
       1
       1
       0
       0
       1
       0
       2
       0
       1
       1
       1
       2
       1
       1
       1
       1
       0
       0
       0
       0
       2
       0
       1
       1
       0
       0
       1
       2
       2
       0
       0
       0
       1
       0
       0
       0
       1
       0
       0
       0
       1
       0
       0
       0
       0
       1
       1
       0
       1
       0
       1
       0
       0
       1
       0
       0
       0
       0
       0
       1
       2
       1
       0
       0
       0
       1
       0
       0
       0
       0
       0
       0
       0
       0
       0
       0
       1
       1
       0
       0
       0
       1
       3
       0
       0
       0
       0
       0
       2
       0
       0
       0
       0
       1
       0
       1
       0
       0
       1
       0
       0
       0
       0
       0
       0
       0
       0
       0
       1
       0
       0
       1
       0
       1
       1
       0
       1
       0
       1
       0
       1
       0
       0
       0
       0
       0
       0
       0
       0
       0
       0
       0
       0
       0
       0
       0
       0
       0
       1
       0
       0
       0
       0
       0
       0
       0
       0
       0
       0
       0
       2
       1
       0
       1
       0
       1
       1
       0
       0
       0
       0
       0
       0
       0
       0
       0
       0
       2
       0
       1
       0
       1
       0
       0
       0
       0
       0
       1
       1
       2
       0
       0
       1
       0
       0
       0
       0
       0
       0
       0
       0
       1
       0
       0
       0
       0
       1
       0
       0
       2
       3
       2
       5
      12
       7
      17
      40
      45
      68
     115
     161
     185
     199
     196
     174
     112
      68
      30
      16
       9
       3
       1
       0
       0
       0
       0
       0
       1
       0
       0
       1
       0
       0
       0
       0
       0
       0
       0
       0
       0
       1
       0
       0
       1
       0
       1
       0
       0
       0
       0
       0
       0
       0
       0
       0
       0
       0
       0
       0
       0
       0
       0
       0
       0
       0
       0
       1
       1
       0
       0
       0
       0
       1
       0
       1
       0
       0
       1
       0
       0
       1
       0
       0
       0
       0
       0
       0
       1
       1
       0
       0
       1
       0
       0
       0
       0
       0
       2
       0
       1
       1
       0
       0
       0
       1
       0
       0
       0
       1
       0
       3
       1
       2
       0
       1
       2
       4
       1
       2
       0
       0
       1
       0
       0
       0
       1
       0
       0
       0
       1
       1
       0
       0
       0
       1
       1
       2
       2
       5
       2
       5
       2
       3
      10
       4
       1
       1
       0
       0
       0
       0
       1
       0
       0
       0
       0
       0
       0
       0
       1
       0
       0
       0
       0
       0
       0
       0
       1
       0
       0
       0
       0
       0
       0
       0
       0
       1
       0
       0
       0
       0
       0
       0
       0
       0
       0
       0
       0
       0
       0
       0
       0
       0
       0
       0
       0
       0
       0
       0
       0
       0
       0
       0
       0
       0
       0
       0
       0
       1
       0
       0
       0
       0
       0
       0
       0
       0
       0
       0
       0
       0
       0
       0
       0
       0
       0
       1
       0
       0
       0
       0
       0
       0
       0
       1
       0
       0
       0
       0
       0
       0
       0
       0
       1
       0
       0
       0
       0
       0
       0
       0
       0
       0
       1
       0
       0
       0
       0
       0
       0
       0
       0
       0
       0
       0
       0
       0
       0
       0
       0
       0
       0
       0
       0
       0
       0
       0
       0
       0
       0
       0
       0
       0
       0
       0
       0
       0
       0
       0
       0
       0
       0
       0
       0
       0
       0
       0
       1
       0
       0
       0
       0
       0
       0
       0
       0
       0
       1
       0
       0
       0
       0
       1
       0
       1
       1
       0
       0
       0
       1
       1
       2
       0
       0
       4
       1
       3
       2
       2
       1
       2
       3
       1
       0
       0
       0
       0
       0
       0
       0
       0
       0
       0
       0
       0
       0
       0
       0
       0
       0
       0
       0
       0
       0
       0
       0
       0
       1
       0
       0
       0
       0
       0
       1
       0
       1
       0
       0
       0
       1
       0
       0
       0
       0
       0
       0
       0
       1
       0
       0
       0
       0
       0
       0
       0
       0
       0
       0
       0
       0
       0
       0
       0
       0
       1
       0
       0
       0
       0
       0
       0
       1
       0
       0
       0
       0
       0
       0
       0
       0
       0
       0
       0
       0
       0
       0
       0
       0
       0
       1
       0
       0
       0
       0
       0
       0
       1
       0
       0
       0
       0
       1
       0
       0
       0
       0
       0
       0
       0
       0
       0
       0
       0
       0
       0
       0
       0
       0
       0
       0
       0
       1
       0
       0
       0
       0
       0
       0
       0
       0
       1
       0
       0
       0
       0
       0
       0
       0
       0
       0
       0
       0
       0
       0
       0
       0
       0
       0
       0
       0
       0
       0
       0
       0
       0
       0
       1
       0
       0
       0
       0
       0
       0
       0
       0
       0
       0
       0
       0
       0
       0
       0
       1
       0
       1
       0
       0
       2
       0
       0
       0
       0
       0
       0
       0
       0
       0
       0
       0
       0
       0
       1
       0
       0
       0
       0
       0
       0
       0
       0
       0
       0
       0
       0
       0
       0
       0
       0
       0
       0
       0
       0
       0
       0
       0
       0
       0
       0
       0
       0
       0
       0
       0
       0
       0
       0
       0
       0
       0
       0
       0
       0
       0
       1
       0
       0
       0
       0
       0
       0
       0
       0
       0
       0
       0
       0
       0
       0
       0
       0
       0
       0
       0
       0
       0
       0
       0
       0
       0
       0
       0
       0
       0
       0
       0
       0
       0
       0
       0
       0
       0
       0
       0
       0
       0
       0
       0
       0
       0
       0
       0
       0
       0
       0
       0
       0
       0
       0
       0
       0
       0
       0
       0
       0
       0
       0
       0
       0
       1
       0
       0
       0
       0
       0
       0
       0
       0
       0
       0
       0
       0
       0
       0
       0
       0
       0
       0
       0
       0
       0
       0
       0
       0
       0
       0
       0
       0
       0
       0
       0
       0
       0
       0
       0
       0
       0
       0
       0
       0
       0
       0
       0
       0
       0
       0
       0
       0
       0
       0
       0
       0
       0
       0
       0
       0
       0
       0
       0
       0
       0
       0
       0
       0
       0
       0
       0
       0
       0
       0
       0
       0
       0
       0
       0
       0
       0
       0
       0
       0
       0
       0
       0
       0
       0
       0
       1
       0
       0
       0
       0
       0
       0
       0
       0
       0
       0
       0
       0
       0
       0
       0
       0
       0
       0
       0
       0
       0
       0
       0
       0
       0
       0
       0
       0
       0
       0
       0
       0
       0
       0
       0
       0
       0
       0
       0
       0
       0
       0
       0
       0
       1
       0
       0
       0
       0
       0
       0
       0
       0
       0
       0
       0
       0
       0
       0
       0
       0
       0
       0
       0
       0
       0
       1
       0
       0
       0
       0
       0
       0
       0
       0
       0
       0
       0
       0
       0
       0
       0
       0
       0
       0
       0
       0
       0
       0
       0
       0
       0
       0
       0
       0
       0
       0
       0
       0
       0
       0
       0
       0
       0
       0
       0
       0
       0
       0
       0
       0
       0
       0
       0
       0
       0
       0
       1
       0
       0
       0
       0
       0
       0
       0
       0
       0
       0
       0
       0
       0
       0
       0
       0
       0
       0
       0
       0
       0
       0
       0
       0
       0
       0
       0
       0
       0
       0
       0
       0
       0
       0
       0
       0
       0
       0
       0
       0
       0
       0
       0
       0
       0
       0
       0
       0
       0
       0
       0
       0
       0
       0
       0
       0
       0
       0
       1
       0
       0
       0
       0
       0
       0
       0
       0
       0
       0
       0
       0
       0
       0
       0
       0
       0
       0
       0
       0
       0
       0
       0
       0
       0
       0
       0
       0
       0
       0
       0
       0
       0
       0
       0
       0
       0
       0
       0
       0
       0
       0
       0
       0
       0
       0
       0
       0
       0
       0
       0
       0
       0
       0
       0
       0
       0
       0
       0
       0
       0
       0
       0
       0
       0
       0
       0
       0
       0
       0
       0
       0
       0
       0
       0
       0
       0
       0
       0
       0
       0
       0
       0
       0
       0
       0
       0
       0
       0
       0
       0
       0
       0
       0
       0
       0
       0
       0
       0
       0
       0
       0
       0
       0
       0
       0
       0
       0
       0
       0
       0
       0
       0
       0
       0
       0
       0
       0
       0
       0
       0
       0
       0
       0
       0
       0
       0
       0
       0
       0
       0
       0
       0
       0
       0
       0
       0
       0
       0
       0
       0
       0
       0
       1
       0
       0
       0
       0
       0
       0
       0
       0
       0
       0
       0
       0
       0
       0
       0
       0
       0
       0
       0
       0
       0
       0
       0
       0
       0
       0
       0
       0
       0
       0
       0
       0
       0
       0
       0
       0
       0
       0
       0
       0
       0
       0
       0
       0
       0
       0
       0
       0
       0
       0
       0
       0
       0
       0
       0
       0
       0
       0
       0
       0
       0
       0
       0
       0
       0
       0
       0
       0
       0
       0
       0
       0
       0
       0
       0
       0
       0
       0
       0
       0
       0
       0
       1
       0
       0
       0
       0
       0
       0
       0
       0
       0
       0
       0
       0
       0
       0
       0
       0
       0
       0
       0
       0
       0
       0
       0
       0
       0
       0
       0
       0
       0
       0
       0
       0
       0
       0
       0
       0
       0
       0
       0
       0
       0
       0
       0
       0
       0
       0
       0
       0
       0
       0
       0
       0
       0
       0
       0
       0
       0
       0
       0
       0
       0
       0
       0
       0
       0
       0
       0
       0
       0
       0
       0
       0
       0
       0
       0
       0
       0
       0
       0
       0
       0
       0
       0
       0
       0
       0
       0
       0
       0
       0
       0
       0
       0
       0
       0
       0
       0
       0
       0
       0
       0
       0
       0
       0
       0
       0
       0
       0
       0
       0
       0
       0
       0
       0
       0
       0
       0
       0
       0
       0
       0
       0
       0
       0
       0
       0
       0
       0
       0
       0
       0
       0
       0
       0
       0
       0
       0
       0
       0
       0
       0
       0
       0
       0
       0
       0
       1
       0
       0
       0
       0
       0
       0
       0
       0
       0
       0
       0
       0
       0
       0
       0
       0
       0
       0
       0
       0
       0
       1
       0
       0
       0
       0
       0
       0
       0
       0
       0
       0
       0
       0
       0
       0
       0
       0
       0
       0
       0
       0
       0
       0
       0
       0
       0
       0
       0
       0
       0
       0
       0
       0
       0
       0
       0
       0
       0
       0
       0
       0
       0
       0
       1
       0
       0
       0
       0
       0
       0
       0
       0
       0
       0
       0
       0
       0
       0
       0
       0
       0
       0
       0
       0
       0
       0
       0
       0
       0
       0
       0
       0
       0
       0
       0
       0
       0
       0
       0
       0
       0
       0
       0
       0
       0
       0
       0
       0
       0
       0
       0
       0
       0
       0
       0
       0
       0
       0
       0
       0
       0
       0
       0
       0
       0
       0
       0
       0
       0
       0
       0
       0
       0
       0
       0
       0
       0
       0
       0
       0
       0
       0
       0
       0
       0
       0
       0
       0
       0
       0
       0
       0
       0
       0
       0
       0
       0
       0
       0
       0
       0
       0
       0
       0
       0
       0
       0
       0
       0
       0
       0
       0
       0
       0
       0
       0
       0
       0
       0
       0
       0
       0
       0
       0
       0
       0
       0
       0
       0
       1
       0
       0
       0
       0
       0
       0
       0
       0
       0
       0
       0
       0
       0
       0
       0
       1
       0
       0
       0
       0
       0
       0
       0
       0
       0
       0
       0
       0
       0
       0
       0
       0
       0
       0
       0
       0
       0
       0
       0
       0
       0
       0
       0
       0
       0
       0
       0
       0
       0
       0
       0
       1
       0
       0
       0
       0
       0
       0
       0
       0
       0
       0
       0
       0
       0
       0
       0
       0
       0
       0
       0
       0
       0
       0
       0
       0
       0
       0
       0
       0
       0
       0
       0
       0
       0
       0
       0
       0
       0
       0
       0
       0
       0
       0
       0
       0
       0
       0
       0
       0
       0
       0
       0
       0
       0
       0
       0
       0
       0
       0
       0
       0
       0
       0
       0
       0
       0
       0
       0
       0
       0
       0
       0
       0
       0
       0
       0
       0
       0
       0
       0
       0
       0
       0
       0
       0
       0
       0
       0
       0
       0
       0
       0
       0
       0
       0
       0
       0
       0
       0
       0
       0
       0
       0
       0
       0
       0
       0
       0
       0
       0
       0
       0
       0
       0
       0
       0
       0
       0
       0
       0
       0
       0
       0
       0
       0
       0
       0
       0
       0
       0
       0
       0
       0
       0
       0
       0
       0
       0
       0
       0
       0
       0
       0
       0
       0
       0
       0
       0
       0
       0
       0
       0
       0
       0
       0
       0
       0
       0
       0
       0
       0
       0
       0
       0
       0
       0
       0
       0
       0
       0
       0
       0
       0
       0
       0
       0
       0
       0
       0
       0
       0
       0
       0
       0
       0
       0
       0
       0
       0
       0
       0
       0
       0
       0
       0
       0
       0
       0
       0
       0
       0
       0
       0
       0
       0
       0
       0
       0
       0
       1
       0
       0
       0
       0
       0
       0
       0
       0
       0
       0
       0
       0
       0
       0
       0
       0
       0
       0
       0
       0
       0
       0
       0
       0
       0
       0
       0
       0
       0
       0
       0
       0
       0
       0
       0
       0
       0
       0
       0
       0
       0
       0
       0
       0
       0
       0
       0
       0
       0
       0
       0
       0
       0
       0
       0
       0
       0
       0
       0
       0
       0
       0
       0
       0
       0
       1
       0
       0
       1
       0
       0
       0
       0
       0
       0
       0
       1
       0
       0
       0
       0
       0
       0
       0
       0
       0
       0
       0
       0
       0
       0
       0
       0
       0
       0
       0
       0
       0
       0
       0
       0
       0
       0
       0
       0
       0
       0
       0
       0
       0
       0
       0
       0
       0
       0
       0
       0
       0
       0
       0
       0
       0
       0
       0
       0
       0
       0
       0
       0
       0
       0
       0
       0
       0
       0
       0
       0
       0
       0
       0
       0
       0
       0
       0
       0
       0
       0
       0
       0
       0
       0
       0
       0
       0
       0
       0
       0
       0
       0
       0
       0
       0
       0
       0
       0
       0
       0
       0
       0
       0
       0
       0
       0
       0
       0
       0
       0
       0
       0
       0
       0
       0
       0
       0
       0
       0
       0
       0
       0
       0
       0
       0
       0
       0
       0
       0
       0
       0
       0
       0
       0
       0
       0
       0
       0
       0
       0
       0
       0
       0
       0
       0
       0
       0
       0
       0
       0
       0
       0
       0
       0
       0
       0
       0
       0
       0
       1
       0
       0
       0
       0
       0
       0
       0
       0
       0
       0
       0
       0
       0
       0
       0
       0
       0
       0
       1
       0
       0
       0
       0
       0
       0
       0
       0
       0
       0
       0
       0
       0
       0
       0
       0
       0
       0
       0
       0
       0
       0
       0
       0
       0
       0
       0
       0
       0
       0
       0
       0
       0
       0
       0
       0
       0
       0
       0
       0
       0
       0
       0
       0
       0
       0
       0
       0
       0
       0
       0
       0
       0
       0
       0
       1
       0
       0
       0
       0
       0
       0
       0
       0
       0
       0
       0
       0
       0
       0
       0
       0
       0
       0
       0
       0
       0
       0
       0
       0
       0
       0
       0
       0
       0
       0
       0
       0
       0
       0
       0
       0
       0
       0
       0
       0
       0
       0
       0
       0
       0
       0
       0
       0
       0
       0
       0
       0
       0
       0
       0
       0
       0
       0
       0
       0
       0
       0
       0
       0
       0
       0
       0
       0
       0
       0
       0
       0
       0
       0
       0
       0
       0
       0
       0
       0
       0
       0
       0
       0
       0
       0
       0
       0
       0
       0
       0
       0
       0
       0
       0
       0
       0
       0
       0
       0
       0
       0
       0
       0
       0
       0
       0
       0
       0
       0
       0
       0
       0
       0
       0
       0
       0
       0
       0
       0
       0
       0
       0
       0
       0
       0
       0
       0
       0
       0
       0
       0
       0
       0
       0
       0
       0
       0
       0
       0
       0
       0
       0
       0
       0
       0
       1
       0
       0
       0
       0
       0
       0
       0
       0
       0
       0
       0
       0
       0
       0
       0
       0
       0
       0
       0
       0
       0
       0
       0
       0
       0
       0
       0
       0
       0
       0
       0
       0
       0
       0
       0
       1
       0
       0
       0
       0
       0
       0
       0
       0
       0
       0
       0
       0
       0
       0
       0
       0
       0
       0
       0
       0
       0
       0
       0
       0
       0
       0
       0
       0
       0
       0
       0
       0
       1
       0
       0
       0
       0
       0
       0
       0
       0
       0
       0
       0
       0
       1
       0
       0
       0
       0
       0
       0
       0
       0
       0
       0
       0
       0
       0
       0
       0
       0
       0
       0
       0
       0
       0
       0
       0
       0
       0
       0
       0
       0
       0
       0
       0
       0
       0
       0
       0
       0
       0
       0
       0
       0
       0
       0
       0
       0
       0
       0
       0
       0
       0
       0
       0
       0
       0
       0
       0
       0
       0
       0
       0
       0
       0
       0
       0
       0
       0
       0
       0
       0
       0
       0
       0
       0
       0
       0
       0
       0
       0
       0
       0
       0
       0
       0
       0
       0
       0
       0
       0
       0
       0
       0
       0
       0
       0
       0
       0
       0
       0
       0
       0
       0
       0
       0
       0
       0
       0
       0
       0
       0
       0
       0
       0
       0
       0
       0
       0
       0
       0
       0
       0
       0
       0
       0
       0
       0
       0
       0
       0
       0
       0
       0
       0
       0
       0
       0
       0
       0
       0
       0
       0
       0
       0
       0
       0
       0
       0
       0
       0
       0
       0
       0
       0
       0
       0
       0
       0
       0
       0
       0
       0
       0
       0
       0
       0
       0
       0
       0
       0
       0
       0
       0
       0
       0
       0
       0
       0
       0
       0
       0
       0
       0
       0
       0
       0
       0
       0
       0
       0
       0
       0
       0
       0
       0
       0
       0
       0
       0
       0
       0
       0
       0
       0
       0
       0
       0
       0
       0
       0
       0
       0
       0
       0
       0
       0
       0
       0
       0
       0
       0
       0
       0
       0
       0
       0
       0
       0
       0
       0
       0
       0
       0
       0
       0
       0
       0
       0
       0
       0
       0
       0
       0
       0
       0
       0
       0
       0
       0
       0
       0
       0
       0
       0
       0
       0
       0
       0
       0
       0
       0
       0
       0
       0
       0
       0
       0
       0
       0
       0
       0
       0
       0
       0
       0
       0
       0
       0
       0
       0
       0
       0
       0
       0
       0
       0
       0
       0
       0
       0
       0
       0
       0
       0
       0
       0
       0
       0
       0
       0
       0
       0
       0
       0
       0
       0
       0
       0
       0
       0
       0
       0
       0
       0
       0
       0
       0
       0
       0
       0
       0
       0
       0
       0
       0
       0
       0
       0
       0
       0
       0
       0
       0
       0
       0
       0
       0
       0
       0
       0
       0
       0
       0
       0
       0
       0
       0
       0
       0
       0
       0
       0
       0
       0
       0
       0
       0
       0
       0
       0
       0
       0
       0
       0
       0
       0
       0
       0
       0
       0
       0
       0
       0
       0
       0
       0
       0
       0
       0
       0
       0
       0
       0
       0
       0
       0
       0
       0
       0
       0
       0
       0
       0
       0
       0
       0
       0
       0
       0
       0
       0
       0
       0
       0
       0
       0
       0
       0
       0
       0
       0
       0
       0
       0
       0
       0
       0
       0
       0
       0
       0
       0
       0
       0
       0
       0
       0
       0
       0
       0
       0
       0
       0
       0
       0
       0
       0
       0
       0
       0
       0
       0
       0
       0
       0
       0
       0
       0
       0
       0
       0
       0
       0
       0
       0
       0
       0
       0
       0
       0
       0
       0
       0
       0
       0
       0
       0
       0
       0
       0
       0
       0
       0
       0
       0
       0
       0
       0
       0
       0
       0
       0
       0
       0
       0
       0
       0
       0
       0
       0
       0
       0
       0
       0
       0
       0
       0
       0
       0
       0
       0
       0
       0
       0
       0
       0
       0
       0
       0
       0
       0
       0
       0
       0
       0
       0
       0
       0
       0
       0
       0
       0
       0
       0
       0
       0
       0
       0
       0
       0
       0
       0
       0
       0
       0
       0
       0
       0
       0
       0
       0
       0
       0
       0
       0
       0
       0
       0
       0
       0
       0
       0
       0
       0
       0
       0
       0
       0
       0
       0
       0
       0
       0
       0
       0
       0
       0
       0
       0
       0
       0
       0
       0
       0
       0
       0
       0
       0
       0
       0
       0
       0
       0
       0
       0
       0
       0
       0
       0
       0
       0
       0
       0
       0
       0
       0
       0
       0
       0
       0
       0
       0
       0
       0
       0
       0
       0
       0
       0
       0
       0
       0
       0
       0
       0
       0
       0
       0
       0
       0
       0
       0
       0
       0
       0
       0
       0
       0
       0
       0
       0
       0
       0
       0
       0
       0
       0
       0
       0
       0
       0
       0
       0
       0
       0
       0
       0
       0
       0
       0
       0
       0
       0
       0
       0
       0
       0
       0
       0
       0
       0
       0
       0
       0
       0
       0
       0
       0
       0
       0
       0
       0
       0
       0
       0
       0
       0
       0
       0
       0
       0
       0
       0
       0
       0
       0
       0
       0
       0
       0
       0
       0
       0
       0
       0
       0
       0
       0
       0
       0
       0
       0
       0
       0
       0
       0
       0
       0
       0
       0
       0
       0
       0
       0
       0
       0
       0
       0
       0
       0
       0
       0
       0
       0
       0
       0
       0
       0
       0
       0
       0
       0
       0
       0
       0
       0
       0
       0
       0
       0
       0
       0
       0
       0
       0
       0
       0
       0
       0
       0
       0
       0
       0
       0
       0
       0
       0
       0
       0
       0
       0
       0
       0
       0
       0
       0
       0
       0
       0
       0
       0
       0
       0
       0
       0
       0
       0
       0
       0
       0
       0
       0
       0
       0
       0
       0
       0
       0
       0
       0
       0
       0
       0
       0
       0
       0
       0
       0
       0
       0
       0
       0
       0
       0
       0
       0
       0
       1
       0
       0
       0
       0
       0
       0
       0
       0
       0
       0
       0
       0
       0
       0
       0
       0
       0
       0
       0
       0
       0
       0
       0
       0
       0
       0
       0
       0
       0
       0
       0
       0
       0
       0
       0
       0
       0
       0
       0
       0
       0
       0
       0
       0
       0
       0
       0
       0
       0
       0
       0
       0
       0
       0
       0
       0
       0
       0
       0
       0
       0
       0
       0
       0
       0
       0
       0
       0
       0
       0
       0
       0
       0
       0
       1
       0
       0
       0
       0
       0
       0
       0
       0
       0
       0
       0
       0
       0
       0
       0
       0
       0
       0
       0
       0
       0
       0
       0
       0
       0
       0
       0
       0
       0
       0
       0
       0
       0
       0
       0
       0
       0
       0
       0
       0
       0
       0
       0
       0
       0
       0
       0
       0
       0
       0
       0
       0
       0
       0
       0
       0
       0
       0
       0
       0
       0
       0
       0
       0
       0
       0
       0
       0
       0
       0
       0
       0
       0
       0
       0
       0
       0
       0
       0
       0
       0
       0
       0
       0
       0
       0
       0
       0
       0
       0
       0
       0
       0
       0
       0
       0
       0
       0
       0
       0
       0
       0
       0
       0
       0
       0
       0
       0
       0
       0
       0
       0
       0
       0
       0
       0
       0
       0
       0
       0
       0
       0
       0
       0
       0
       0
       0
       0
       0
       0
       0
       0
       0
       0
       0
       0
       0
       0
       0
       0
       0
       0
       0
       0
       0
       0
       0
       0
       0
       0
       0
       0
       0
       0
       0
       0
       0
       0
       0
       0
       0
       0
       0
       0
       0
       0
       0
       0
       0
       0
       0
       0
       0
       0
       0
       0
       0
       0
       0
       0
       0
       0
       0
       0
       0
       0
       0
       0
       0
       0
       0
       0
       0
       0
       0
       0
       0
       0
       0
       0
       0
       0
       0
       0
       0
       0
       0
       0
       0
       0
       0
       0
       0
       0
       0
       0
       0
       0
       0
       0
       0
       0
       0
       0
       0
       0
       0
       0
       0
       0
       0
       0
       0
       0
       0
       0
       0
       0
       0
       0
       0
       0
       0
       0
       0
       0
       0
       0
       0
       0
       0
       0
       0
       0
       0
       0
       0
       0
       0
       0
       0
       0
       0
       0
       0
       0
       0
       0
       1
       0
       0
       0
       0
       0
       0
       0
       0
       0
       0
       0
       0
       0
       0
       0
       0
       0
       0
       0
       0
       0
       0
       0
       0
       0
       0
       0
       0
       0
       0
       0
       0
       0
       0
       0
       0
       0
       0
       0
       0
       0
       0
       0
       0
       0
       0
       0
       0
       0
       0
       0
       0
       0
       0
       0
       0
       0
       0
       0
       0
       0
       0
       0
       0
       0
       0
       0
       0
       0
       0
       0
       0
       0
       0
       0
       0
       0
       0
       0
       0
       0
       0
       0
       0
       0
       0
       0
       0
       0
       0
       0
       0
       0
       0
       0
       0
       0
       0
       0
       0
       0
       0
       0
       0
       0
       0
       0
       0
       0
       0
       0
       0
       0
       0
       0
       0
       0
       0
       0
       0
       0
       0
       0
       0
       0
       0
       0
       0
       0
       0
       0
       0
       0
       0
       0
       0
       0
       0
       0
       0
       0
       0
       0
       0
       0
       0
       0
       0
       0
       0
       0
       0
       0
       0
       0
       0
       0
       0
       0
       0
       0
       0
       0
       0
       0
       0
       0
       0
       0
       0
       0
       0
       0
       0
       0
       0
       0
       0
       0
       0
       0
       0
       0
       0
       0
       0
       0
       0
       0
       0
       0
       0
       0
       0
       0
       0
       0
       0
       0
       0
       0
       0
       0
       0
       0
       0
       0
       0
       0
       0
       0
       0
       0
       0
       0
       0
       0
       0
       0
       0
       0
       0
       0
       0
       0
       0
       0
       0
       0
       0
       0
       0
       0
       0
       0
       0
       0
       0
       0
       0
       0
       0
       0
       0
       0
       0
       0
       0
       0
       0
       0
       0
       0
       0
       0
       0
       0
       0
       0
       0
       0
       0
       0
       0
       0
       0
       0
       0
       0
       0
       0
       0
       0
       0
       0
       0
       0
       0
       0
       0
       0
       0
       0
       0
       0
       0
       0
       0
       0
       0
       0
       0
       0
       0
       0
       0
       0
       0
       0
       0
       0
       0
       0
       0
       0
       0
       0
       0
       0
       0
       0
       0
       0
       0
       0
       0
       0
       0
       0
       0
       0
       0
       0
       0
       0
       0
       0
       0
       0
       0
       0
       0
       0
       0
       0
       0
       0
       0
       0
       0
       0
       0
       0
       0
       0
       0
       0
       0
       0
       0
       0
       0
       0
       0
       0
       0
       0
       0
       0
       0
       0
       0
       0
       0
       0
       0
       0
       0
       0
       0
       0
       0
       0
       0
       0
       0
       0
       0
       0
       0
       0
       0
       0
       0
       0
       0
       0
       0
       0
       0
       0
       0
       0
       0
       0
       0
       0
       0
       0
       0
       0
       0
       0
       0
       0
       0
       0
       0
       0
       0
       0
       0
       0
       0
       0
       0
       0
       0
       0
       0
       0
       0
       0
       0
       0
       0
       0
       0
       0
       0
       0
       0
       0
       0
       0
       1
       0
       0
       0
       0
       0
       0
       0
       0
       0
       0
       0
       0
       0
       0
       0
       0
       0
       0
       0
       0
       0
       0
       0
       0
       0
       0
       0
       0
       0
       0
       0
       0
       0
       0
       0
       0
       0
       0
       0
       0
       0
       0
       0
       0
       0
       0
       0
       0
       0
       0
       0
       0
       0
       0
       0
       0
       0
       0
       0
       0
       0
       0
       0
       0
       0
       0
       0
       0
       0
       0
       0
       0
       0
       0
       0
       0
       0
       0
       0
       0
       0
       0
       0
       0
       0
       0
       0
       0
       0
       0
       0
       0
       0
       0
       0
       0
       0
       0
       0
       0
       0
       0
       0
       0
       0
       0
       0
       0
       0
       0
       0
       0
       0
       0
       0
       0
       0
       0
       0
       0
       0
       0
       0
       0
       0
       0
       0
       0
       0
       0
       0
       0
       0
       0
       0
       0
       0
       0
       0
       0
       0
       0
       0
       0
       0
       0
       0
       0
       0
       0
       0
       0
       0
       0
       0
       0
       0
       0
       0
       0
       0
       0
       0
       0
       0
       0
       0
       0
       0
       0
       0
       0
       0
       0
       0
       0
       0
       0
       0
       0
       0
       0
       0
       0
       0
       0
       0
       0
       0
       0
       0
       0
       0
       0
       0
       0
       0
       0
       0
       0
       0
       0
       0
       0
       0
       0
       0
       0
       0
       0
       0
       0
       0
       0
       0
       0
       0
       0
       0
       0
       0
       0
       0
       0
       0
       0
       0
       0
       0
       0
       0
       0
       0
       0
       0
       0
       0
       0
       0
       0
       0
       0
       0
       0
       0
       0
       0
       0
       0
       0
       0
       0
       0
       0
       0
       0
       0
       0
       0
       0
       0
       0
       0
       0
       0
       0
       0
       0
       0
       0
       0
       0
       0
       0
       0
       0
       0
       0
       0
       0
       0
       0
       0
       0
       0
       0
       0
       0
       0
       0
       0
       0
       0
       0
       0
       0
       0
       0
       0
       0
       0
       0
       0
       0
       0
       0
       0
       0
       0
       0
       0
       0
       0
       0
       0
       0
       0
       0
       0
       0
       0
       0
       0
       0
       0
       0
       0
       0
       0
       0
       0
       0
       0
       0
       0
       0
       0
       0
       0
       0
       0
       0
       0
       0
       0
       0
       0
       0
       0
       0
       0
       0
       0
       0
       0
       0
       0
       0
       0
       0
       0
       0
       0
       0
       0
       0
       0
       0
       0
       0
       0
       0
       0
       0
       0
       0
       0
       0
       0
       0
       0
       0
       0
       0
       0
       0
       0
       0
       0
       0
       0
       0
       0
       0
       0
       0
       0
       0
       0
       0
       0
       0
       0
       0
       0
       0
       0
       0
       0
       0
       0
       0
       0
       0
       0
       0
       0
       0
       0
       0
       0
       0
       0
       0
       0
       0
       0
       0
       0
       0
       0
       0
       0
       0
       0
       0
       0
       0
       0
       0
       0
       0
       0
       0
       0
       0
       0
       0
       0
       0
       0
       1
       0
       0
       0
       0
       0
       0
       0
       0
       0
       0
       0
       0
       0
       0
       0
       0
       0
       0
       0
       0
       0
       0
       0
       0
       0
       0
       0
       0
       0
       0
       0
       0
       0
       0
       0
       0
       0
       0
       0
       0
       0
       0
       0
       0
       0
       0
       0
       0
       0
       0
       0
       0
       0
       0
       0
       0
       0
       0
       0
       0
       0
       0
       0
       0
       0
       0
       0
       0
       0
       0
       0
       0
       0
       0
       0
       0
       0
       0
       0
       0
       0
       0
       0
       0
       0
       0
       0
       0
       0
       0
       0
       0
       0
       0
       0
       0
       0
       0
       0
       0
       0
       0
       0
       0
       0
       0
       0
       0
       0
       0
       0
       0
       0
       0
       0
       0
       0
       0
       0
       0
       0
       0
       0
       0
       0
       0
       0
       0
       0
       0
       0
       0
       0
       0
       0
       0
       0
       0
       0
       0
       0
       0
       0
       0
       0
       0
       0
       0
       0
       0
       0
       0
       0
       0
       0
       0
       0
       0
       0
       0
       0
       0
       0
       0
       0
       0
       0
       0
       0
       0
       0
       0
       0
       0
       0
       0
       0
       0
       0
       0
       0
       0
       0
       0
       0
       0
       0
       0
       0
       0
       0
       0
       0
       0
       0
       0
       0
       0
       0
       0
       0
       0
       0
       0
       0
       0
       0
       0
       0
       0
       0
       0
       0
       0
       0
       0
       0
       0
       0
       0
       0
       0
       0
       0
       0
       0
       0
       0
       0
       0
       0
       0
       0
       0
       0
       0
       0
       0
       0
       0
       0
       0
       0
       0
       0
       0
       0
       0
       0
       0
       0
$ROI:
0
$PRESETS:
Live Time
120
0
$ENER_FIT:
0.187410 0.383892
$MCA_CAL:
3
1.874105E-001 3.838918E-001 3.468863E-008 keV
$SHAPE_CAL:
3
2.527564E+000 1.393620E-003 6.253809E-009
