0.25 299207 
0.75 300166 
1.25 298879 
1.75 356486 
2.25 357593 
2.75 407084 
3.25 409529 
3.75 429216 
4.25 430134 
4.75 457178 
5.25 456739 
5.75 467790 
6.25 468750 
6.75 463771 
7.25 461725 
7.75 395764 
8.25 395896 
8.75 365882 
9.25 359348 
9.75 281902 
10.25 282106 
10.75 258069 
11.25 255419 
11.75 192064 
12.25 192267 
12.75 154024 
13.25 151823 
13.75 126992 
14.25 123442 
14.75 87722 
15.25 87496 
15.75 63383 
16.25 63221 
16.75 29964 
17.25 29856 
17.75 30128 
18.25 2222 
18.75 2261 
19.25 2197 
19.75 2305 
