3 0
3.5 304500000
4 304500000
4.5 348500000
5 348500000
5.5 530000000
6 530000000
6.5 770000000
7 770000000
7.5 910000000
8 910000000
8.5 1040000000
9 1040000000
9.5 1065000000
10 1065000000
10.5 975000000
11 975000000
11.5 890000000
12 890000000
12.5 740000000
13 740000000
13.5 640000000
14 640000000
14.5 494500000
15 494500000
15.5 403500000
16 403500000
16.5 307500000
17 307500000
17.5 240000000
18 240000000
18.5 183000000
19 183000000
19.5 119000000
20 119000000
20.5 105500000
21 105500000
21.5 87000000
22 87000000
22.5 75000000
23 75000000
23.5 61500000
24 61500000
24.5 56000000
25 56000000
25.5 53000000
26 53000000
26.5 50000000
27 50000000
27.5 48900000
28 48900000
28.5 47250000
29 47250000
29.5 46750000
30 46750000
30.5 46750000
31 46750000
31.5 43200000
32 43200000
32.5 42700000
33 42700000
