$SPEC_ID:
Cs137
$SPEC_REM:
DET# 2
DETDESC# DETECTOR 2
AP# GammaVision Version 7.01.03
$DATE_MEA:
02/08/2017 18:16:53
$MEAS_TIM:
120 134
$DATA:
0 8191
       0
       0
       0
       0
       0
       0
       0
       0
       0
       0
       0
       0
       0
       0
       0
       0
       0
       0
       0
       0
       0
       0
       0
       0
       0
       0
       0
       0
       0
       0
       0
       0
       0
       0
       0
       0
       0
       0
       0
       0
       0
       0
       0
       0
       0
       0
       0
       0
       0
       0
       0
       0
       0
       0
       0
       0
       0
       0
       0
       0
       0
       0
       0
       0
       0
       0
       0
       0
       0
       0
       0
       0
       0
       0
       0
       0
       0
       0
       0
       0
       0
       0
       0
       0
       0
       0
       0
       0
       0
       0
       0
       0
       0
       0
       0
       0
      71
    1314
    2360
    3201
    7749
   22143
   43352
   58275
   50587
   27430
   12201
    6909
    4520
    3305
    2602
    2196
    1576
    1196
    1211
    2685
    7850
   13927
   12495
    7829
    6170
    4935
    2965
    1517
    1048
     813
     776
     597
     450
     436
     412
     346
     365
     324
     339
     309
     354
     280
     323
     307
     324
     300
     283
     290
     322
     314
     309
     276
     304
     316
     324
     328
     316
     296
     299
     365
     282
     288
     321
     330
     335
     316
     333
     325
     358
     318
     339
     325
     354
     328
     346
     347
     322
     355
     339
     376
     350
     378
     381
     406
     442
     414
     448
     450
     408
     451
     522
     520
     574
     565
     528
     475
     514
     628
     822
     809
     640
     603
     542
     533
     539
     568
     520
     575
     741
    1179
    1676
    2029
    1880
    1453
     967
     675
     567
     499
     521
     550
     590
     560
     664
     864
    1124
    1342
    1308
    1116
     949
     814
     709
     585
     566
     469
     451
     441
     464
     420
     454
     497
     467
     480
     465
     445
     428
     398
     409
     340
     383
     359
     341
     342
     355
     385
     355
     344
     324
     345
     362
     382
     345
     337
     334
     359
     351
     335
     341
     340
     341
     329
     365
     353
     338
     361
     330
     339
     356
     338
     345
     326
     335
     324
     345
     354
     339
     345
     315
     351
     349
     323
     346
     361
     331
     364
     397
     402
     401
     352
     323
     336
     371
     340
     395
     394
     389
     341
     344
     329
     362
     332
     365
     400
     358
     348
     359
     348
     400
     898
    3884
   13271
   26002
   27188
   16602
    7687
    4047
    2662
    1624
    1039
     684
     541
     465
     407
     387
     366
     368
     368
     353
     339
     341
     374
     350
     357
     344
     323
     311
     302
     319
     306
     312
     314
     282
     289
     297
     312
     324
     306
     319
     330
     266
     297
     285
     292
     338
     308
     316
     297
     279
     281
     328
     297
     299
     289
     329
     324
     272
     274
     287
     287
     299
     287
     300
     309
     314
     299
     341
     309
     367
     328
     336
     377
     382
     349
     348
     393
     365
     363
     365
     379
     405
     420
     405
     385
     404
     406
     425
     393
     458
     370
     377
     452
     401
     496
     425
     479
     480
     469
     497
     440
     480
     466
     525
     678
    1273
    2272
    3236
    3409
    2556
    1466
     897
     640
     534
     432
     360
     395
     364
     352
     422
     642
     927
    1031
     893
     716
     657
     518
     398
     342
     332
     305
     279
     289
     320
     308
     285
     285
     291
     299
     293
     316
     259
     281
     257
     281
     275
     304
     291
     289
     273
     301
     310
     263
     290
     272
     301
     268
     295
     254
     314
     302
     337
     324
     266
     279
     282
     299
     337
     300
     288
     329
     296
     316
     279
     281
     303
     301
     276
     313
     341
     314
     302
     344
     281
     315
     299
     298
     310
     328
     314
     307
     290
     310
     307
     276
     302
     306
     285
     344
     283
     295
     278
     305
     251
     278
     247
     254
     290
     271
     249
     247
     265
     256
     236
     227
     212
     253
     232
     257
     218
     242
     232
     224
     217
     256
     264
     232
     225
     233
     247
     239
     220
     240
     228
     243
     222
     217
     216
     249
     234
     255
     237
     229
     243
     222
     238
     213
     226
     220
     230
     249
     208
     220
     224
     203
     221
     206
     215
     214
     223
     215
     219
     217
     227
     207
     190
     257
     226
     189
     186
     176
     207
     199
     203
     219
     210
     218
     200
     179
     232
     215
     179
     191
     189
     205
     196
     192
     191
     190
     203
     174
     171
     206
     198
     189
     192
     179
     200
     176
     216
     195
     203
     195
     200
     200
     181
     178
     196
     182
     180
     193
     191
     189
     197
     176
     197
     174
     189
     175
     192
     306
     762
    1858
    3102
    3669
    2761
    1503
     846
     526
     417
     327
     249
     217
     225
     205
     216
     188
     178
     174
     190
     204
     210
     206
     191
     171
     195
     164
     160
     183
     158
     168
     166
     186
     174
     154
     154
     198
     165
     163
     179
     171
     155
     177
     164
     163
     162
     153
     199
     163
     165
     149
     173
     162
     177
     162
     145
     161
     175
     156
     165
     151
     156
     160
     168
     161
     141
     171
     178
     147
     154
     179
     176
     218
     187
     194
     157
     165
     140
     191
     169
     186
     166
     182
     186
     189
     174
     167
     177
     176
     192
     202
     170
     165
     165
     165
     172
     177
     182
     185
     189
     163
     167
     149
     214
     229
     363
     478
     668
     675
     596
     425
     270
     230
     168
     163
     146
     131
     147
     162
     153
     231
     281
     272
     266
     207
     205
     177
     168
     185
     131
     162
     147
     164
     156
     165
     186
     261
     282
     306
     241
     195
     157
     152
     152
     153
     128
     151
     139
     133
     142
     137
     145
     138
     167
     136
     147
     135
     122
     138
     146
     127
     129
     123
     127
     149
     132
     128
     128
     130
     124
     126
     141
     144
     128
     121
     133
     148
     128
     129
     136
     124
     140
     136
     144
     125
     129
     146
     158
     164
     143
     145
     154
     137
     125
     129
     136
     127
     129
     125
     140
     136
     141
     124
     124
     124
     142
     135
     136
     127
     147
     139
     167
     179
     161
     167
     151
     153
     148
     125
     148
     120
     127
     165
     176
     194
     180
     173
     129
     163
     120
     123
     146
     129
     154
     155
     116
     117
     144
     135
     154
     134
     156
     137
     121
     130
     128
     130
     135
     118
     151
     133
     118
     133
     145
     146
     148
     128
     152
     227
     600
    1852
    4934
    9082
   12039
   10681
    6873
    3459
    1723
    1092
     688
     440
     305
     254
     173
     160
     153
     164
     144
     167
     144
     169
     159
     156
     145
     150
     135
     155
     156
     135
     149
     151
     129
     121
     139
     144
     140
     137
     133
     134
     133
     134
     134
     136
     135
     124
     133
     134
     127
     118
     138
     143
     139
     143
     138
     125
     130
     134
     143
     194
     275
     414
     469
     465
     475
     481
     434
     344
     250
     185
     160
     166
     131
     127
     142
     140
     138
     119
     125
     124
     141
     133
     131
     140
     115
     139
     129
     149
     128
     127
     120
     144
     129
     127
     121
     146
     129
     158
     152
     153
     136
     143
     133
     139
     130
     162
     121
     140
     176
     147
     131
     118
     133
     130
     107
     113
     138
     124
     104
     105
     104
     112
     113
     120
     107
      99
     116
     106
     110
     117
     107
     108
     102
     109
     126
     114
     119
     105
     114
     100
     110
     134
     113
     106
     113
     104
     107
     130
     119
     118
     113
     114
     117
     114
     114
     117
     112
     115
     110
     118
     106
     128
     114
     116
     128
     132
     146
     139
     133
     115
     113
     121
     118
     106
     162
     230
     381
     667
     761
     745
     547
     342
     213
     158
     162
     136
     113
     124
      98
     116
     155
     139
     145
     123
     121
     121
     128
     119
     122
     101
      96
     115
     111
      88
     108
     117
     121
      99
      99
     113
     111
     103
     105
     102
     116
     114
     135
      99
     116
      97
     104
     104
      97
      99
     101
     114
     110
     114
     118
     117
     106
     105
     102
     102
     109
     104
     121
     117
     113
     116
      88
     113
     115
      86
     112
      92
      91
     108
     106
     100
     122
      99
     101
      89
     100
     114
     124
     120
     122
     136
     181
     354
     586
     807
     813
     688
     476
     298
     191
     189
     141
     154
     112
     126
     114
     108
     120
     116
     101
     103
     120
     105
     124
     115
     114
     112
     108
     113
     116
     124
     100
     114
      99
     131
     120
     124
     129
     118
     110
     120
     100
     121
      97
     108
     108
     133
     100
     105
     122
     109
      98
     134
     113
     102
     110
     110
      95
     109
     120
     114
     129
     101
     120
     108
     115
     101
     103
     101
      91
     114
      98
     101
     114
     116
     104
      90
     134
      87
     119
     116
     122
     103
     120
     123
     125
     116
     115
     104
     117
     105
     126
     103
     111
      98
     109
     110
     114
     108
      99
      89
     120
     103
     106
     110
     169
     143
     179
     196
     227
     198
     179
     138
     135
     133
     105
      98
     112
     139
     144
     151
     208
     196
     179
     146
     161
     135
     125
     128
      97
     114
     121
     121
     114
     118
     115
     121
     103
     110
     114
     126
     106
     117
     103
     111
      96
     125
     113
     101
     126
      84
     121
     103
      95
     102
      98
     120
     107
     116
     154
     139
     123
     132
     120
     110
     101
     111
     116
     102
      97
      93
     106
     109
     103
     102
      96
     121
     112
     106
     116
     104
     121
     113
     124
     101
     113
     104
      88
     113
      98
     124
     113
     122
     111
     125
      99
     108
     110
     111
     114
     100
     146
     125
     132
     130
     114
     120
     123
     119
      99
     109
     118
     121
     107
     109
     108
     116
     106
     115
     123
     102
     121
     118
     125
     113
     132
     123
     119
     112
     103
     100
     112
     113
     125
     138
     102
     102
     111
     119
     134
     134
     123
     117
     105
     108
     129
     122
     113
     127
     111
     117
     103
     104
      96
     134
     128
     125
     127
      96
     109
     107
     119
     116
     105
     117
     138
     111
     119
     112
     107
     109
     127
     124
      94
     116
     139
     110
     102
     117
     106
     125
     108
     117
     111
     123
     122
      99
     123
     120
     113
     116
     126
     101
     119
     122
     115
     116
     112
     110
     106
     115
     103
     123
     100
     109
     128
     132
     115
     128
     114
     120
     120
     137
     106
     141
     180
     173
     199
     208
     194
     198
     200
     171
     169
     150
     158
     138
     130
     109
     135
     119
     102
     112
     115
     130
     110
     126
     123
     122
     128
     126
     103
     108
     112
     127
     108
     118
     131
     118
     113
     115
     123
     117
     109
     138
     111
     128
     127
     124
      93
     102
      98
     120
     106
     118
     135
     104
     126
     111
     131
     107
     123
     149
     163
     204
     199
     214
     175
     164
     135
     129
     145
     101
     116
     112
      92
     121
     103
     122
     107
     122
      96
     103
     108
     105
     112
      90
     109
     118
     127
     122
     106
     108
     119
     123
      92
     101
     101
     101
     108
      97
     110
     108
     110
     122
     117
     105
     124
     119
     133
     109
     119
     129
     119
     116
     121
     101
     112
     117
     106
     113
     103
     118
     103
     112
     112
     120
     116
     114
     103
     120
      95
     111
     104
      98
      95
     103
      96
      98
     109
      97
      97
     101
      98
     117
      87
     102
     102
     102
      91
     103
     106
     113
     113
      90
     107
     100
      90
      91
     111
      88
     114
      91
      95
      83
     103
     102
     119
     113
     106
     104
     104
     102
      97
     115
     112
      89
     115
      99
     109
      95
      98
     107
     104
     108
     117
     100
     105
     107
     102
      93
     102
     102
     108
     113
     115
     103
      95
      90
      87
      91
     113
      95
      84
      93
      82
      96
      93
      89
      94
      99
     100
      85
     104
     123
     104
     106
      89
     110
      90
      87
     108
     113
     116
      94
     109
     111
     105
      95
     111
     110
     108
      99
     115
      86
      92
      85
     126
     112
     106
      84
      86
      84
      96
      86
      99
      98
     111
     106
     122
     113
      99
      99
      96
     103
     106
      77
      99
     101
      93
     122
     109
      98
     107
     105
      86
     106
     103
      97
     101
     107
      94
     111
      96
     106
     105
      83
      93
     106
     112
     108
      95
      88
      90
      95
      90
     108
     107
     110
     104
      98
     110
     136
      99
     142
      95
     129
     123
     103
     120
     114
     122
     109
     128
     140
     190
     171
     135
     157
     126
      95
      91
      90
      94
     106
     101
      89
      97
      95
     103
      99
      99
     114
      97
     102
     111
      96
     113
     135
     158
     180
     191
     244
     228
     207
     148
     156
     115
      97
      81
      93
      90
     113
      94
      94
      80
      74
      91
      93
      94
      92
     119
     101
     103
      99
      98
     105
     100
     115
      96
     104
      92
     119
      88
     111
      87
      98
      95
     103
      93
     113
     106
     110
      87
      92
      99
      89
     103
     117
      87
      99
      95
     100
      89
      78
      82
     103
     106
     107
      92
      92
     106
     138
     121
     129
     122
     120
     108
      98
     110
     103
     107
      97
      96
     105
      98
     100
     105
     115
     119
     113
     138
     137
     144
     114
     110
      97
     110
     111
     103
     124
     140
     116
     138
     109
     117
     100
      97
      93
     103
      98
     119
      92
     114
     130
     135
     131
     125
     126
      98
      92
     113
     103
     100
     100
      99
     110
      97
     105
     102
     118
      96
      96
     100
     111
      99
     103
     103
      94
     110
      98
      96
     107
     103
      99
      96
     116
     134
      93
     119
     100
     124
     104
     105
     112
      86
      87
      90
      97
     100
      98
      93
     116
      93
      92
     117
     104
     103
     119
     112
     110
      98
     111
      95
     117
     118
     123
     122
     117
      98
     122
     113
      94
     136
     149
     150
     145
     139
     136
     133
     110
     117
     115
     109
     108
     126
     100
     101
     103
     109
      90
     106
      95
      90
      84
     115
     109
     102
     111
     126
     122
     128
     123
     104
      96
     102
     103
     113
      98
     108
      96
     101
     100
     114
      85
     113
      98
      79
     110
      96
     108
      91
      98
      81
      86
      98
     107
      96
      97
     118
     144
     180
     316
     569
     919
    1397
    1859
    2071
    1919
    1419
     889
     616
     363
     250
     182
     148
     111
     115
     102
     115
     113
      93
     105
     112
      94
      87
      90
      93
      96
     100
     103
      99
     100
     116
     112
      90
      95
     115
     102
     106
      99
      91
     103
      96
     104
      97
     120
     108
     112
      93
      93
     102
      91
     114
      88
     109
      84
     108
      84
      99
      99
      74
      93
      78
      82
      95
     103
      92
      88
      98
      96
      97
     114
     100
      94
     112
      95
     102
     106
      95
      98
      83
     103
      96
      91
     107
     122
     104
     144
     155
     140
     133
     120
     127
     105
      91
      94
      95
      92
      93
     100
     113
      99
      97
      77
     104
      90
      87
      99
     110
      91
      92
     105
     105
     107
      95
      93
     106
      96
      93
      93
      83
     106
      87
      88
      95
      91
      96
      79
     110
      86
      87
     103
      95
      91
      93
      90
      98
      81
     105
      94
      70
      87
      90
      77
     100
      88
     110
      78
      93
     100
     100
     100
      88
     120
      91
      94
      84
     106
      82
     102
      74
     109
      99
      99
     103
     112
     106
     112
     129
     109
     114
     114
      92
      82
     103
      93
      74
      95
     103
      78
      99
      89
      92
      95
      93
     103
      87
      94
     110
      94
     102
     128
      88
     111
      91
     102
      84
      95
     102
      86
      93
      81
     100
      88
      91
      82
      98
      80
      99
      92
      97
      79
     113
     101
      86
      85
      82
      93
      91
      92
     109
     106
      89
     102
      99
      96
     104
     111
      99
     121
     131
     146
     178
     238
     293
     423
     425
     454
     359
     295
     236
     165
     112
     137
     112
     102
      91
     102
     119
      97
      89
     115
     107
     103
     106
      92
      87
     102
      89
      94
      91
      84
      82
      93
      95
     124
      88
      95
      94
     107
      88
     109
     121
     109
      90
     106
      75
      95
      86
     103
      92
     114
      92
      77
      91
      98
      73
     103
      87
      92
      85
      87
      95
      80
      97
      74
      91
      85
      96
     100
     103
      86
      97
     113
      93
      74
      96
      80
      75
      87
      94
      99
     110
      93
     103
      69
     112
      91
      97
      93
      97
     106
      98
      87
     100
      94
      93
      83
     107
      83
      89
      88
      80
      95
      97
      71
     118
     122
     119
     144
     140
     145
     148
     110
     117
      85
      97
      86
      84
      85
      90
      90
     104
      93
      97
      83
      84
      83
      78
      79
      81
      89
      68
      98
      82
      67
      79
      90
      90
      98
     111
     113
     108
     114
      99
      97
      72
      81
      75
      97
      68
      91
      71
      84
      82
      75
      79
      92
      83
      86
      93
     106
      69
      69
      80
      85
      84
      79
      82
      85
      82
      81
      73
     102
      68
      71
      50
      63
      77
      78
      63
      79
      65
      65
      56
      77
      70
      74
      60
      60
      69
      71
      87
      80
      49
      71
      65
      60
      81
      61
      72
      66
      70
      71
      87
      60
      65
      72
      73
      68
      65
      61
      69
      67
      55
      64
      77
      63
      56
      67
      68
      60
      69
      66
      60
      53
      49
      66
      67
      72
      62
      74
      63
      76
      59
      62
      67
      70
      56
      58
      57
      70
      78
      84
      68
      63
      68
      71
      64
      72
      86
     127
     176
     330
     431
     732
    1033
    1288
    1413
    1336
    1127
     816
     511
     353
     203
     162
     108
      96
      83
      81
      67
      79
      73
      65
      63
      73
      69
      65
      56
      67
      69
      62
      51
      77
      60
      56
      50
      56
      44
      60
      56
      61
      61
      61
      62
      69
      71
      66
      71
      61
      64
      52
      61
      60
      55
      57
      56
      59
      52
      67
      46
      62
      63
      60
      50
      59
      56
      41
      60
      54
      65
      75
      77
      86
      93
      84
      64
      68
      63
      58
      52
      52
      61
      50
      61
      53
      66
      65
      66
      77
      64
      62
      53
      68
      82
      57
      58
      74
      65
      68
      69
      54
      67
      47
      68
      77
      89
     125
     166
     169
     244
     300
     319
     315
     286
     236
     184
     156
     127
      91
      68
      71
      85
      77
      90
      96
     112
     102
      93
      96
      74
      62
      60
      55
      37
      46
      48
      36
      47
      55
      56
      55
      52
      61
      54
      55
      47
      52
      54
      36
      36
      43
      54
      42
      53
      46
      55
      46
      44
      51
      52
      50
      48
      45
      57
      56
      40
      44
      38
      45
      52
      39
      33
      39
      54
      38
      53
      53
      43
      55
      50
      55
      53
      56
      52
      44
      45
      39
      37
      48
      47
      44
      51
      44
      50
      46
      41
      51
      55
      42
      41
      35
      43
      62
      55
      48
      44
      56
      47
      54
      47
      60
      59
      51
      45
      51
      55
      68
      48
      57
      40
      52
      47
      61
      47
      50
      41
      48
      34
      41
      49
      58
      47
      44
      57
      52
      42
      49
      51
      46
      43
      50
      37
      44
      45
      52
      41
      47
      45
      33
      35
      34
      42
      51
      38
      46
      32
      42
      38
      55
      42
      50
      48
      48
      39
      40
      45
      42
      48
      33
      50
      51
      40
      54
      35
      51
      24
      29
      30
      43
      48
      45
      42
      41
      35
      48
      34
      38
      41
      37
      44
      40
      47
      29
      43
      40
      23
      52
      36
      46
      31
      41
      37
      46
      49
      47
      32
      45
      41
      40
      45
      42
      44
      46
      43
      53
      49
      71
     110
     183
     256
     391
     543
     810
     980
    1109
    1084
     955
     692
     477
     342
     205
     226
     187
     253
     215
     223
     202
     152
     134
      89
      83
      68
      70
      52
      40
      40
      50
      37
      48
      53
      51
      41
      44
      59
      46
      39
      49
      48
      54
      43
      51
      34
      49
      50
      47
      45
      45
      45
      43
      42
      41
      32
      57
      39
      44
      51
      54
      50
      41
      43
      48
      57
      69
      67
     108
     117
     201
     258
     379
     572
     760
     967
    1043
    1141
     973
     772
     576
     320
     217
     124
     117
      96
      58
      65
      69
      63
      57
      50
      53
      59
      66
      45
      46
      56
      62
      85
      79
     113
     105
     149
     202
     193
     207
     201
     167
     177
     184
     222
     175
     185
     172
     128
      99
      90
      54
      67
      58
      54
      48
      66
      54
      74
      78
      83
      83
      76
      79
      56
      49
      51
      49
      60
      46
      45
      52
      56
      40
      46
      49
      44
      43
      57
      59
      39
      50
      52
      55
      55
      52
      50
      52
      44
      46
      49
      64
      63
      65
      56
      40
      64
      50
      53
      44
      62
      62
      60
      59
      58
      81
      79
      83
      90
     134
     154
     186
     227
     266
     234
     240
     180
     122
      96
     102
      67
      62
      65
      71
      61
      93
      88
      66
      98
      91
      82
      69
      63
      71
      52
      47
      44
      66
      53
      56
      48
      54
      53
      44
      44
      34
      44
      42
      46
      60
      52
      46
      49
      51
      50
      47
      43
      36
      51
      54
      51
      59
      46
      40
      62
      61
      56
      52
      52
      64
      44
      52
      61
      39
      58
      50
      46
      45
      46
      40
      55
      39
      46
      49
      55
      52
      49
      35
      40
      39
      46
      50
      50
      47
      43
      43
      41
      48
      50
      40
      44
      50
      53
      53
      52
      45
      53
      59
      41
      48
      46
      46
      42
      55
      54
      53
      56
      55
      61
      52
      43
      46
      36
      51
      46
      36
      58
      47
      45
      32
      42
      46
      47
      45
      51
      42
      39
      45
      36
      55
      35
      33
      41
      41
      40
      36
      44
      34
      41
      38
      38
      42
      34
      39
      46
      37
      47
      38
      44
      26
      38
      47
      29
      28
      50
      49
      46
      60
      91
      81
      97
     118
     113
     101
      98
      99
      79
      57
      50
      41
      38
      41
      34
      31
      31
      38
      40
      37
      28
      41
      29
      32
      40
      36
      38
      36
      33
      30
      36
      35
      33
      38
      37
      30
      34
      31
      34
      35
      30
      30
      30
      27
      34
      39
      29
      37
      43
      41
      23
      40
      51
      57
      69
      69
      88
     102
     166
     110
      96
     106
      81
      50
      37
      36
      37
      28
      34
      29
      39
      27
      25
      20
      29
      25
      34
      26
      28
      31
      30
      32
      30
      29
      35
      36
      25
      23
      34
      40
      32
      31
      26
      34
      28
      34
      19
      49
      42
      34
      34
      45
      61
      59
      42
      31
      42
      45
      37
      51
      39
      31
      38
      35
      23
      25
      29
      35
      24
      25
      32
      26
      35
      24
      29
      29
      26
      34
      26
      29
      24
      34
      25
      34
      31
      26
      29
      24
      25
      28
      20
      24
      26
      17
      29
      24
      35
      33
      21
      22
      29
      26
      24
      26
      16
      29
      36
      33
      29
      39
      44
      43
      54
      49
      51
      43
      44
      36
      29
      31
      18
      22
      19
      20
      29
      32
      30
      27
      21
      22
      18
      30
      26
      17
      33
      20
      22
      22
      18
      18
      30
      19
      17
      20
      13
      22
      22
      28
      29
      16
      25
      21
      23
      15
      25
      17
      17
      15
      22
      27
      30
      22
      25
      31
      23
      31
      21
      17
      26
      20
      24
      27
      33
      42
      60
      72
      90
     120
     123
     159
     140
     105
      69
      63
      58
      32
      30
      23
      23
      13
      19
      14
      13
      14
      17
      16
      14
      20
      22
      13
      11
      15
      13
      12
      14
      20
      14
      12
      25
      21
      20
      23
      15
      17
      12
      17
      15
      20
      16
      13
      12
      18
      14
      12
      14
      17
      15
       8
      19
      17
      15
       9
      14
      16
      12
      14
      11
      12
      14
      11
      10
      13
      13
      14
      18
      16
      12
       8
      10
       9
      14
      12
      10
      15
       9
       7
      10
      16
      18
      14
      14
      11
      12
      16
      18
      15
      14
      11
      13
      18
      22
      19
      17
      14
      10
      14
       9
      12
       8
       8
      16
      15
      14
       9
       7
       6
       7
      15
      13
       7
      12
      11
       6
       5
       7
       8
       6
      12
       9
      11
       8
       7
      10
      11
      13
       8
      11
      17
      12
       6
      12
      17
      10
      10
      12
       6
      11
       4
      14
      13
       7
      10
       7
       8
       8
       9
       4
      14
      10
      11
      10
      18
       9
      12
       4
      10
       6
       6
       5
      14
       9
       6
       6
      11
       6
      15
       6
      11
      10
      11
      11
       5
       5
       1
       9
       9
       6
      12
       6
       7
      14
       4
       6
       6
       9
       7
      11
       8
       7
      11
      14
      15
      10
       7
       9
       9
      10
       7
       9
       9
       8
       7
       6
       4
       8
       9
       8
       9
       5
       6
      11
       8
       5
       8
       4
       2
       4
       2
       6
       9
       5
       9
       9
       5
       8
      10
       3
       1
       7
      10
       3
       9
       6
      10
       3
       2
       5
       7
       6
      14
       8
       4
       3
       8
       5
       6
       5
       9
      10
      13
       5
      13
       3
       9
      11
       7
       8
       4
       4
       9
       5
       6
       7
       7
       9
       8
       6
      15
       5
      19
      18
      33
      53
      82
     111
     177
     264
     344
     551
     737
     977
    1114
    1157
    1146
     975
     806
     529
     365
     239
     138
      92
      66
      45
      26
      21
      18
      20
      14
      12
      10
      12
      13
       9
      16
       3
      13
      17
      10
       9
       6
      10
      12
      14
      15
       8
      10
      13
      11
      11
      10
      10
       7
      12
      10
      17
       4
       8
       6
       6
      13
       9
       6
       6
      10
       5
      11
       7
      13
       7
      12
      12
      11
       8
      10
      11
      19
      16
      19
      22
      23
      20
      17
      19
      24
      20
      17
      15
      18
      12
      19
      12
      13
      12
      26
      21
      28
      18
      15
      16
      19
      23
      13
      21
      28
      32
      26
      30
      37
      44
      52
      83
      93
     116
     138
     195
     189
     225
     213
     164
     156
      98
      61
      53
      47
      35
      26
      36
      34
      38
      46
      57
      57
      67
      45
      41
      34
      38
      26
      42
      37
      37
      56
      39
      32
      26
      23
      15
      14
      12
       8
      11
      10
       6
       4
       7
       7
       5
       3
       7
       6
       1
       5
      10
       8
       2
       5
       6
       1
       3
       3
       5
       5
       9
       5
       3
      11
       2
       8
       9
       5
       7
       2
       4
       8
       4
       4
       3
       6
       3
       5
       6
      10
       2
       6
       3
       8
       4
       7
       6
       9
       7
       6
       9
       4
       8
      10
       1
       8
      11
      14
       9
      10
      10
      11
       5
      13
      12
      13
      12
      18
      15
      16
      16
       8
      10
      12
      10
      12
       6
      11
       9
       8
       2
       9
       5
      15
      14
      10
      12
       7
       6
      11
      16
      15
      10
      12
      20
       8
       8
       5
       9
       7
      11
       5
       5
       6
       6
       1
       9
      11
       6
       6
       6
       6
       3
       8
       6
       7
       6
       3
       2
       4
       3
       6
       0
       8
       4
       3
       2
       6
       3
       5
       4
       2
       3
       6
       1
       7
       3
       3
       5
       4
       5
       3
       3
       4
       2
       6
       5
       8
       1
       4
       1
       7
       1
       4
       2
       5
       6
       2
       7
       3
       4
       4
       9
       2
       4
      11
       8
      10
      22
      26
      35
      42
      63
      72
      84
     117
     139
     119
     111
     115
      88
      73
      43
      30
      24
       7
       5
       5
      10
       5
       2
       1
       4
       2
       4
       3
       2
       9
       7
       5
       5
       2
       1
       8
       1
       0
       3
       1
       6
       1
       5
       4
       8
       3
       3
       2
       3
       0
       1
       3
       2
       2
       4
       3
       2
       3
       2
       3
       1
       3
       2
       1
       4
       3
       3
       6
       2
       0
       3
       3
       4
       1
       1
       3
       0
       1
       1
       1
       3
       2
       5
       0
       3
       7
       4
       0
       5
       8
       2
       1
       3
       5
       5
       1
       5
       3
       4
       3
       7
       4
       6
       5
       7
       9
      12
       9
      16
      13
      21
      20
      15
      23
      24
      15
      13
       7
      11
       5
       3
       6
       2
       7
       4
       5
       5
       7
       5
      10
       6
       3
       5
       4
       5
       6
       4
       3
       8
       5
       9
       4
       7
       1
       2
       4
       3
       0
       1
       5
       2
       1
       1
       1
       3
       2
       3
       3
       5
       2
       1
       1
       2
       3
       1
       3
       3
       5
       1
       5
       1
       3
       1
       3
       1
       1
       2
       4
       2
       1
       7
       4
       3
       2
       6
       2
       3
       1
       2
       3
       3
       0
       1
       4
       2
       2
       1
       1
       0
       0
       0
       2
       1
       4
       2
       5
       1
       2
       0
       2
       1
       1
       3
       1
       3
       0
       5
       2
       1
       2
       2
       1
       2
       1
       2
       1
       2
       2
       1
       0
       3
       1
       2
       4
       2
       3
       4
       1
       0
       1
       1
       3
       0
       4
       2
       1
       0
       2
       1
       1
       0
       2
       2
       1
       0
       1
       1
       1
       4
       2
       2
       1
       2
       0
       1
       1
       1
       0
       2
       3
       1
       2
       3
       4
       3
       1
       1
       3
       0
       3
       2
       1
       2
       3
       2
       2
       2
       4
       2
       1
       2
       1
       0
       1
       0
       2
       4
       2
       2
       3
       6
       5
      15
       7
      16
      18
      18
       6
       6
       8
       6
       4
       1
       2
       2
       3
       4
       3
       4
       3
       4
       1
       4
       3
       2
       8
       0
       1
       1
       0
       3
       1
       1
       3
       0
       0
       3
       0
       1
       2
       2
       3
       1
       2
       1
       1
       2
       1
       6
       2
       2
       4
       0
       1
       2
       0
       1
       2
       5
       0
       2
       2
       0
       3
       1
       2
       0
       4
       2
       3
       1
       1
       2
       1
       1
       3
       0
       1
       2
       2
       1
       2
       2
       1
       2
       0
       1
       2
       0
       3
       1
       2
       0
       3
       2
       1
       1
       0
       0
       0
       3
       2
       2
       0
       0
       1
       1
       0
       3
       0
       3
       1
       2
       0
       1
       2
       3
       1
       1
       1
       0
       3
       2
       2
       1
       2
       1
       6
       2
       0
       1
       1
       2
       0
       2
       0
       0
       2
       1
       1
       1
       0
       2
       2
       1
       2
       3
       1
       1
       1
       1
       2
       2
       1
       1
       0
       2
       1
       1
       3
       0
       1
       1
       0
       2
       1
       0
       1
       1
       0
       2
       3
       1
       0
       1
       2
       0
       1
       2
       0
       0
       0
       1
       0
       0
       2
       1
       1
       1
       4
       1
       0
       1
       0
       0
       1
       2
       5
       5
       1
       2
       0
       1
       1
       0
       1
       1
       2
       0
       0
       1
       4
       0
       0
       1
       1
       2
       0
       0
       0
       2
       1
       1
       1
       2
       2
       1
       1
       2
       1
       2
       2
       1
       1
       1
       1
       0
       0
       2
       0
       3
       1
       1
       4
       1
       2
       1
       0
       3
       0
       0
       2
       0
       2
       1
       2
       1
       1
       3
       1
       2
       3
       1
       0
       2
       0
       0
       1
       2
       1
       3
       3
       1
       0
       3
       1
       2
       0
       1
       2
       3
       0
       2
       2
       1
       2
       2
       1
       0
       1
       1
       1
       1
       4
       2
       0
       1
       1
       1
       1
       1
       2
       1
       1
       0
       0
       3
       0
       1
       0
       0
       0
       1
       2
       0
       0
       0
       0
       2
       3
       1
       0
       0
       2
       1
       3
       1
       0
       1
       2
       2
       3
       1
       1
       1
       0
       1
       3
       2
       2
       1
       1
       1
       0
       0
       3
       0
       0
       0
       0
       0
       0
       0
       0
       0
       0
       0
       2
       2
       0
       0
       1
       1
       2
       0
       2
       0
       3
       2
       0
       1
       1
       1
       2
       1
       0
       1
       2
       1
       1
       1
       2
       3
       0
       0
       0
       0
       1
       2
       2
       1
       1
       2
       0
       2
       2
       3
       1
       0
       2
       0
       2
       1
       0
       2
       0
       1
       0
       1
       0
       0
       1
       1
       0
       1
       0
       0
       2
       0
       0
       0
       0
       0
       0
       0
       0
       0
       0
       0
       2
       0
       1
       2
       1
       2
       0
       1
       0
       1
       1
       0
       2
       2
       1
       0
       2
       0
       0
       1
       0
       0
       0
       2
       1
       2
       0
       0
       2
       0
       0
       1
       2
       1
       2
       1
       1
       0
       1
       0
       1
       0
       0
       0
       1
       3
       0
       2
       0
       1
       0
       1
       1
       0
       0
       0
       0
       0
       0
       1
       0
       0
       0
       1
       0
       0
       2
       0
       0
       0
       1
       1
       0
       2
       0
       2
       0
       0
       1
       2
       0
       2
       0
       0
       0
       1
       0
       0
       0
       0
       0
       1
       0
       1
       0
       0
       3
       1
       1
       1
       1
       1
       0
       0
       1
       1
       1
       0
       0
       1
       0
       1
       2
       0
       0
       0
       1
       0
       0
       1
       1
       1
       2
       0
       1
       0
       2
       1
       0
       1
       0
       0
       0
       0
       0
       1
       0
       1
       0
       0
       0
       2
       1
       0
       1
       1
       0
       0
       0
       0
       0
       2
       1
       2
       0
       1
       1
       2
       0
       2
       1
       0
       0
       1
       1
       0
       1
       1
       0
       0
       1
       0
       1
       1
       0
       2
       0
       1
       0
       0
       1
       1
       0
       0
       0
       0
       0
       1
       1
       0
       3
       1
       0
       0
       0
       0
       0
       0
       1
       1
       0
       0
       0
       1
       0
       0
       2
       0
       0
       1
       0
       2
       0
       0
       2
       1
       2
       0
       1
       1
       2
       0
       1
       1
       2
       2
       2
       1
       0
       0
       1
       0
       1
       1
       0
       0
       0
       0
       2
       0
       0
       1
       0
       3
       1
       0
       0
       1
       0
       2
       0
       0
       1
       0
       1
       0
       1
       0
       1
       1
       0
       0
       1
       0
       2
       0
       1
       1
       1
       0
       1
       0
       1
       0
       0
       1
       2
       0
       2
       2
       1
       1
       0
       0
       0
       0
       0
       0
       0
       0
       0
       0
       0
       3
       1
       0
       0
       0
       1
       1
       1
       0
       1
       4
       0
       1
       1
       2
       0
       0
       0
       0
       0
       1
       1
       2
       0
       1
       0
       1
       0
       0
       0
       0
       0
       0
       0
       1
       2
       0
       0
       0
       1
       0
       2
       0
       0
       0
       1
       0
       0
       1
       0
       0
       2
       0
       0
       1
       0
       0
       0
       0
       1
       1
       0
       0
       0
       1
       1
       1
       0
       0
       0
       1
       0
       0
       1
       0
       2
       0
       0
       0
       0
       0
       2
       0
       0
       0
       0
       1
       2
       0
       1
       0
       2
       0
       1
       0
       1
       0
       0
       1
       1
       0
       0
       0
       0
       0
       1
       1
       0
       1
       0
       2
       0
       0
       0
       0
       0
       0
       1
       1
       0
       2
       4
       1
       0
       0
       1
       0
       0
       0
       1
       0
       0
       1
       0
       0
       1
       0
       1
       0
       2
       0
       0
       0
       0
       1
       0
       1
       0
       1
       1
       0
       0
       2
       3
       0
       1
       1
       0
       2
       0
       0
       1
       0
       1
       0
       0
       1
       0
       0
       0
       0
       3
       1
       0
       0
       0
       0
       0
       0
       2
       1
       0
       1
       1
       0
       0
       0
       0
       0
       0
       0
       0
       0
       0
       0
       0
       0
       0
       0
       0
       0
       0
       1
       0
       0
       0
       1
       1
       0
       0
       1
       0
       0
       0
       1
       0
       1
       0
       1
       1
       0
       0
       0
       0
       0
       0
       1
       0
       0
       0
       0
       0
       0
       0
       0
       0
       1
       0
       1
       1
       0
       0
       1
       1
       1
       1
       0
       1
       0
       0
       0
       0
       2
       0
       0
       0
       0
       0
       1
       0
       0
       0
       0
       0
       3
       1
       0
       1
       0
       1
       1
       1
       0
       0
       0
       0
       1
       0
       0
       0
       1
       0
       1
       0
       0
       0
       0
       0
       0
       0
       0
       0
       0
       0
       2
       1
       0
       1
       0
       0
       0
       1
       0
       2
       0
       0
       0
       0
       0
       0
       0
       0
       1
       1
       0
       1
       1
       1
       1
       2
       0
       0
       0
       1
       0
       0
       0
       0
       0
       0
       0
       0
       1
       0
       0
       0
       0
       0
       1
       0
       0
       0
       1
       0
       0
       0
       1
       0
       0
       0
       0
       0
       0
       0
       0
       1
       0
       0
       0
       0
       0
       1
       0
       0
       0
       0
       0
       0
       1
       1
       0
       0
       0
       1
       0
       0
       0
       1
       0
       0
       1
       0
       0
       0
       0
       0
       1
       1
       0
       0
       0
       1
       0
       0
       0
       1
       0
       0
       0
       1
       0
       0
       0
       0
       0
       0
       0
       0
       0
       0
       1
       0
       0
       0
       0
       0
       1
       0
       0
       0
       1
       0
       0
       0
       0
       0
       1
       0
       0
       0
       0
       2
       1
       1
       0
       0
       0
       0
       1
       0
       2
       1
       0
       0
       0
       0
       2
       1
       1
       0
       0
       0
       1
       0
       0
       2
       0
       0
       0
       0
       1
       0
       0
       0
       0
       0
       1
       1
       1
       0
       0
       1
       1
       0
       0
       0
       0
       2
       2
       0
       2
       1
       0
       0
       0
       0
       0
       0
       0
       2
       0
       1
       0
       0
       0
       0
       0
       2
       0
       0
       0
       0
       0
       0
       0
       1
       0
       1
       0
       0
       1
       0
       0
       0
       1
       0
       0
       0
       0
       0
       0
       0
       0
       0
       0
       0
       0
       1
       0
       1
       0
       0
       0
       0
       0
       3
       0
       0
       0
       1
       0
       0
       0
       0
       0
       0
       0
       0
       0
       0
       0
       1
       1
       0
       0
       1
       0
       1
       0
       0
       0
       0
       0
       1
       1
       0
       0
       0
       0
       0
       1
       0
       0
       0
       0
       2
       0
       1
       0
       0
       2
       1
       0
       1
       1
       0
       0
       0
       0
       0
       0
       0
       1
       0
       0
       0
       0
       0
       0
       1
       0
       0
       1
       0
       0
       1
       1
       0
       0
       0
       1
       0
       0
       1
       0
       0
       1
       0
       1
       0
       1
       0
       1
       0
       0
       0
       0
       0
       0
       1
       1
       2
       0
       0
       0
       1
       0
       1
       0
       0
       0
       0
       0
       1
       0
       0
       0
       0
       0
       0
       0
       0
       0
       0
       1
       0
       0
       0
       0
       1
       0
       0
       0
       0
       0
       0
       0
       0
       0
       2
       0
       0
       1
       0
       1
       1
       0
       0
       0
       1
       0
       0
       0
       1
       0
       0
       0
       0
       0
       0
       1
       0
       0
       0
       0
       0
       0
       0
       0
       0
       0
       0
       2
       0
       1
       1
       0
       0
       0
       0
       0
       1
       0
       0
       0
       0
       0
       0
       0
       0
       0
       0
       0
       1
       0
       1
       0
       0
       0
       0
       0
       1
       0
       0
       0
       0
       0
       0
       0
       0
       0
       0
       0
       0
       0
       1
       0
       2
       0
       0
       0
       0
       1
       0
       1
       0
       0
       0
       0
       0
       1
       0
       0
       1
       0
       0
       0
       1
       0
       0
       0
       0
       0
       0
       0
       0
       1
       0
       0
       0
       0
       0
       0
       0
       0
       0
       0
       0
       0
       0
       0
       1
       0
       2
       0
       0
       0
       0
       0
       0
       0
       0
       0
       0
       0
       0
       0
       0
       0
       0
       1
       0
       0
       0
       0
       1
       0
       1
       0
       1
       0
       0
       0
       1
       0
       0
       0
       0
       0
       0
       0
       0
       0
       0
       0
       0
       0
       0
       0
       0
       0
       1
       0
       0
       1
       0
       0
       0
       1
       1
       0
       0
       1
       0
       1
       1
       1
       0
       0
       1
       0
       0
       0
       0
       0
       1
       1
       0
       1
       0
       0
       0
       0
       0
       1
       0
       0
       0
       1
       0
       0
       0
       0
       2
       1
       0
       0
       0
       0
       0
       0
       0
       0
       0
       0
       0
       0
       0
       0
       0
       0
       0
       1
       0
       1
       0
       0
       0
       0
       1
       1
       0
       0
       0
       0
       0
       0
       0
       0
       0
       0
       0
       0
       1
       0
       0
       1
       0
       0
       0
       0
       0
       0
       0
       0
       0
       2
       0
       0
       0
       0
       0
       0
       0
       0
       2
       0
       0
       0
       0
       0
       0
       0
       0
       0
       0
       0
       0
       0
       0
       0
       0
       0
       1
       0
       0
       0
       0
       0
       0
       0
       0
       0
       0
       0
       0
       0
       0
       0
       1
       0
       0
       0
       0
       0
       0
       0
       0
       0
       0
       0
       0
       0
       0
       0
       0
       0
       0
       1
       1
       0
       0
       1
       0
       0
       0
       0
       0
       0
       0
       0
       0
       0
       0
       0
       0
       0
       0
       0
       0
       1
       0
       0
       0
       0
       1
       1
       0
       0
       0
       0
       0
       0
       0
       0
       0
       2
       0
       0
       0
       0
       0
       0
       1
       0
       1
       0
       0
       0
       0
       0
       0
       0
       0
       0
       0
       1
       1
       0
       0
       1
       0
       1
       0
       0
       0
       0
       0
       0
       0
       0
       1
       0
       0
       1
       0
       0
       0
       0
       0
       0
       0
       0
       2
       0
       0
       1
       0
       0
       0
       1
       0
       1
       0
       0
       0
       0
       0
       0
       1
       0
       0
       2
       1
       1
       0
       0
       0
       0
       0
       0
       1
       0
       1
       0
       0
       0
       0
       0
       0
       0
       0
       0
       0
       0
       0
       0
       0
       0
       0
       0
       0
       0
       0
       0
       0
       0
       0
       0
       0
       0
       0
       0
       0
       0
       1
       0
       0
       0
       0
       1
       0
       1
       0
       0
       0
       0
       0
       0
       0
       0
       0
       0
       0
       0
       0
       0
       0
       0
       0
       0
       0
       1
       0
       0
       0
       0
       0
       0
       0
       0
       0
       0
       0
       0
       0
       0
       0
       0
       0
       1
       0
       0
       0
       0
       0
       0
       0
       0
       1
       0
       0
       0
       0
       0
       0
       0
       0
       0
       0
       0
       0
       0
       0
       0
       0
       0
       0
       0
       0
       0
       0
       1
       0
       2
       0
       0
       0
       0
       0
       0
       0
       0
       0
       1
       0
       0
       0
       1
       0
       0
       0
       1
       0
       0
       0
       0
       0
       0
       0
       1
       0
       0
       0
       0
       0
       0
       0
       0
       0
       0
       0
       0
       0
       0
       0
       0
       0
       0
       0
       0
       0
       0
       0
       0
       0
       0
       0
       0
       0
       0
       0
       0
       0
       0
       0
       0
       0
       0
       0
       0
       0
       0
       0
       0
       0
       0
       0
       0
       0
       0
       0
       0
       0
       0
       0
       0
       1
       0
       0
       0
       0
       0
       0
       1
       0
       0
       0
       0
       0
       0
       0
       0
       0
       0
       0
       0
       0
       0
       1
       0
       0
       0
       0
       0
       0
       1
       0
       0
       0
       0
       0
       0
       2
       0
       0
       1
       1
       0
       0
       0
       0
       0
       0
       0
       0
       0
       0
       0
       0
       0
       0
       0
       0
       0
       0
       0
       0
       0
       0
       0
       0
       0
       0
       1
       1
       0
       0
       0
       0
       0
       0
       0
       0
       0
       0
       0
       0
       0
       0
       0
       0
       0
       0
       0
       1
       0
       0
       0
       0
       0
       0
       0
       0
       0
       0
       0
       0
       0
       0
       0
       0
       0
       0
       0
       0
       0
       0
       1
       0
       1
       0
       0
       0
       0
       0
       0
       0
       0
       0
       0
       0
       0
       0
       0
       0
       0
       0
       0
       2
       0
       0
       0
       0
       0
       0
       0
       0
       0
       0
       0
       0
       0
       0
       0
       1
       0
       0
       0
       0
       0
       0
       0
       0
       0
       0
       0
       0
       0
       0
       0
       0
       0
       0
       0
       0
       0
       0
       0
       0
       0
       0
       0
       0
       0
       0
       0
       0
       0
       0
       0
       0
       0
       0
       0
       0
       0
       0
       0
       0
       0
       0
       0
       0
       0
       1
       0
       0
       0
       0
       0
       0
       1
       0
       0
       0
       0
       0
       0
       0
       0
       0
       0
       0
       1
       0
       0
       0
       0
       0
       0
       0
       0
       0
       0
       0
       0
       0
       0
       0
       0
       0
       0
       0
       0
       1
       0
       0
       0
       0
       0
       0
       0
       0
       0
       0
       0
       0
       0
       0
       0
       0
       1
       1
       0
       0
       0
       0
       0
       0
       0
       0
       0
       0
       0
       0
       0
       0
       0
       0
       1
       0
       0
       0
       0
       0
       0
       0
       0
       0
       1
       0
       0
       0
       1
       0
       0
       0
       0
       0
       0
       0
       0
       0
       0
       0
       0
       0
       0
       1
       0
       0
       0
       0
       0
       1
       0
       0
       0
       0
       0
       0
       0
       0
       0
       1
       0
       0
       0
       0
       0
       0
       0
       0
       0
       0
       0
       1
       0
       0
       0
       0
       0
       0
       0
       0
       0
       0
       0
       0
       0
       0
       0
       0
       0
       1
       0
       0
       0
       0
       0
       0
       0
       0
       0
       0
       0
       0
       0
       0
       0
       0
       0
       0
       0
       0
       1
       0
       1
       0
       0
       0
       0
       0
       0
       0
       0
       0
       0
       0
       0
       0
       0
       0
       0
       0
       0
       0
       0
       0
       0
       0
       0
       0
       0
       0
       0
       0
       1
       0
       0
       0
       0
       0
       0
       0
       0
       0
       0
       0
       0
       0
       0
       0
       0
       0
       0
       0
       0
       1
       0
       0
       0
       0
       0
       0
       0
       0
       0
       0
       0
       0
       0
       0
       0
       0
       0
       0
       0
       1
       0
       0
       0
       0
       0
       0
       0
       0
       0
       1
       0
       0
       0
       0
       0
       0
       0
       0
       0
       0
       0
       0
       1
       0
       0
       0
       0
       0
       0
       0
       0
       0
       0
       0
       0
       0
       0
       0
       0
       0
       0
       0
       0
       1
       0
       0
       0
       0
       0
       0
       0
       0
       0
       0
       0
       0
       0
       0
       0
       0
       0
       0
       0
       0
       0
       0
       0
       0
       0
       0
       0
       0
       0
       0
       0
       0
       0
       0
       0
       0
       0
       0
       0
       0
       0
       0
       0
       0
       0
       0
       0
       0
       0
       0
       0
       0
       0
       0
       0
       0
       0
       0
       0
       0
       0
       0
       0
       0
       0
       0
       0
       0
       0
       0
       0
       1
       0
       0
       0
       0
       0
       0
       0
       0
       0
       0
       0
       0
       0
       0
       0
       0
       0
       0
       0
       0
       0
       0
       0
       0
       0
       0
       0
       0
       0
       1
       0
       1
       0
       0
       0
       0
       0
       0
       0
       0
       0
       0
       0
       0
       0
       0
       0
       0
       0
       0
       0
       0
       0
       0
       0
       0
       0
       0
       0
       0
       0
       0
       0
       0
       0
       0
       0
       0
       0
       0
       0
       0
       0
       0
       0
       0
       0
       0
       0
       0
       0
       0
       0
       0
       0
       0
       0
       0
       0
       0
       0
       0
       0
       0
       0
       0
       0
       0
       0
       0
       0
       0
       0
       2
       0
       0
       0
       0
       0
       0
       0
       0
       0
       0
       0
       0
       0
       0
       0
       0
       0
       0
       0
       0
       0
       0
       0
       0
       0
       0
       0
       0
       0
       0
       0
       0
       0
       0
       0
       0
       0
       0
       0
       0
       0
       0
       0
       0
       0
       0
       0
       0
       0
       0
       0
       0
       0
       0
       0
       0
       0
       0
       0
       0
       0
       0
       0
       0
       0
       0
       0
       0
       0
       0
       0
       0
       0
       0
       0
       0
       0
       0
       0
       0
       0
       0
       0
       0
       0
       0
       0
       0
       0
       0
       0
       0
       0
       0
       0
       0
       0
       0
       0
       0
       0
       0
       0
       0
       0
       0
       0
       0
       0
       0
       0
       0
       1
       0
       0
       0
       0
       0
       0
       0
       0
       0
       0
       0
       0
       0
       0
       0
       0
       0
       0
       0
       0
       0
       0
       0
       0
       0
       0
       0
       0
       0
       0
       0
       0
       0
       0
       0
       0
       0
       0
       0
       0
       0
       0
       0
       0
       0
       0
       0
       0
       0
       0
       0
       0
       0
       0
       0
       0
       0
       1
       0
       0
       0
       0
       0
       0
       0
       0
       0
       0
       0
       0
       0
       0
       0
       0
       0
       0
       0
       0
       0
       0
       1
       0
       0
       0
       0
       0
       0
       0
       0
       0
       0
       0
       0
       0
       0
       0
       0
       0
       0
       0
       0
       0
       0
       0
       0
       0
       1
       0
       0
       0
       0
       0
       0
       0
       0
       0
       0
       0
       0
       0
       0
       0
       0
       0
       0
       0
       0
       0
       0
       0
       0
       0
       0
       0
       0
       0
       0
       0
       0
       0
       0
       0
       0
       0
       0
       0
       0
       0
       0
       0
       0
       0
       0
       0
       0
       0
       0
       0
       0
       0
       0
       0
       0
       0
       0
       0
       0
       0
       0
       1
       0
       0
       0
       0
       0
       0
       0
       0
       0
       0
       0
       0
       0
       0
       0
       0
       0
       0
       0
       0
       0
       0
       0
       0
       0
       0
       0
       0
       0
       0
       0
       0
       0
       0
       0
       0
       0
       0
       0
       0
       0
       0
       0
       0
       0
       0
       0
       0
       0
       0
       0
       0
       0
       0
       0
       0
       0
       0
       0
       0
       0
       0
       0
       0
       0
       0
       0
       0
       0
       0
       0
       0
       0
       0
       0
       0
       0
       0
       0
       0
       0
       0
       0
       0
       0
       0
       0
       0
       0
       0
       0
       0
       0
       0
       0
       0
       0
       0
       0
       0
       0
       0
       0
       0
       0
       0
       0
       0
       0
       0
       0
       1
       0
       0
       0
       0
       0
       0
       0
       0
       0
       0
       0
       0
       0
       0
       0
       0
       0
       0
       0
       0
       0
       0
       0
       0
       0
       0
       0
       0
       0
       0
       0
       0
       0
       0
       0
       0
       0
       0
       0
       0
       0
       0
       0
       0
       0
       0
       0
       1
       0
       0
       0
       0
       0
       0
       0
       0
       0
       0
       0
       0
       0
       0
       0
       0
       0
       0
       0
       0
       0
       0
       0
       0
       0
       0
       0
       0
       0
       0
       0
       0
       0
       0
       0
       0
       0
       0
       0
       0
       0
       0
       0
       0
       0
       0
       0
       0
       0
       0
       0
       0
       0
       0
       0
       0
       0
       0
       0
       0
       0
       0
       0
       0
       0
       0
       0
       0
       0
       0
       0
       0
       0
       0
       0
       0
       0
       0
       0
       0
       0
       0
       0
       0
       0
       0
       0
       0
       0
       0
       0
       0
       0
       0
       0
       0
       0
       0
       0
       0
       0
       0
       0
       0
       0
       0
       0
       0
       0
       0
       0
       0
       0
       1
       0
       0
       0
       0
       0
       0
       0
       0
       0
       0
       0
       0
       0
       0
       0
       0
       0
       0
       0
       0
       0
       0
       0
       0
       0
       0
       0
       0
       0
       0
       0
       0
       0
       0
       0
       0
       0
       0
       0
       0
       0
       0
       0
       0
       0
       0
       0
       0
       0
       0
       0
       0
       0
       0
       0
       0
       0
       0
       0
       0
       0
       0
       0
       0
       0
       0
       0
       0
       0
       0
       0
       0
       0
       0
       0
       0
       0
       0
       0
       0
       0
       0
       0
       0
       0
       0
       0
       0
       0
       0
       0
       0
       0
       0
       0
       0
       0
       0
       0
       0
       0
       0
       0
       0
       0
       0
       0
       0
       0
       0
       0
       0
       0
       0
       0
       0
       0
       0
       0
       0
       0
       0
       0
       0
       0
       0
       0
       0
       0
       0
       0
       0
       0
       0
       0
       0
       0
       0
       0
       0
       0
       1
       0
       0
       0
       0
       0
       0
       0
       0
       0
       0
       0
       0
       0
       0
       0
       0
       0
       0
       0
       0
       0
       0
       0
       0
       0
       0
       0
       0
       0
       0
       0
       0
       0
       0
       0
       0
       0
       0
       0
       0
       0
       0
       0
       0
       0
       0
       0
       0
       0
       0
       0
       0
       0
       0
       0
       0
       0
       0
       0
       0
       0
       0
       0
       0
       0
       0
       0
       0
       0
       0
       0
       0
       0
       0
       0
       0
       0
       0
       0
       0
       0
       0
       0
       0
       0
       0
       0
       0
       0
       0
       0
       0
       0
       0
       0
       0
       0
       0
       0
       0
       0
       0
       0
       0
       0
       0
       0
       0
       0
       0
       0
       0
       0
       0
       0
       0
       0
       0
       0
       0
       0
       0
       0
       0
       0
       0
       0
       0
       0
       0
       0
       0
       0
       0
       0
       0
       0
       0
       0
       0
       0
       0
       0
       0
       0
       0
       0
       0
       0
       0
       0
       0
       0
       0
       0
       0
       0
       0
       0
       0
       0
       0
       0
       0
       0
       0
       0
       0
       0
       0
       0
       0
       0
       0
       0
       0
       0
       0
       0
       0
       0
       0
       0
       0
       0
       0
       0
       0
       0
       0
       0
       0
       0
       0
       0
       0
       0
       0
       0
       0
       0
       0
       0
       0
       0
       0
       0
       0
       0
       0
       0
       0
       0
       0
       0
       0
       0
       0
       0
       0
       0
       0
       0
       0
       0
       0
       0
       0
       0
       0
       0
       0
       0
       0
       0
       0
       0
       0
       0
       0
       0
       0
       0
       0
       0
       0
       0
       0
       0
       0
       0
       0
       0
       0
       0
       0
       0
       0
       0
       0
       0
       0
       0
       0
       0
       0
       0
       0
       0
       0
       0
       0
       0
       0
       0
       0
       0
       0
       0
       0
       0
       0
       0
       0
       0
       0
       0
       0
       0
       0
       0
       0
       0
       0
       0
       0
       0
       0
       0
       0
       0
       0
       0
       0
       0
       0
       0
       0
       0
       0
       0
       0
       0
       0
       0
       0
       0
       0
       0
       0
       0
       0
       0
       0
       0
       0
       0
       0
       0
       0
       0
       0
       0
       0
       0
       0
       0
       0
       0
       0
       0
       0
       0
       0
       0
       0
       0
       0
       0
       0
       0
       0
       0
       0
       0
       0
       0
       0
       0
       0
       0
       0
       0
       0
       0
       0
       0
       0
       0
       0
       0
       0
       0
       0
       0
       0
       0
       0
       0
       0
       0
       0
       0
       0
       0
       0
       0
       0
       0
       0
       0
       0
       0
       0
       0
       0
       0
       0
       0
       0
       0
       0
       0
       0
       0
       0
       0
       0
       0
       0
       0
       0
       0
       0
       0
       0
       0
       0
       0
       0
       0
       0
       0
       0
       0
       0
       0
       0
       0
       0
       0
       0
       0
       0
       0
       0
       0
       0
       0
       0
       0
       0
       0
       0
       0
       0
       0
       0
       0
       0
       0
       0
       0
       0
       0
       0
       0
       0
       0
       0
       0
       0
       0
       0
       0
       0
       0
       0
       0
       0
       0
       0
       0
       0
       0
       0
       0
       0
       0
       0
       0
       0
       0
       0
       0
       0
       0
       0
       0
       0
       0
       0
       0
       0
       0
       0
       0
       0
       0
       0
       0
       0
       0
       0
       0
       0
       0
       0
       0
       0
       0
       0
       0
       0
       0
       0
       0
       0
       0
       0
       0
       0
       0
       0
       0
       0
       0
$ROI:
0
$PRESETS:
Live Time
120
0
$ENER_FIT:
0.178514 0.383929
$MCA_CAL:
3
1.785139E-001 3.839286E-001 2.413564E-008 keV
$SHAPE_CAL:
3
2.796753E+000 1.153632E-003 5.418940E-008
