 probability of flux obtained by MIEKE
           1           1
           1          26          26   189373.7    
   169207.2      0.0000000E+00  0.0000000E+00
   169982.9      1.0000000E-06  1.0000000E-06
   170758.5      1.2040000E-05  1.2040000E-05
   171534.2      7.6680000E-05  7.6680000E-05
   172309.8      4.5836001E-04  4.5836001E-04
   173085.4      2.0128000E-03  2.0128000E-03
   173861.0      7.2303601E-03  7.2303601E-03
   174636.7      2.0880179E-02  2.0880179E-02
   175412.3      4.8265159E-02  4.8265159E-02
   176188.0      9.0426363E-02  9.0426363E-02
   176963.6      0.1367595      0.1367595    
   177739.2      0.1692736      0.1692736    
   178514.8      0.1716746      0.1716746    
   179290.5      0.1441007      0.1441007    
   180066.1      0.1008354      0.1008354    
   180841.8      5.9392501E-02  5.9392501E-02
   181617.4      2.9639980E-02  2.9639980E-02
   182393.0      1.2537340E-02  1.2537340E-02
   183168.6      4.5349798E-03  4.5349798E-03
   183944.3      1.4072800E-03  1.4072800E-03
   184719.9      3.7302001E-04  3.7302001E-04
   185495.5      8.6139997E-05  8.6139997E-05
   186271.2      1.7880000E-05  1.7880000E-05
   187046.8      3.4400000E-06  3.4400000E-06
   187822.4      6.4000000E-07  6.4000000E-07
   188598.1      4.0000000E-08  4.0000000E-08
