0.25 1.34481e+06 
0.75 3.30546e+06 
1.25 8.07427e+06 
1.75 1.45082e+07 
2.25 1.58674e+07 
2.75 1.70749e+07 
3.25 1.89947e+07 
3.75 1.94328e+07 
4.25 1.99567e+07 
4.75 2.13108e+07 
5.25 2.24201e+07 
5.75 2.29054e+07 
6.25 2.27545e+07 
6.75 2.21348e+07 
7.25 2.11237e+07 
7.75 2.01784e+07 
8.25 1.9525e+07 
8.75 1.89421e+07 
9.25 1.78032e+07 
9.75 1.6162e+07 
10.25 1.44535e+07 
10.75 1.28608e+07 
11.25 1.14215e+07 
11.75 1.01557e+07 
12.25 9.07824e+06 
12.75 8.16221e+06 
13.25 7.35282e+06 
13.75 6.59071e+06 
14.25 5.82477e+06 
14.75 5.02388e+06 
15.25 4.18378e+06 
15.75 3.33059e+06 
16.25 2.51865e+06 
16.75 1.8085e+06 
17.25 1.23927e+06 
17.75 817849 
18.25 525828 
18.75 333177 
19.25 209834 
19.75 131947 
