0.5625 33284.96 30190.4122293
0.6875 5321.296 4794.21896985
0.8125 4211.2 3714.07959578
0.9375 7439.0 6391.74972675
1.0625 16303.04 11686.9539598
1.1875 26754.0 15221.9817271
1.3125 23296.96 15317.6462625
1.4375 17456.0 13068.4262252
1.5625 16414.0 12285.4664081
1.6875 17568.96 13175.8878002
1.8125 16048.0 12839.7160188
1.9375 19086.0 14930.6683704
2.0625 23070.0 17615.8537897
2.1875 32886.0 21949.5555993
2.3125 24138.0 18673.0152532
2.4375 18788.96 15861.3251998
2.5625 25496.96 20116.7447897
2.6875 37540.96 25989.170644
2.8125 31316.0 24298.4578887
2.9375 32463.04 25324.9641074
3.0625 32482.0 24989.9092547
3.1875 40715.04 29976.8167921
3.3125 50836.96 34417.5856774
3.4375 40318.0 30426.340832
3.5625 31276.0 25308.6632305
3.6875 29420.0 24591.2807931
3.8125 36432.96 28546.574965
3.9375 46614.0 33602.9637631
4.0625 37179.04 29202.4413635
4.1875 33760.96 27044.2632036
4.3125 35196.96 27848.9872451
4.4375 35491.04 27540.7059279
4.5625 29396.96 24508.5808105
4.6875 36188.0 27712.4265206
4.8125 41108.0 29990.1628689
4.9375 30035.04 24595.5833266
5.0625 27886.0 23186.3231333
5.1875 26083.04 21274.2243227
5.3125 30884.96 24073.360151
5.4375 25044.0 20813.5508184
5.5625 23898.96 20073.4363512
5.6875 24954.0 20868.3904043
5.8125 26612.96 21912.9673848
5.9375 32782.0 25965.8204085
6.0625 32332.0 25381.80419
6.1875 35306.0 26742.4134324
6.3125 34728.0 26151.4242336
6.4375 21426.0 17446.0631482
6.5625 17380.0 14655.7944601
6.6875 17015.04 13972.8228998
6.8125 16014.0 13175.5169025
6.9375 13084.96 10936.1515147
7.0625 11155.04 9728.85124809
7.1875 9287.92 8248.95396198
7.3125 7677.496 6859.24187919
7.4375 6884.4 6037.4101582
7.5625 6451.296 5664.67992451
7.6875 6433.4 5633.62482144
7.8125 6222.4 5516.65190989
