0.625 0.00826939567449 0.00710141361208
0.875 0.00494688053331 0.00403532147006
1.125 0.0313694470961 0.0107700391235
1.375 0.0306815327907 0.0124749870237
1.625 0.0228828591228 0.0126247922057
1.875 0.0201991611773 0.0138047245378
2.125 0.042586888431 0.0179866568167
2.375 0.0255734916882 0.0177657239858
2.625 0.0441041832901 0.0227839976881
2.875 0.0444079196467 0.0262993493825
3.125 0.052349446487 0.0276628215038
3.375 0.0693334404409 0.0306853812497
3.625 0.0326357087107 0.0242634448735
3.875 0.0571801027888 0.0301054630134
4.125 0.0521705332906 0.0308278675885
4.375 0.0478530388698 0.028722442966
4.625 0.0452761340725 0.0277397659451
4.875 0.0545283040954 0.0291756656312
5.125 0.0375357112127 0.0247698252678
5.375 0.0360461548336 0.0232260866109
5.625 0.0299076291971 0.0214218281745
5.875 0.0408241080234 0.0259010055443
6.125 0.0522648441228 0.0276923915645
6.375 0.0391237391959 0.0227477973052
6.625 0.0222462610055 0.0154741594291
6.875 0.0200951418771 0.0130172896972
7.125 0.0134646465582 0.0103770860394
7.375 0.00830490092897 0.00664779872081
7.625 0.00706898521156 0.00567856989691
7.875 0.00676940962695 0.00552530064986
