 probability of flux obtained by MIEKE
           1           1
           1          63          63   220043.9    
   169478.3      0.0000000E+00  0.0000000E+00
   170280.9      1.2000000E-07  1.2000000E-07
   171083.5      1.6000000E-07  1.6000000E-07
   171886.1      1.5400000E-06  1.5400000E-06
   172688.8      1.3600000E-05  1.3600000E-05
   173491.4      7.8559999E-05  7.8559999E-05
   174294.0      3.7739999E-04  3.7739999E-04
   175096.7      1.4487400E-03  1.4487400E-03
   175899.3      4.4914600E-03  4.4914600E-03
   176701.9      1.1608060E-02  1.1608060E-02
   177504.5      2.4815699E-02  2.4815699E-02
   178307.2      4.4223242E-02  4.4223242E-02
   179109.8      6.6647500E-02  6.6647500E-02
   179912.4      8.6803198E-02  8.6803198E-02
   180715.1      9.8412097E-02  9.8412097E-02
   181517.7      0.1000072      0.1000072    
   182320.3      9.3988620E-02  9.3988620E-02
   183123.0      8.3218582E-02  8.3218582E-02
   183925.6      7.1079299E-02  7.1079299E-02
   184728.2      5.9695158E-02  5.9695158E-02
   185530.8      4.9353682E-02  4.9353682E-02
   186333.5      4.0618282E-02  4.0618282E-02
   187136.1      3.3214081E-02  3.3214081E-02
   187938.7      2.6925500E-02  2.6925500E-02
   188741.4      2.1737700E-02  2.1737700E-02
   189544.0      1.7464761E-02  1.7464761E-02
   190346.6      1.3959040E-02  1.3959040E-02
   191149.2      1.1123300E-02  1.1123300E-02
   191951.9      8.9007998E-03  8.9007998E-03
   192754.5      7.0135999E-03  7.0135999E-03
   193557.1      5.4993201E-03  5.4993201E-03
   194359.8      4.2545199E-03  4.2545199E-03
   195162.4      3.2764999E-03  3.2764999E-03
   195965.0      2.4774401E-03  2.4774401E-03
   196767.7      1.8778400E-03  1.8778400E-03
   197570.3      1.4023200E-03  1.4023200E-03
   198372.9      1.0522200E-03  1.0522200E-03
   199175.5      7.8747998E-04  7.8747998E-04
   199978.2      5.8083999E-04  5.8083999E-04
   200780.8      4.2456001E-04  4.2456001E-04
   201583.4      3.0315999E-04  3.0315999E-04
   202386.1      2.2286001E-04  2.2286001E-04
   203188.7      1.7172001E-04  1.7172001E-04
   203991.3      1.3207999E-04  1.3207999E-04
   204794.0      9.7839998E-05  9.7839998E-05
   205596.6      6.9380003E-05  6.9380003E-05
   206399.2      4.7840000E-05  4.7840000E-05
   207201.8      2.8820001E-05  2.8820001E-05
   208004.5      2.4520001E-05  2.4520001E-05
   208807.1      1.2620000E-05  1.2620000E-05
   209609.7      9.3400004E-06  9.3400004E-06
   210412.4      6.4000001E-06  6.4000001E-06
   211215.0      4.0999998E-06  4.0999998E-06
   212017.6      6.1599999E-06  6.1599999E-06
   212820.2      3.1600000E-06  3.1600000E-06
   213622.9      2.1400001E-06  2.1400001E-06
   214425.5      8.3999998E-07  8.3999998E-07
   215228.1      8.2000003E-07  8.2000003E-07
   216030.8      9.7999998E-07  9.7999998E-07
   216833.4      4.6000000E-07  4.6000000E-07
   217636.0      5.8000001E-07  5.8000001E-07
   218438.6      1.4000000E-07  1.4000000E-07
   219241.3      2.0000000E-08  2.0000000E-08
