$SPEC_ID:
Pulser
$SPEC_REM:
DET# 2
DETDESC# DETECTOR 2
AP# GammaVision Version 7.01.03
$DATE_MEA:
03/29/2017 18:54:43
$MEAS_TIM:
369 392
$DATA:
0 8191
       0
       0
       0
       0
       0
       0
       0
       0
       0
       0
       0
       0
       0
       0
       0
       0
       0
       0
       0
       0
       0
       0
       0
      47
    2028
    1961
    1218
    1078
     913
     918
     945
     912
     951
     994
     946
    1012
     978
     988
     921
     919
     938
     961
     983
     984
     951
     978
     932
    1022
    1037
    1065
    1036
     996
    1101
    1077
    1161
    1086
    1156
    1159
    1099
    1173
    1099
    1171
    1208
    1225
    1271
    1321
    1328
    1410
    1389
    1266
    1487
    1653
    2131
    2865
    3725
    4792
    5337
    4817
    4025
    4184
    5737
    6926
    6418
    4709
    3699
    3618
    4481
    5510
    6715
    7802
    8164
    8456
    8300
    7788
    7572
    7338
    8182
   14427
   35930
   83003
  143983
  180863
  156579
   92485
   37679
   12544
    5518
    4889
    5144
    5030
    4233
    3963
    7379
   18569
   34241
   42328
   35400
   24016
   16428
   10359
    5352
    2545
    1740
    1721
    1589
    1328
    1158
    1045
    1093
     891
     926
     886
     932
     901
     910
     868
     909
     876
     868
     893
     857
     916
     913
     876
     824
     931
     882
     863
     852
     897
     904
     946
     934
     873
     977
     964
     937
     941
     938
     876
     905
     959
     959
     952
     941
    1024
    1014
     922
    1007
     994
    1026
     952
    1067
    1072
    1153
    1172
    1191
    1290
    1318
    1214
    1191
    1386
    1561
    1812
    1790
    1612
    1444
    1627
    1952
    2333
    2273
    1960
    1681
    1623
    1507
    1490
    1561
    1632
    2125
    3117
    4421
    5884
    6372
    5387
    3894
    2419
    1822
    1527
    1496
    1572
    1669
    1894
    2127
    2661
    3405
    4034
    4199
    3559
    3016
    2477
    2057
    1735
    1604
    1357
    1396
    1304
    1402
    1303
    1509
    1540
    1515
    1476
    1299
    1388
    1274
    1238
    1157
    1157
    1148
    1127
    1058
    1110
    1077
    1058
    1050
    1019
    1125
    1074
    1071
    1086
    1055
    1069
    1071
    1071
    1053
    1035
    1015
    1007
    1019
    1098
    1056
    1064
    1071
    1062
    1113
    1120
    1067
    1007
    1065
    1091
    1029
    1072
    1051
    1039
    1077
    1123
    1029
    1048
    1029
    1087
    1082
    1144
    1147
    1173
    1191
    1086
    1086
    1106
    1088
    1156
    1120
    1158
    1128
    1039
    1009
    1066
    1097
    1089
    1126
    1078
    1051
    1158
    1336
    2171
    6662
   20220
   44416
   70000
   78070
   60944
   33911
   13793
    5090
    2128
    1353
    1135
    1082
     985
    1035
    1051
     961
    1009
     983
     956
    1034
     973
     967
     950
     982
     919
     953
     921
     931
     867
     898
     917
     904
     889
     918
     891
     859
     847
     953
     866
     865
     921
     844
     875
     913
     881
     875
     855
     811
     903
     843
     911
     870
     874
     903
     913
     883
     911
     845
     925
     862
     875
     874
     899
     927
     956
    1009
     987
    1103
    1058
    1024
    1023
    1063
    1053
    1063
    1057
    1112
    1260
    1250
    1274
    1157
    1241
    1205
    1246
    1302
    1250
    1192
    1160
    1183
    1218
    1286
    1335
    1378
    1462
    1430
    1418
    1474
    1376
    1446
    1654
    2277
    3678
    6122
    8700
    9963
    9280
    6607
    3914
    2062
    1377
    1084
    1064
    1061
    1048
    1241
    1520
    2116
    2701
    2876
    2761
    2298
    1861
    1505
    1264
    1081
     989
     930
     906
     884
     900
     890
     886
     841
     997
     944
     914
     896
     892
     911
     876
     925
     875
     925
     915
     906
     873
     883
     899
     913
     928
     913
     867
     941
     920
     954
     931
     911
     878
     919
     944
     930
     919
     880
     926
     961
     914
     951
     909
     977
     979
     946
     979
     937
     968
     954
     970
     994
     967
    1004
     930
     956
     917
    1019
     969
     963
     943
     977
     986
     911
     942
     962
     911
     886
     939
     859
     893
     904
     869
     818
     824
     821
     795
     812
     770
     824
     809
     775
     757
     742
     791
     754
     748
     764
     743
     744
     730
     714
     775
     735
     759
     739
     716
     727
     696
     749
     783
     726
     743
     690
     704
     773
     720
     741
     685
     742
     715
     692
     686
     667
     698
     690
     645
     684
     641
     639
     647
     689
     671
     685
     656
     674
     634
     664
     619
     613
     611
     634
     638
     623
     589
     579
     664
     632
     595
     655
     653
     637
     642
     580
     569
     646
     625
     622
     641
     590
     594
     591
     575
     615
     576
     600
     626
     613
     609
     573
     567
     582
     647
     586
     596
     580
     545
     527
     571
     598
     564
     609
     567
     586
     550
     564
     545
     575
     519
     571
     589
     605
     669
     822
    1491
    2911
    5044
    7654
    9059
    8914
    6961
    4325
    2317
    1117
     736
     669
     618
     645
     632
     606
     589
     553
     561
     569
     592
     641
     611
     588
     574
     555
     546
     527
     540
     475
     537
     484
     516
     519
     536
     495
     467
     519
     514
     519
     514
     499
     484
     477
     507
     498
     489
     456
     489
     493
     531
     461
     499
     494
     479
     464
     486
     471
     515
     477
     497
     487
     466
     479
     498
     461
     522
     511
     520
     564
     556
     591
     546
     511
     515
     519
     477
     439
     501
     508
     527
     531
     574
     484
     519
     529
     543
     526
     570
     553
     518
     517
     523
     581
     530
     531
     552
     532
     558
     548
     713
     956
    1231
    1581
    1879
    1922
    1703
    1276
     940
     672
     534
     462
     462
     488
     493
     516
     658
     683
     699
     770
     742
     654
     574
     526
     466
     462
     494
     427
     425
     456
     516
     632
     742
     819
     770
     767
     603
     531
     448
     407
     399
     464
     400
     407
     405
     405
     402
     400
     447
     421
     378
     428
     408
     458
     409
     384
     468
     446
     459
     407
     430
     369
     395
     385
     418
     414
     393
     416
     383
     421
     427
     437
     422
     430
     446
     371
     427
     417
     394
     441
     429
     480
     447
     445
     457
     454
     385
     439
     403
     425
     390
     443
     459
     428
     397
     404
     434
     423
     418
     414
     420
     404
     455
     450
     490
     488
     516
     490
     463
     436
     432
     421
     423
     419
     416
     439
     505
     560
     550
     464
     522
     485
     439
     430
     404
     393
     386
     429
     429
     427
     411
     441
     447
     468
     497
     462
     436
     386
     376
     379
     387
     372
     422
     373
     407
     453
     471
     522
     801
    1762
    3736
    7350
   13090
   19953
   25846
   28730
   26528
   20508
   13152
    7000
    3108
    1290
     605
     434
     442
     442
     414
     422
     402
     378
     382
     401
     373
     409
     393
     400
     365
     425
     377
     390
     376
     357
     436
     406
     389
     377
     399
     374
     366
     381
     372
     368
     381
     355
     385
     384
     370
     359
     396
     371
     365
     357
     374
     425
     403
     459
     546
     665
     846
    1059
    1202
    1290
    1323
    1326
    1267
    1106
     907
     769
     563
     501
     427
     413
     385
     381
     384
     365
     371
     320
     345
     380
     370
     386
     364
     338
     347
     387
     377
     381
     380
     346
     390
     355
     393
     381
     357
     374
     368
     378
     360
     384
     397
     418
     378
     375
     366
     409
     404
     355
     387
     395
     415
     362
     374
     338
     368
     400
     345
     363
     387
     367
     338
     339
     350
     333
     337
     345
     331
     346
     333
     320
     370
     374
     369
     341
     363
     327
     335
     340
     346
     348
     332
     348
     321
     358
     362
     357
     360
     314
     359
     338
     334
     330
     359
     354
     360
     340
     361
     393
     393
     422
     418
     375
     451
     387
     405
     340
     364
     434
     559
     751
    1033
    1352
    1861
    1998
    1880
    1602
    1226
     893
     588
     458
     373
     349
     358
     401
     389
     399
     409
     401
     406
     386
     370
     350
     328
     323
     338
     320
     351
     332
     318
     320
     319
     318
     317
     354
     338
     337
     341
     313
     357
     328
     331
     332
     362
     303
     358
     347
     318
     338
     330
     340
     291
     335
     318
     330
     340
     318
     324
     355
     339
     357
     319
     327
     358
     330
     311
     317
     323
     321
     346
     343
     329
     312
     321
     317
     326
     323
     322
     376
     349
     398
     577
     712
     952
    1319
    1641
    1899
    2065
    1934
    1566
    1239
     821
     624
     460
     371
     314
     327
     319
     318
     332
     338
     340
     316
     350
     359
     296
     359
     348
     340
     350
     343
     345
     350
     349
     379
     368
     320
     338
     342
     320
     344
     352
     317
     322
     341
     322
     346
     353
     321
     359
     336
     327
     348
     316
     350
     352
     327
     362
     290
     334
     349
     372
     348
     357
     363
     312
     317
     333
     320
     338
     331
     330
     336
     346
     338
     324
     363
     357
     302
     341
     317
     331
     327
     371
     337
     317
     313
     282
     355
     317
     298
     340
     324
     336
     344
     343
     362
     324
     347
     338
     350
     390
     415
     442
     456
     566
     582
     607
     570
     551
     500
     482
     413
     424
     407
     417
     466
     439
     469
     542
     591
     542
     512
     466
     442
     403
     347
     355
     366
     344
     353
     331
     387
     365
     318
     332
     335
     337
     322
     332
     347
     332
     352
     345
     325
     344
     375
     321
     333
     333
     363
     336
     369
     383
     371
     371
     406
     426
     426
     398
     364
     382
     339
     329
     349
     330
     345
     364
     308
     347
     357
     348
     347
     382
     353
     329
     339
     355
     337
     388
     356
     371
     388
     336
     348
     324
     336
     360
     324
     338
     336
     339
     346
     335
     381
     354
     386
     426
     345
     357
     356
     368
     356
     349
     391
     348
     387
     352
     371
     385
     339
     338
     372
     375
     355
     337
     338
     371
     356
     348
     370
     358
     368
     367
     374
     349
     343
     360
     358
     360
     367
     387
     382
     368
     342
     382
     384
     372
     348
     362
     345
     365
     331
     342
     344
     349
     376
     340
     362
     369
     346
     321
     350
     370
     346
     340
     356
     350
     359
     352
     379
     347
     377
     357
     359
     342
     345
     389
     347
     392
     377
     437
     345
     361
     359
     337
     381
     347
     338
     376
     354
     371
     364
     373
     381
     376
     393
     346
     358
     378
     385
     348
     380
     347
     391
     386
     398
     408
     370
     404
     371
     364
     361
     392
     415
     429
     562
     554
     581
     664
     620
     670
     607
     547
     499
     536
     497
     414
     397
     420
     414
     416
     373
     371
     377
     413
     383
     363
     367
     373
     374
     386
     412
     364
     374
     388
     404
     403
     381
     412
     370
     351
     374
     399
     362
     368
     368
     367
     357
     407
     348
     389
     345
     369
     387
     384
     387
     364
     407
     404
     433
     446
     501
     480
     541
     599
     524
     513
     510
     422
     431
     381
     362
     331
     348
     323
     356
     357
     347
     343
     335
     335
     340
     345
     324
     335
     341
     321
     330
     346
     349
     345
     365
     334
     316
     371
     356
     334
     331
     353
     362
     326
     327
     347
     354
     334
     362
     352
     359
     361
     361
     349
     353
     353
     339
     341
     345
     372
     294
     319
     326
     375
     351
     330
     316
     348
     381
     357
     324
     368
     361
     313
     295
     323
     316
     364
     341
     347
     314
     322
     340
     356
     315
     335
     325
     335
     316
     305
     362
     324
     314
     327
     341
     302
     293
     308
     350
     313
     318
     344
     324
     316
     312
     320
     294
     317
     305
     338
     288
     318
     307
     299
     292
     327
     311
     285
     305
     315
     325
     308
     317
     310
     329
     358
     318
     342
     304
     297
     291
     308
     316
     301
     316
     309
     285
     323
     307
     319
     307
     268
     362
     282
     301
     294
     323
     314
     316
     319
     295
     304
     315
     320
     307
     310
     336
     323
     313
     320
     294
     307
     333
     322
     308
     324
     327
     308
     349
     281
     267
     331
     297
     300
     281
     351
     340
     297
     299
     320
     339
     385
     363
     345
     355
     388
     353
     368
     339
     310
     311
     301
     324
     321
     312
     336
     329
     303
     333
     290
     293
     317
     314
     309
     323
     296
     304
     307
     319
     316
     259
     300
     301
     321
     299
     295
     315
     310
     318
     317
     322
     307
     309
     313
     302
     310
     338
     325
     337
     357
     355
     352
     355
     364
     361
     414
     340
     413
     453
     423
     414
     470
     416
     398
     354
     316
     331
     319
     316
     327
     300
     280
     285
     302
     305
     299
     334
     358
     357
     357
     441
     430
     476
     529
     523
     551
     562
     537
     512
     422
     374
     320
     339
     299
     298
     292
     322
     323
     309
     305
     265
     285
     276
     299
     295
     291
     289
     292
     290
     302
     289
     282
     295
     320
     290
     306
     354
     279
     302
     284
     304
     316
     295
     306
     315
     307
     309
     304
     328
     309
     316
     308
     297
     323
     311
     281
     297
     320
     362
     317
     340
     346
     338
     319
     383
     387
     366
     359
     320
     325
     326
     304
     297
     291
     313
     343
     319
     325
     338
     356
     361
     364
     383
     377
     382
     383
     367
     390
     337
     356
     342
     374
     384
     346
     323
     336
     356
     349
     359
     359
     325
     339
     364
     366
     371
     379
     363
     359
     313
     303
     338
     319
     343
     332
     326
     341
     366
     332
     345
     337
     306
     330
     346
     318
     313
     327
     322
     335
     296
     313
     341
     327
     307
     311
     351
     293
     355
     327
     325
     300
     329
     315
     318
     337
     323
     319
     298
     334
     325
     334
     315
     344
     336
     310
     325
     312
     322
     356
     320
     378
     323
     356
     338
     365
     314
     339
     353
     384
     373
     409
     374
     458
     428
     455
     401
     414
     403
     375
     360
     351
     301
     324
     339
     364
     324
     340
     332
     350
     291
     331
     339
     366
     330
     372
     386
     363
     396
     380
     372
     382
     355
     351
     353
     304
     319
     371
     319
     334
     331
     313
     317
     309
     320
     285
     296
     321
     291
     302
     339
     374
     391
     456
     572
     697
     903
    1162
    1496
    1895
    2580
    3008
    3581
    3856
    4141
    4156
    3913
    3393
    2397
    1938
    1299
     970
     696
     494
     402
     338
     335
     310
     281
     279
     272
     302
     324
     319
     274
     312
     294
     318
     314
     320
     284
     279
     267
     310
     298
     283
     311
     322
     305
     304
     288
     324
     291
     308
     313
     301
     328
     293
     297
     313
     260
     312
     281
     291
     301
     323
     308
     307
     286
     287
     293
     309
     320
     258
     306
     313
     301
     250
     288
     283
     306
     267
     279
     327
     332
     295
     321
     326
     321
     337
     349
     394
     383
     407
     411
     392
     383
     350
     322
     318
     307
     282
     286
     293
     299
     297
     287
     288
     265
     290
     309
     278
     291
     288
     291
     323
     271
     286
     318
     341
     278
     294
     340
     315
     292
     313
     299
     309
     274
     266
     275
     295
     295
     289
     281
     288
     303
     265
     287
     281
     257
     262
     310
     295
     293
     260
     268
     281
     308
     295
     280
     270
     282
     286
     265
     303
     288
     292
     294
     265
     302
     280
     282
     302
     285
     275
     316
     314
     322
     299
     357
     333
     317
     337
     303
     313
     300
     291
     305
     290
     303
     280
     288
     320
     324
     279
     278
     318
     343
     323
     298
     313
     312
     276
     297
     292
     326
     288
     307
     321
     302
     272
     283
     345
     272
     311
     279
     290
     294
     293
     300
     291
     274
     289
     296
     274
     282
     295
     310
     290
     268
     301
     279
     281
     331
     320
     354
     374
     426
     426
     500
     580
     685
     744
     812
     962
     976
    1009
    1052
     945
     899
     762
     620
     530
     443
     379
     377
     322
     314
     303
     354
     323
     341
     324
     306
     330
     355
     301
     305
     295
     289
     303
     293
     262
     308
     337
     304
     322
     296
     304
     265
     299
     258
     293
     261
     290
     275
     300
     273
     272
     294
     263
     282
     264
     289
     281
     299
     287
     264
     287
     278
     289
     260
     285
     254
     260
     253
     268
     300
     252
     289
     283
     269
     288
     277
     326
     265
     278
     314
     297
     313
     302
     302
     317
     282
     278
     280
     296
     266
     285
     325
     263
     295
     276
     259
     305
     349
     293
     268
     315
     298
     309
     322
     342
     331
     361
     358
     389
     365
     394
     365
     353
     336
     301
     271
     301
     270
     262
     268
     264
     265
     306
     264
     252
     254
     249
     245
     236
     241
     247
     242
     265
     243
     258
     278
     297
     288
     313
     327
     316
     276
     259
     309
     254
     245
     244
     228
     252
     248
     242
     221
     255
     246
     242
     267
     255
     269
     264
     253
     264
     260
     236
     263
     266
     237
     285
     276
     256
     237
     211
     229
     233
     201
     222
     232
     228
     234
     210
     218
     214
     219
     194
     200
     194
     210
     208
     213
     227
     221
     235
     201
     201
     190
     221
     195
     209
     213
     234
     209
     206
     190
     234
     209
     222
     227
     214
     166
     219
     212
     217
     182
     205
     171
     194
     165
     194
     217
     199
     193
     187
     193
     197
     177
     192
     184
     207
     222
     209
     178
     188
     171
     211
     212
     214
     214
     243
     306
     359
     364
     463
     512
     643
     811
     967
    1229
    1478
    1760
    2078
    2377
    2586
    2762
    2788
    2751
    2349
    2015
    1494
    1149
     873
     724
     506
     374
     296
     249
     207
     201
     174
     197
     188
     188
     205
     163
     212
     208
     193
     186
     152
     187
     158
     177
     182
     181
     166
     174
     178
     151
     158
     159
     172
     170
     176
     152
     155
     165
     167
     163
     144
     181
     168
     156
     152
     155
     163
     159
     173
     154
     196
     188
     172
     182
     178
     210
     204
     221
     229
     210
     238
     208
     204
     198
     189
     186
     183
     180
     183
     181
     198
     182
     196
     197
     199
     213
     204
     181
     204
     218
     213
     219
     202
     227
     261
     278
     289
     293
     347
     404
     458
     495
     608
     610
     651
     695
     750
     718
     656
     616
     576
     463
     469
     353
     324
     257
     269
     250
     252
     288
     249
     222
     253
     240
     202
     191
     195
     149
     160
     140
     141
     159
     145
     139
     143
     148
     113
     145
     119
     132
     143
     150
     129
     139
     136
     115
     148
     121
     156
     130
     131
     126
     131
     154
     138
     140
     144
     128
     139
     133
     125
     137
     136
     160
     133
     149
     143
     146
     133
     127
     121
     142
     155
     153
     129
     127
     113
     126
     148
     127
     154
     124
     131
     134
     128
     113
     131
     142
     124
     125
     136
     151
     148
     143
     160
     149
     123
     145
     149
     178
     157
     141
     135
     154
     176
     158
     162
     159
     186
     165
     157
     145
     189
     147
     167
     136
     165
     155
     149
     165
     152
     177
     127
     145
     136
     126
     133
     117
     144
     118
     131
     124
     129
     138
     104
     126
     139
     124
     120
     134
     117
     137
     115
     122
     125
     124
     143
     117
     122
     134
     114
     115
     125
     115
     134
     130
     136
     127
     144
     110
     135
     119
     136
     117
     125
     157
     135
     130
     143
     120
     131
     117
     133
     133
     116
     120
     133
     115
     121
     135
     106
     112
     135
     120
     132
     119
     140
     134
     129
     135
     127
     145
     146
     155
     174
     165
     188
     221
     252
     296
     374
     408
     494
     597
     723
     965
    1142
    1344
    1624
    1860
    1970
    2063
    2102
    2087
    2144
    1884
    1636
    1373
    1177
     905
     792
     721
     589
     555
     478
     416
     347
     298
     234
     202
     170
     170
     147
     145
     112
     151
     121
     124
     127
     125
     104
     136
     121
     115
     146
     131
     125
     148
     130
     128
     147
     119
     132
     127
     129
     151
     137
     128
     136
     162
     165
     163
     199
     229
     283
     321
     405
     481
     535
     663
     763
    1023
    1225
    1381
    1611
    1760
    1931
    2072
    2180
    2107
    2088
    1801
    1614
    1250
     918
     721
     532
     473
     336
     284
     261
     196
     184
     189
     204
     208
     242
     286
     294
     338
     342
     394
     504
     485
     485
     522
     536
     540
     559
     509
     551
     517
     508
     428
     449
     379
     364
     310
     279
     233
     261
     221
     216
     179
     199
     195
     188
     190
     158
     190
     179
     170
     189
     158
     155
     140
     147
     130
     132
     138
     138
     136
     141
     135
     160
     117
     130
     148
     131
     114
     128
     136
     130
     167
     145
     157
     155
     176
     160
     144
     181
     154
     175
     180
     158
     214
     205
     222
     239
     248
     249
     271
     337
     375
     419
     468
     461
     502
     523
     533
     479
     488
     434
     408
     337
     309
     300
     261
     265
     249
     234
     236
     228
     275
     213
     221
     177
     185
     185
     153
     171
     143
     165
     132
     151
     136
     134
     140
     141
     144
     158
     146
     147
     134
     133
     140
     168
     146
     120
     146
     130
     145
     140
     126
     135
     159
     148
     145
     176
     148
     141
     133
     120
     134
     157
     166
     133
     141
     156
     170
     136
     137
     123
     122
     155
     142
     151
     144
     142
     142
     131
     117
     181
     129
     153
     150
     132
     126
     139
     153
     160
     144
     168
     157
     157
     139
     149
     143
     160
     137
     138
     139
     143
     147
     145
     146
     148
     126
     158
     135
     148
     146
     130
     129
     146
     150
     121
     129
     128
     148
     133
     140
     116
     116
     134
     117
     109
     123
     114
     124
     110
     109
     113
      99
     111
     122
     103
     102
     129
     105
     123
     125
     116
     125
     109
     117
     102
     127
     133
     116
     131
     126
     142
     127
     172
     173
     184
     210
     209
     221
     238
     243
     274
     251
     244
     231
     213
     213
     160
     161
     140
     134
     128
     121
     104
     103
      89
     104
      98
     106
     108
     116
     107
     103
      74
     107
     111
      95
      97
      89
     129
     105
     105
      93
      98
     110
      80
      95
     116
      82
     114
     131
     129
     122
     131
     166
     145
     172
     192
     261
     235
     271
     255
     254
     237
     248
     242
     213
     219
     164
     154
     124
     105
     111
     103
      96
      89
     114
      87
      76
      87
      81
      88
      98
      90
      84
      85
      93
      68
      96
      83
      80
     101
      88
      88
      85
      98
      97
     105
     125
     105
     115
     112
     112
     133
     125
     120
     142
      98
      99
     125
     108
     116
      93
     123
     103
     114
      89
      89
      91
      74
      83
      84
      75
      95
      88
      83
      89
      80
      79
      89
      83
      76
      80
      83
      76
      83
      67
      78
      77
      81
      67
      71
      75
      76
      74
      85
      69
      64
      68
      79
      72
      82
      83
      84
      85
      94
      97
      94
      97
     106
     114
      95
     111
     127
     121
      97
     120
     119
      98
     121
     106
      97
      70
      91
      84
      76
      67
      70
      60
      69
      54
      66
      72
      65
      76
      64
      58
      54
      57
      50
      56
      57
      45
      54
      57
      62
      49
      54
      61
      66
      63
      66
      56
      54
      63
      70
      70
      59
      83
      62
      62
      77
      91
      95
      92
     102
     114
     113
     125
     131
     140
     165
     173
     200
     200
     240
     249
     224
     275
     280
     256
     242
     244
     193
     159
     123
     110
      88
      78
      72
      72
      45
      64
      48
      55
      45
      42
      42
      44
      48
      37
      40
      52
      37
      43
      35
      40
      41
      36
      40
      37
      38
      41
      25
      46
      61
      33
      48
      39
      33
      29
      40
      34
      37
      40
      38
      44
      41
      33
      25
      43
      35
      38
      39
      34
      30
      33
      40
      44
      41
      35
      24
      33
      30
      37
      24
      26
      36
      32
      35
      22
      33
      29
      35
      23
      33
      34
      38
      34
      46
      40
      30
      36
      36
      38
      37
      52
      43
      38
      31
      31
      39
      41
      36
      32
      35
      28
      31
      31
      27
      24
      27
      33
      25
      33
      27
      22
      23
      21
      35
      34
      29
      24
      36
      25
      28
      22
      30
      35
      19
      24
      33
      24
      24
      32
      23
      26
      29
      22
      27
      23
      26
      19
      22
      13
      27
      23
      28
      34
      18
      18
      20
      23
      20
      31
      22
      27
      23
      18
      27
      24
      28
      15
      11
      23
      25
      31
      20
      24
      26
      20
      31
      26
      21
      19
      29
      15
      23
      22
      21
      15
      19
      21
      18
      29
      25
      26
      16
      18
      37
      21
      20
      19
      26
      23
      13
      17
      18
      17
      18
      18
      18
      20
      23
      21
      18
      24
      21
      24
      18
      25
      23
      19
      17
      23
      21
      18
      16
      11
      17
      14
      23
      13
      19
      13
      22
      26
      16
      22
      17
      22
      20
      15
      22
      14
      18
      12
      21
      13
      12
      11
      16
      15
      13
      16
      18
      12
      20
      17
      22
      25
      32
      16
      22
      25
      27
      28
      25
      33
      51
      51
      56
      86
      90
     110
     144
     216
     263
     318
     381
     428
     490
     617
     755
     891
    1121
    1363
    1466
    1596
    1715
    1797
    1881
    2009
    2104
    2114
    2043
    1717
    1589
    1239
     912
     696
     512
     418
     347
     237
     187
     131
      70
      52
      32
      36
      24
      17
      26
      18
      15
      17
      16
      17
      13
      15
      16
      17
      21
      20
      20
      18
      18
      11
      14
      17
      17
      16
      22
      12
      12
      17
      20
      21
      17
      24
      17
      21
      10
      24
      17
      25
      23
      32
      36
      25
      41
      32
      36
      41
      24
      45
      55
      49
      42
      43
      56
      53
      55
      35
      41
      34
      37
      55
      48
      57
      63
      71
      77
      88
      71
      79
      95
     106
      98
     126
     142
     157
     159
     205
     239
     267
     327
     362
     352
     367
     442
     429
     415
     394
     415
     381
     332
     300
     258
     228
     184
     178
     136
     142
     160
     158
     138
     153
     128
     143
     113
     124
     113
     126
     112
      81
      90
      79
      81
      75
      59
      68
      51
      39
      38
      20
      22
      26
      18
      20
      16
      14
       7
       7
       8
       8
      17
       7
       6
       8
      11
       6
       8
       9
       4
       7
      10
      10
       7
       5
       8
      11
      13
       8
       9
      10
      11
      11
      10
      14
       6
       2
      13
      11
      14
      14
       8
      12
      12
      17
      18
       7
      12
      14
      15
      16
      14
      19
      12
      15
      20
      13
      19
      20
      17
      23
      32
      31
      26
      34
      27
      30
      25
      20
      24
      31
      25
      31
      33
      26
      30
      31
      32
      25
      25
      23
      21
      34
      29
      25
      24
      20
      27
      20
      24
      29
      28
      25
      31
      20
      20
      14
      19
      14
      11
      20
      10
      12
      13
      13
      17
      18
      12
      10
       8
       6
       6
       9
       8
       7
      10
       8
      12
      14
       8
       6
      12
       7
      15
       6
       7
      10
       9
       8
       7
       5
       5
       2
       9
       7
       6
       5
       2
       8
       5
       9
      12
      11
       8
      11
      13
      19
      10
      15
      10
      13
      13
      19
      19
      26
      43
      31
      32
      49
      54
      64
      66
      87
     112
     122
     135
     158
     195
     200
     218
     191
     252
     244
     234
     226
     186
     180
     197
     132
     132
      85
      59
      51
      35
      42
      19
      24
      16
      14
       7
       5
       6
       6
       8
       5
       4
       4
       3
       8
       9
       8
       6
       5
       2
       2
       5
       6
       5
       4
       4
       4
       1
       2
       7
       1
       5
       4
       3
       6
       3
       5
       7
       5
       2
       4
       4
       5
       4
       5
       2
       2
       4
       5
       7
       2
       2
       6
       4
       5
       6
       5
       2
       5
       6
      11
       4
       7
       4
      13
      10
       6
       5
      11
      12
       5
       8
      10
      14
       9
      18
      13
      23
      19
      16
      13
      36
      19
      24
      29
      35
      33
      37
      39
      42
      32
      35
      21
      24
      23
      21
      13
      13
      15
      16
      14
      27
      14
      12
      16
      10
      12
      19
       6
      13
       9
       9
       9
      14
      14
      12
      10
       5
       9
       8
       3
       2
       1
       5
       2
       2
       4
       0
       2
       3
       2
       2
       2
       2
       2
       1
       1
       1
       5
       3
       6
       2
       2
       0
       2
       6
       1
       2
       4
       3
       1
       2
       4
       4
       4
       4
       8
       0
       5
       8
       3
       3
       4
       2
       6
       1
       5
       2
       2
       5
       5
       4
       5
       5
       3
       5
       6
       1
       2
       5
       3
       5
       5
       2
       6
       5
       3
       5
       1
       4
       1
       5
       4
       2
       3
       1
       1
       1
       0
       3
       3
       2
       1
       2
       4
       4
       5
       6
       2
       1
       3
       2
       7
       5
       3
       1
       2
       1
       0
       2
       3
       2
       0
       3
       2
       0
       4
       1
       2
       5
       0
       7
       3
       1
       3
       0
       3
       1
       4
       5
       2
       2
       1
       4
       1
       2
       3
       1
       1
       4
       1
       2
       1
       3
       0
       3
       5
       4
       3
       5
       6
       6
       8
       4
       9
       6
      17
      14
      11
      21
      14
      22
      23
      18
      23
      23
      21
      18
      21
      18
      11
       7
       6
       6
       6
       4
       6
      10
       8
       9
       8
      10
      10
       9
       2
       1
       4
       3
       4
       4
       8
       2
       2
       4
       1
       1
       2
       1
       2
       2
       0
       2
       1
       0
       4
       2
       1
       1
       4
       1
       3
       2
       1
       1
       1
       1
       1
       4
       1
       6
       1
       2
       0
       0
       2
       3
       3
       0
       0
       0
       0
       5
       1
       0
       3
       0
       2
       1
       2
       1
       0
       1
       1
       1
       2
       3
       3
       3
       2
       2
       1
       3
       1
       1
       2
       0
       2
       3
       0
       2
       2
       2
       1
       2
       1
       3
       1
       0
       2
       2
       1
       3
       3
       4
       1
       1
       3
       4
       2
       2
       2
       0
       4
       1
       1
       3
       2
       2
       2
       1
       0
       1
       1
       0
       1
       1
       0
       0
       0
       1
       1
       0
       0
       1
       0
       1
       0
       1
       1
       0
       0
       0
       1
       1
       0
       2
       0
       4
       0
       1
       1
       1
       0
       1
       0
       1
       3
       0
       2
       2
       3
       0
       0
       2
       0
       1
       0
       3
       0
       1
       1
       0
       4
       1
       2
       2
       2
       2
       0
       2
       2
       1
       1
       1
       3
       3
       0
       0
       1
       2
       0
       0
       0
       1
       3
       0
       0
       2
       2
       2
       1
       1
       1
       0
       2
       1
       2
       1
       1
       0
       2
       2
       3
       1
       1
       1
       4
       1
       2
       1
       2
       0
       0
       2
       2
       1
       1
       4
       1
       0
       2
       1
       0
       0
       2
       1
       0
       1
       1
       2
       1
       0
       0
       1
       1
       0
       2
       0
       2
       0
       1
       1
       0
       1
       3
       0
       1
       0
       3
       3
       3
       1
       1
       1
       2
       0
       1
       1
       0
       2
       1
       0
       1
       0
       0
       2
       0
       0
       0
       0
       0
       2
       2
       2
       0
       0
       1
       1
       0
       1
       2
       0
       0
       1
       1
       4
       2
       1
       1
       0
       2
       1
       1
       1
       3
       1
       0
       3
       3
       3
       1
       2
       1
       2
       3
       1
       3
       1
       1
       3
       0
       1
       2
       2
       1
       3
       1
       0
       1
       0
       1
       1
       2
       0
       0
       1
       1
       1
       2
       0
       0
       1
       0
       2
       0
       0
       2
       0
       2
       1
       1
       1
       0
       0
       0
       1
       2
       2
       0
       1
       2
       1
       2
       3
       0
       0
       1
       0
       2
       0
       0
       0
       0
       1
       0
       1
       2
       1
       0
       0
       0
       1
       0
       2
       0
       2
       1
       0
       0
       1
       3
       1
       0
       0
       0
       0
       4
       0
       3
       2
       1
       0
       2
       0
       0
       2
       1
       0
       0
       0
       1
       0
       0
       0
       1
       1
       2
       0
       0
       1
       3
       1
       0
       0
       0
       0
       1
       0
       0
       1
       0
       0
       0
       2
       1
       1
       1
       1
       1
       0
       2
       0
       2
       1
       2
       2
       0
       1
       2
       1
       0
       1
       0
       0
       3
       0
       0
       0
       1
       1
       2
       0
       1
       0
       1
       3
       0
       3
       1
       0
       2
       1
       2
       1
       2
       0
       0
       1
       1
       0
       0
       1
       0
       1
       0
       0
       2
       0
       0
       1
       0
       2
       0
       2
       0
       1
       0
       1
       0
       3
       2
       1
       0
       0
       0
       2
       1
       1
       1
       0
       1
       0
       1
       0
       1
       0
       3
       1
       1
       0
       0
       0
       0
       0
       0
       0
       0
       0
       0
       0
       1
       0
       3
       1
       0
       0
       1
       0
       1
       1
       1
       1
       0
       1
       1
       2
       2
       1
       2
       1
       0
       0
       1
       1
       1
       0
       3
       1
       1
       0
       0
       0
       1
       1
       1
       0
       0
       1
       1
       2
       0
       1
       0
       0
       0
       0
       0
       0
       0
       0
       0
       0
       1
       4
       1
       1
       0
       0
       0
       0
       0
       1
       0
       1
       0
       1
       3
       2
       0
       0
       1
       2
       0
       1
       0
       0
       0
       1
       1
       1
       2
       0
       1
       0
       0
       0
       0
       1
       0
       0
       1
       0
       0
       1
       2
       0
       0
       0
       0
       1
       1
       1
       3
       0
       0
       0
       0
       0
       0
       2
       1
       0
       0
       0
       0
       0
       0
       1
       1
       2
       1
       0
       0
       0
       1
       1
       0
       0
       0
       0
       1
       0
       0
       0
       0
       1
       3
       0
       0
       0
       1
       0
       2
       0
       1
       1
       1
       1
       0
       1
       1
       1
       0
       2
       0
       0
       0
       2
       1
       1
       0
       1
       3
       0
       0
       0
       2
       1
       0
       1
       1
       0
       2
       0
       1
       0
       0
       0
       1
       0
       2
       1
       1
       3
       1
       1
       1
       1
       0
       0
       0
       0
       1
       1
       0
       1
       0
       1
       2
       0
       0
       1
       0
       1
       2
       0
       1
       0
       2
       0
       0
       0
       1
       0
       0
       1
       2
       0
       2
       0
       1
       0
       0
       1
       0
       1
       1
       1
       1
       1
       3
       0
       0
       0
       0
       0
       1
       1
       0
       0
       0
       1
       1
       0
       2
       1
       0
       0
       1
       2
       0
       0
       0
       1
       0
       0
       0
       1
       1
       0
       0
       0
       0
       2
       0
       0
       0
       2
       0
       0
       0
       0
       0
       0
       0
       0
       0
       0
       1
       0
       0
       1
       0
       1
       2
       1
       0
       0
       0
       0
       0
       0
       0
       1
       1
       0
       0
       1
       0
       1
       0
       0
       0
       1
       0
       3
       0
       1
       0
       1
       1
       1
       1
       0
       0
       1
       0
       0
       0
       0
       0
       0
       0
       0
       0
       0
       0
       2
       1
       0
       0
       2
       1
       2
       0
       1
       2
       0
       1
       0
       0
       0
       0
       0
       0
       0
       1
       1
       1
       0
       0
       1
       0
       2
       1
       0
       2
       0
       1
       0
       0
       0
       1
       0
       1
       2
       0
       1
       0
       2
       0
       1
       3
       0
       1
       1
       0
       0
       0
       0
       1
       1
       0
       1
       0
       0
       3
       0
       1
       0
       0
       0
       0
       0
       2
       0
       0
       1
       0
       0
       1
       0
       0
       1
       0
       0
       4
       0
       1
       0
       1
       1
       1
       0
       2
       0
       0
       0
       2
       1
       1
       0
       0
       0
       0
       0
       1
       0
       0
       1
       1
       1
       0
       1
       1
       1
       0
       1
       0
       0
       0
       0
       0
       0
       2
       0
       0
       1
       2
       0
       0
       0
       0
       0
       1
       1
       0
       0
       0
       0
       0
       0
       0
       0
       0
       0
       0
       0
       0
       0
       0
       1
       0
       0
       0
       1
       0
       1
       0
       1
       0
       0
       0
       0
       0
       0
       0
       0
       0
       3
       0
       0
       1
       0
       1
       0
       0
       0
       0
       0
       1
       0
       0
       0
       0
       0
       1
       1
       0
       0
       0
       0
       1
       2
       1
       0
       0
       0
       0
       1
       0
       0
       0
       0
       1
       0
       1
       0
       0
       0
       0
       0
       0
       1
       0
       2
       0
       0
       1
       0
       3
       0
       0
       0
       1
       0
       1
       2
       0
       1
       0
       0
       0
       1
       0
       1
       0
       0
       0
       0
       0
       1
       1
       0
       0
       1
       1
       0
       1
       0
       0
       0
       0
       0
       0
       0
       0
       0
       0
       1
       0
       0
       1
       0
       0
       1
       0
       1
       1
       0
       0
       0
       0
       0
       1
       0
       0
       0
       1
       0
       0
       0
       1
       0
       0
       1
       0
       0
       0
       0
       0
       1
       0
       1
       0
       0
       0
       0
       0
       0
       0
       1
       0
       0
       0
       0
       0
       0
       1
       0
       0
       0
       2
       1
       0
       0
       1
       1
       0
       0
       0
       0
       0
       1
       0
       0
       0
       1
       1
       0
       1
       0
       0
       0
       0
       0
       1
       0
       0
       0
       0
       1
       1
       0
       0
       0
       0
       0
       0
       0
       0
       0
       0
       0
       0
       0
       1
       0
       0
       0
       0
       0
       0
       0
       0
       0
       0
       0
       3
       0
       0
       0
       1
       0
       1
       0
       1
       0
       0
       0
       0
       1
       0
       0
       1
       1
       0
       0
       0
       0
       0
       0
       1
       1
       3
       0
       0
       0
       1
       1
       0
       1
       0
       0
       1
       0
       1
       1
       1
       1
       0
       0
       0
       0
       0
       0
       1
       1
       1
       0
       1
       3
       0
       0
       0
       0
       1
       2
       0
       0
       0
       0
       1
       1
       1
       0
       0
       0
       1
       0
       0
       2
       0
       0
       0
       1
       0
       0
       2
       1
       0
       0
       0
       0
       0
       0
       0
       0
       0
       0
       1
       0
       1
       0
       0
       1
       0
       0
       0
       0
       1
       0
       1
       0
       0
       0
       0
       1
       0
       0
       0
       1
       0
       1
       1
       0
       2
       0
       1
       0
       1
       1
       0
       0
       0
       0
       0
       1
       0
       0
       0
       0
       0
       0
       0
       0
       1
       0
       2
       0
       0
       0
       0
       0
       0
       0
       0
       0
       0
       0
       1
       0
       0
       0
       0
       0
       0
       1
       0
       0
       0
       0
       0
       0
       0
       0
       0
       0
       0
       1
       1
       0
       0
       0
       1
       2
       0
       0
       0
       0
       1
       2
       1
       0
       0
       0
       0
       0
       1
       0
       0
       0
       0
       0
       0
       1
       1
       0
       0
       0
       0
       0
       0
       0
       0
       0
       0
       0
       0
       0
       0
       0
       0
       1
       1
       0
       0
       0
       0
       0
       2
       0
       1
       0
       0
       0
       0
       0
       2
       1
       0
       0
       1
       0
       0
       0
       0
       0
       0
       1
       0
       0
       0
       1
       0
       0
       0
       0
       0
       1
       1
       0
       1
       0
       1
       0
       0
       0
       0
       0
       0
       0
       0
       0
       0
       0
       1
       0
       0
       1
       0
       0
       0
       0
       0
       1
       1
       1
       0
       0
       0
       1
       0
       0
       0
       1
       0
       1
       0
       0
       0
       1
       0
       0
       0
       0
       1
       0
       0
       0
       1
       0
       0
       1
       0
       0
       0
       0
       1
       0
       1
       0
       0
       0
       1
       0
       0
       1
       0
       0
       0
       1
       0
       0
       3
       0
       0
       0
       0
       0
       2
       0
       0
       0
       0
       0
       0
       0
       0
       0
       1
       0
       0
       0
       0
       0
       0
       0
       0
       0
       0
       0
       0
       0
       0
       0
       0
       0
       0
       1
       0
       0
       0
       0
       0
       0
       1
       1
       1
       0
       2
       0
       0
       1
       0
       0
       0
       0
       0
       0
       0
       0
       0
       1
       0
       0
       1
       0
       0
       0
       0
       0
       1
       0
       0
       0
       0
       0
       1
       0
       0
       0
       0
       0
       1
       0
       1
       0
       2
       1
       0
       0
       0
       0
       0
       0
       0
       0
       0
       0
       0
       0
       1
       0
       0
       0
       0
       0
       0
       0
       0
       0
       0
       0
       0
       0
       1
       0
       0
       0
       0
       0
       1
       0
       0
       1
       0
       0
       0
       0
       0
       0
       0
       1
       1
       1
       0
       0
       0
       0
       0
       0
       0
       0
       0
       0
       0
       0
       0
       0
       0
       0
       0
       1
       0
       0
       0
       0
       1
       0
       0
       0
       0
       0
       0
       0
       0
       0
       0
       0
       0
       0
       0
       0
       0
       0
       0
       0
       0
       0
       1
       0
       0
       0
       0
       0
       0
       0
       0
       0
       0
       0
       1
       0
       0
       1
       1
       1
       0
       0
       0
       0
       0
       0
       0
       0
       0
       0
       0
       1
       1
       0
       0
       0
       0
       0
       0
       0
       1
       0
       0
       1
       0
       0
       0
       0
       0
       0
       1
       0
       0
       0
       0
       0
       0
       0
       0
       0
       0
       0
       0
       1
       0
       0
       0
       0
       0
       0
       1
       0
       1
       0
       0
       0
       0
       0
       0
       0
       0
       0
       0
       0
       0
       0
       0
       0
       0
       1
       0
       0
       0
       0
       0
       0
       0
       0
       1
       1
       0
       0
       2
       0
       0
       0
       0
       1
       0
       0
       1
       0
       0
       0
       0
       0
       0
       0
       0
       0
       0
       0
       0
       0
       0
       0
       0
       0
       0
       1
       0
       0
       1
       0
       0
       0
       1
       0
       1
       0
       0
       0
       0
       0
       0
       0
       0
       0
       1
       0
       0
       0
       0
       0
       0
       0
       1
       0
       0
       0
       0
       0
       0
       0
       0
       0
       0
       0
       0
       0
       0
       0
       0
       1
       0
       0
       0
       0
       0
       0
       0
       0
       0
       0
       0
       0
       0
       0
       0
       0
       0
       0
       0
       0
       0
       0
       0
       0
       0
       0
       0
       0
       0
       0
       0
       0
       0
       0
       0
       0
       0
       0
       0
       1
       0
       0
       0
       0
       0
       0
       0
       0
       0
       0
       0
       0
       0
       0
       0
       0
       0
       0
       0
       0
       0
       0
       0
       1
       0
       0
       0
       0
       0
       0
       0
       0
       0
       0
       0
       0
       0
       0
       0
       0
       0
       0
       0
       0
       0
       1
       0
       0
       0
       1
       0
       0
       0
       0
       0
       0
       0
       0
       0
       0
       0
       0
       0
       0
       0
       0
       0
       0
       0
       0
       0
       0
       0
       0
       0
       0
       0
       0
       1
       0
       1
       1
       0
       0
       1
       0
       0
       0
       0
       0
       0
       1
       0
       0
       0
       0
       1
       0
       0
       0
       0
       0
       1
       0
       0
       0
       0
       0
       0
       0
       0
       0
       0
       0
       0
       0
       0
       0
       0
       0
       0
       0
       0
       0
       0
       0
       0
       0
       0
       0
       1
       0
       0
       0
       0
       0
       0
       0
       0
       0
       1
       0
       0
       0
       0
       0
       0
       0
       1
       0
       0
       0
       1
       0
       0
       0
       0
       0
       0
       0
       0
       0
       0
       0
       0
       0
       0
       0
       0
       0
       2
       0
       0
       0
       0
       0
       0
       0
       0
       0
       1
       0
       0
       0
       0
       0
       0
       0
       0
       0
       0
       0
       0
       1
       0
       1
       0
       0
       0
       0
       0
       0
       0
       0
       0
       0
       0
       0
       0
       0
       0
       0
       0
       0
       0
       0
       0
       0
       0
       0
       0
       1
       0
       0
       0
       0
       0
       0
       0
       0
       0
       0
       1
       0
       0
       0
       0
       2
       0
       1
       0
       0
       0
       0
       0
       0
       0
       0
       0
       0
       0
       0
       0
       0
       0
       0
       0
       0
       0
       0
       1
       0
       0
       0
       1
       0
       0
       0
       0
       0
       0
       0
       0
       0
       0
       0
       0
       0
       1
       0
       0
       0
       0
       0
       0
       0
       0
       0
       0
       0
       0
       0
       0
       0
       0
       0
       0
       0
       0
       0
       0
       0
       0
       0
       0
       0
       0
       0
       0
       0
       0
       1
       0
       1
       0
       0
       0
       0
       0
       0
       0
       0
       0
       0
       1
       1
       0
       0
       0
       0
       0
       0
       0
       0
       0
       0
       0
       0
       0
       0
       0
       0
       0
       0
       0
       0
       0
       0
       0
       0
       1
       0
       0
       0
       0
       0
       0
       0
       0
       1
       0
       1
       0
       0
       0
       0
       0
       0
       0
       0
       0
       0
       0
       0
       0
       0
       0
       0
       0
       0
       0
       0
       0
       0
       0
       0
       0
       0
       1
       0
       0
       0
       0
       0
       0
       0
       0
       0
       0
       0
       0
       0
       0
       0
       0
       0
       0
       0
       0
       1
       0
       0
       0
       0
       1
       0
       0
       0
       0
       0
       0
       0
       0
       0
       0
       0
       0
       0
       0
       0
       0
       0
       0
       0
       0
       0
       1
       0
       0
       0
       0
       0
       0
       0
       0
       0
       0
       0
       0
       0
       0
       0
       0
       0
       0
       0
       0
       0
       0
       0
       0
       0
       0
       0
       0
       0
       0
       0
       0
       0
       0
       0
       1
       0
       0
       0
       0
       0
       0
       0
       1
       0
       0
       1
       0
       0
       0
       0
       0
       1
       0
       0
       0
       0
       0
       0
       0
       0
       0
       0
       0
       0
       0
       0
       0
       0
       0
       0
       0
       0
       0
       1
       0
       0
       0
       0
       0
       1
       0
       0
       0
       0
       1
       0
       0
       0
       0
       0
       0
       0
       1
       0
       0
       0
       0
       0
       0
       0
       0
       0
       0
       0
       0
       0
       1
       0
       0
       0
       0
       0
       0
       0
       0
       0
       0
       0
       0
       0
       0
       0
       0
       0
       0
       0
       0
       0
       0
       0
       0
       0
       0
       0
       0
       0
       0
       0
       0
       0
       1
       1
       0
       0
       0
       0
       0
       0
       0
       1
       0
       0
       0
       0
       0
       0
       0
       0
       0
       0
       0
       0
       0
       0
       0
       0
       0
       0
       0
       0
       0
       0
       0
       0
       0
       2
       0
       0
       0
       0
       0
       0
       0
       0
       0
       0
       0
       0
       0
       0
       0
       0
       0
       0
       0
       0
       0
       0
       0
       0
       0
       0
       0
       0
       0
       0
       0
       0
       0
       0
       0
       0
       0
       0
       0
       0
       0
       0
       0
       0
       0
       0
       0
       0
       0
       0
       0
       0
       0
       0
       0
       0
       0
       0
       0
       0
       0
       0
       0
       1
       0
       0
       0
       0
       0
       0
       0
       0
       0
       0
       0
       0
       0
       0
       0
       0
       0
       0
       0
       0
       1
       1
       0
       0
       0
       0
       0
       0
       0
       0
       0
       0
       0
       0
       0
       0
       0
       0
       0
       0
       0
       1
       0
       0
       0
       0
       1
       0
       0
       0
       0
       0
       0
       0
       0
       0
       0
       0
       0
       0
       0
       0
       0
       0
       0
       0
       0
       0
       0
       0
       0
       0
       0
       0
       0
       0
       0
       0
       0
       0
       0
       0
       0
       0
       0
       0
       0
       0
       0
       0
       0
       0
       0
       0
       0
       0
       0
       0
       0
       0
       0
       0
       0
       0
       0
       0
       0
       0
       0
       0
       1
       0
       0
       0
       0
       0
       0
       0
       0
       0
       0
       0
       0
       0
       0
       0
       0
       0
       0
       0
       0
       0
       0
       0
       0
       0
       0
       0
       0
       0
       0
       0
       0
       0
       0
       0
       0
       0
       0
       0
       0
       0
       0
       0
       0
       0
       0
       0
       0
       0
       0
       0
       0
       0
       0
       0
       0
       0
       0
       0
       0
       0
       0
       0
       0
       0
       0
       0
       0
       0
       0
       0
       0
       0
       0
       0
       0
       0
       0
       0
       0
       0
       0
       0
       0
       0
       0
       0
       0
       0
       0
       0
       0
       0
       0
       0
       0
       0
       0
       0
       0
       0
       0
       0
       0
       0
       0
       0
       0
       0
       0
       0
       0
       0
       0
       0
       0
       0
       0
       0
       0
       0
       0
       0
       0
       0
       0
       0
       0
       0
       0
       0
       1
       0
       0
       0
       0
       0
       0
       0
       0
       0
       0
       0
       0
       0
       0
       0
       0
       0
       0
       0
       0
       0
       0
       0
       0
       0
       0
       0
       0
       0
       0
       0
       0
       0
       0
       0
       0
       0
       0
       0
       0
       0
       0
       0
       0
       0
       0
       0
       0
       0
       0
       0
       0
       0
       0
       0
       0
       0
       0
       0
       0
       0
       0
       0
       0
       0
       0
       0
       0
       0
       0
       0
       0
       0
       0
       0
       0
       0
       0
       0
       0
       0
       0
       0
       0
       0
       0
       0
       0
       0
       0
       0
       0
       0
       0
       0
       0
       0
       0
       0
       0
       0
       0
       0
       0
       0
       0
       0
       0
       0
       0
       0
       0
       0
       0
       0
       0
       0
       0
       0
       0
       0
       0
       0
       0
       0
       1
       0
       0
       0
       0
       0
       0
       0
       0
       0
       0
       0
       0
       0
       0
       0
       0
       0
       0
       0
       0
       0
       0
       0
       0
       0
       0
       0
       0
       0
       0
       0
       0
       0
       0
       0
       0
       0
       0
       0
       0
       0
       0
       0
       0
       0
       0
       0
       0
       0
       0
       0
       0
       0
       0
       0
       0
       0
       0
       0
       0
       0
       0
       0
       0
       0
       0
       0
       0
       0
       0
       0
       0
       0
       0
       0
       0
       0
       0
       0
       0
       0
       0
       0
       0
       0
       0
       0
       0
       0
       0
       0
       0
       0
       0
       0
       0
       0
       0
       0
       0
       0
       0
       0
       0
       0
       0
       0
       0
       0
       0
       0
       0
       0
       1
       0
       0
       0
       1
       0
       0
       0
       0
       0
       0
       0
       0
       0
       0
       0
       0
       0
       0
       1
       0
       0
       0
       0
       0
       0
       0
       0
       0
       0
       0
       0
       0
       0
       0
       0
       0
       0
       0
       0
       0
       0
       0
       0
       0
       0
       0
       0
       0
       0
       0
       0
       0
       0
       0
       0
       0
       0
       0
       0
       0
       0
       0
       0
       0
       0
       0
       0
       0
       0
       0
       0
       0
       0
       0
       0
       0
       0
       0
       0
       0
       0
       0
       0
       0
       0
       0
       0
       0
       0
       0
       0
       0
       1
       0
       0
       0
       0
       0
       0
       0
       0
       0
       0
       0
       0
       0
       0
       1
       0
       0
       0
       0
       0
       0
       0
       0
       0
       0
       0
       0
       0
       0
       0
       0
       0
       0
       0
       0
       0
       0
       0
       0
       0
       0
       0
       0
       0
       0
       0
       0
       0
       0
       0
       0
       0
       0
       0
       0
       0
       0
       0
       0
       0
       0
       0
       0
       0
       0
       0
       0
       1
       0
       0
       0
       0
       0
       0
       0
       0
       0
       0
       0
       0
       0
       0
       0
       0
       0
       0
       0
       0
       0
       0
       0
       0
       0
       0
       0
       0
       0
       0
       0
       0
       0
       0
       0
       0
       0
       0
       0
       0
       0
       0
       0
       0
       0
       0
       0
       0
       0
       0
       0
       0
       0
       0
       0
       0
       0
       0
       0
       0
       0
       0
       0
       0
       0
       0
       0
       0
       0
       0
       0
       0
       0
       0
       0
       0
       0
       0
       0
       0
       0
       0
       0
       0
       0
       0
       0
       0
       0
       0
       0
       0
       0
       0
       0
       0
       0
       0
       0
       0
       0
       0
       0
       0
       0
       0
       0
       1
       0
       0
       0
       0
       0
       0
       0
       0
       0
       0
       0
       0
       0
       0
       0
       0
       0
       0
       0
       0
       0
       0
       0
       0
       0
       0
       0
       0
       0
       0
       0
       0
       0
       0
       0
       0
       0
       0
       0
       0
       0
       0
       0
       0
       0
       0
       0
       0
       0
       0
       0
       0
       0
       0
       0
       0
       0
       0
       0
       0
       0
       0
       0
       0
       0
       0
       0
       0
       1
       0
       0
       0
       0
       0
       0
       0
       0
       0
       0
       0
       0
       0
       0
       0
       0
       0
       0
       0
       0
       0
       0
       0
       0
       0
       0
       0
       0
       0
       0
       0
       0
       0
       0
       0
       0
       0
       0
       0
       0
       0
       0
       0
       0
       0
       0
       0
       0
       0
       0
       0
       0
       0
       0
       0
       0
       0
       0
       0
       0
       0
       0
       0
       0
       0
       0
       0
       0
       0
       0
       0
       0
       0
       0
       0
       0
       0
       0
       0
       0
       0
       0
       0
       0
       0
       0
       0
       0
       0
       0
       0
       0
       0
       0
       0
       0
       0
       0
       0
       0
       0
       0
       0
       0
       0
       0
       0
       0
       0
       0
       0
       0
       0
       0
       0
       0
       0
       0
       0
       0
       0
       0
       0
       0
       0
       0
       0
       0
       0
       0
       0
       0
       0
       0
       0
       0
       0
       0
       1
       0
       0
       0
       0
       0
       0
       0
       0
       0
       0
       0
       0
       0
       0
       0
       0
       0
       0
       0
       0
       0
       1
       0
       0
       0
       0
       0
       0
       0
       0
       0
       0
       0
       0
       0
       0
       1
       0
       0
       0
       0
       0
       0
       0
       0
       0
       0
       0
       0
       0
       0
       0
       0
       0
       0
       0
       0
       0
       0
       0
       0
       0
       0
       0
       0
       0
       0
       0
       0
       0
       0
       0
       0
       0
       0
       0
       0
       0
       0
       0
       0
       0
       0
       0
       0
       0
       0
       0
       0
       0
       0
       0
       0
       0
       0
       0
       0
       0
       0
       0
       0
       0
       0
       0
       0
       0
       0
       0
       0
       0
       0
       0
       0
       0
       0
       0
       0
       0
       0
       0
       0
       0
       0
       0
       0
       0
       0
       0
       0
       1
       0
       0
       0
       0
       0
       0
       0
       0
       0
       0
       0
       0
       0
       0
       0
       0
       0
       0
       0
       0
       0
       0
       0
       0
       0
       0
       0
       0
       0
       0
       0
       0
       0
       0
       0
       0
       0
       0
       0
       0
       0
       0
       0
       0
       0
       0
       0
       0
       0
       0
       0
       0
       0
       0
       0
       0
       0
       0
       0
       0
       0
       0
       0
       0
       0
       0
       0
       0
       0
       0
       0
       0
       0
       0
       0
       0
       0
       0
       0
       0
       0
       0
       0
       0
       0
       0
       0
       0
       0
       0
       0
       0
       0
       0
       0
       0
       0
       0
       0
       0
       0
       0
       0
       0
       0
       0
       0
       0
       0
       0
       0
       0
       0
       0
       0
       0
       0
       0
       0
       0
       0
       0
       0
       0
       0
       0
       0
       0
       0
       0
       0
       0
       0
       0
       0
       0
       0
       0
       0
       0
       0
       0
       0
       0
       0
       0
       0
       0
       0
       0
       0
       0
       0
       0
       0
       0
       0
       0
       0
       0
       0
       0
       0
       0
       0
       0
       0
       0
       0
       0
       0
       0
       0
       0
       0
       0
       0
       0
       0
       0
       0
       0
       0
       0
       0
       0
       0
       0
       0
       0
       0
       0
       0
       0
       0
       0
       0
       0
       0
       0
       0
       0
       0
       0
       0
       0
       0
       0
       0
       0
       0
       0
       0
       0
       0
       0
       0
       0
       0
       0
       0
       0
       0
       0
       0
       0
       0
       0
       0
       0
       0
       0
       0
       0
       0
       0
       0
       0
       0
       0
       0
       0
       0
       0
       0
       0
       0
       0
       0
       0
       0
       0
       0
       0
       0
       0
       0
       0
       0
       0
       0
       0
       0
       0
       0
       0
       0
       0
       0
       0
       0
       0
       0
       0
       0
       0
       0
       0
       0
       0
       0
       0
       0
       0
       0
       0
       0
       0
       0
       0
       0
       0
       0
       0
       0
       0
       0
       0
       0
       0
       0
       0
       0
       0
       0
       0
       0
       0
       0
       0
       0
       0
       0
       0
       0
       0
       0
       0
       0
       0
       0
       0
       0
       0
       0
       0
       0
       0
       0
       0
       0
       0
       0
       0
       0
       0
       0
       0
       0
       0
       0
       0
       0
       0
       0
       0
       0
       0
$ROI:
16
142 158
301 317
609 627
855 875
976 998
1653 1685
1944 1972
2085 2117
2243 2277
2407 2439
2718 2754
2783 2819
2932 2970
3333 3375
3519 3569
4559 4650
$PRESETS:
None
0
0
$ENER_FIT:
0.047584 0.396828
$MCA_CAL:
3
4.758399E-002 3.968279E-001 6.240244E-008 keV
$SHAPE_CAL:
3
2.848979E+000 3.055148E-003 -2.818230E-008
