$SPEC_ID:
Pulser
$SPEC_REM:
DET# 2
DETDESC# DETECTOR 2
AP# GammaVision Version 7.01.03
$DATE_MEA:
03/29/2017 16:22:11
$MEAS_TIM:
1362 1366
$DATA:
0 8191
       0
       0
       0
       0
       0
       0
       0
       0
       0
       0
       0
       0
       0
       0
       0
       0
       0
       0
       0
       0
       0
       0
       0
      21
     874
     850
     439
     371
     320
     346
     359
     366
     504
     754
    1296
    2174
    3301
    3976
    4002
    3603
    3405
    3903
    4016
    2960
    1628
     996
     971
     991
     821
     539
     367
     311
     315
     280
     297
     282
     330
     311
     311
     261
     357
     374
     344
     310
     318
     286
     336
     301
     316
     283
     325
     306
     308
     327
     303
     321
     307
     286
     336
     326
     291
     314
     315
     338
     329
     308
     330
     302
     282
     317
     317
     338
     325
     310
     305
     290
     317
     289
     320
     277
     306
     347
     334
     301
     351
     307
     321
     300
     335
     332
     342
     309
     306
     337
     309
     306
     338
     357
     341
     339
     317
     353
     355
     333
     315
     377
     364
     394
     315
     348
     367
     359
     344
     359
     389
     367
     375
     371
     391
     393
     409
     393
     395
     406
     419
     376
     403
     373
     434
     432
     502
     424
     414
     480
     461
     452
     455
     468
     460
     435
     475
     471
     430
     452
     511
     468
     493
     443
     474
     469
     476
     496
     481
     499
     477
     479
     476
     507
     516
     535
     535
     664
     933
    1468
    1774
    1553
    1125
    1105
    1701
    2524
    2564
    1810
     920
     547
     416
     395
     449
     424
     409
     456
     390
     400
     425
     444
     427
     398
     443
     420
     398
     440
     480
     565
     725
    1017
    1258
    1243
     871
     690
     515
     584
     603
     681
     623
     496
     467
     383
     399
     468
     393
     425
     404
     395
     414
     409
     417
     385
     437
     406
     444
     402
     439
     399
     426
     401
     438
     436
     396
     426
     474
     435
     391
     426
     437
     412
     502
     443
     440
     442
     451
     450
     441
     465
     445
     530
     551
     531
     517
     544
     472
     486
     433
     472
     477
     477
     489
     490
     477
     465
     499
     491
     459
     480
     471
     492
     469
     531
     502
     476
     460
     500
     480
     538
     465
     516
     514
     505
     507
     482
     513
     515
     505
     516
     511
     490
     499
     536
     507
     510
     474
     525
     548
     526
     515
     543
     540
     527
     551
     525
     547
     514
     549
     531
     510
     512
     535
     542
     539
     549
     492
     564
     520
     529
     498
     522
     527
     525
     513
     533
     546
     538
     518
     498
     535
     521
     489
     517
     535
     555
     522
     563
     533
     591
     508
     501
     496
     525
     598
     548
     510
     565
     509
     501
     547
     545
     534
     517
     515
     524
     543
     515
     509
     511
     502
     572
     548
     516
     546
     498
     536
     533
     557
     554
     549
     532
     515
     541
     506
     545
     572
     530
     535
     572
     590
     644
     591
     591
     620
     580
     616
     629
     644
     633
     616
     634
     658
     659
     617
     646
     624
     601
     623
     643
     633
     648
     603
     610
     602
     630
     640
     636
     661
     634
     613
     688
     653
     616
     671
     637
     657
     597
     612
     625
     652
     670
     629
     627
     622
     609
     604
     640
     635
     697
     652
     677
     672
     688
     644
     657
     720
     718
     676
     710
     642
     681
     696
     645
     598
     689
     651
     690
     628
     670
     676
     627
     647
     676
     669
     656
     686
     677
     635
     606
     624
     633
     657
     627
     624
     651
     634
     613
     605
     596
     645
     581
     596
     579
     580
     605
     604
     577
     627
     621
     556
     575
     558
     561
     572
     548
     555
     548
     545
     595
     560
     541
     614
     569
     515
     557
     564
     533
     552
     581
     562
     531
     551
     517
     576
     561
     581
     541
     511
     575
     576
     548
     563
     564
     528
     521
     527
     503
     571
     477
     540
     521
     511
     489
     507
     520
     536
     516
     545
     533
     521
     521
     530
     499
     498
     550
     519
     509
     527
     529
     531
     503
     530
     550
     475
     499
     513
     521
     505
     496
     488
     530
     507
     500
     490
     518
     511
     541
     493
     527
     484
     486
     507
     520
     526
     525
     500
     481
     523
     493
     483
     495
     509
     480
     508
     510
     477
     468
     473
     479
     479
     507
     497
     478
     476
     460
     482
     451
     444
     462
     489
     447
     431
     445
     359
     408
     423
     404
     423
     382
     405
     421
     377
     402
     405
     374
     383
     371
     352
     388
     378
     364
     396
     361
     376
     384
     378
     342
     377
     390
     369
     351
     374
     389
     330
     355
     354
     390
     345
     319
     357
     354
     343
     354
     331
     353
     327
     321
     346
     366
     334
     318
     323
     321
     335
     335
     345
     311
     295
     283
     313
     305
     337
     316
     309
     335
     319
     286
     329
     299
     297
     308
     285
     285
     306
     299
     315
     332
     281
     314
     303
     302
     280
     274
     310
     277
     287
     275
     259
     289
     250
     272
     243
     260
     298
     279
     257
     246
     243
     261
     275
     294
     247
     257
     279
     266
     252
     262
     238
     238
     259
     234
     266
     240
     229
     227
     225
     229
     229
     231
     287
     240
     225
     236
     242
     229
     222
     223
     219
     245
     219
     231
     237
     257
     241
     241
     210
     206
     229
     190
     222
     231
     248
     210
     204
     253
     188
     203
     246
     235
     222
     205
     175
     229
     223
     170
     222
     192
     201
     195
     207
     219
     210
     183
     209
     183
     205
     166
     187
     199
     202
     167
     167
     191
     171
     220
     198
     197
     207
     167
     175
     170
     170
     166
     191
     185
     156
     165
     203
     165
     188
     174
     178
     182
     147
     167
     172
     188
     176
     170
     197
     174
     169
     176
     172
     165
     177
     146
     162
     176
     155
     168
     151
     183
     168
     161
     144
     170
     156
     153
     149
     162
     167
     180
     183
     170
     163
     175
     150
     147
     180
     169
     168
     151
     130
     152
     168
     152
     155
     132
     169
     137
     164
     153
     153
     157
     151
     138
     143
     123
     144
     134
     150
     134
     160
     158
     157
     126
     136
     146
     140
     143
     149
     135
     109
     127
     163
     115
     121
     124
     109
     142
     132
     135
     131
     116
     125
     116
     109
     141
     104
     104
     112
     117
     127
     118
     111
     113
     100
     115
     115
     108
     108
     105
     109
     116
     103
     119
     104
     106
     114
     100
     111
     114
     107
     115
     101
     110
     113
     141
     109
     110
      99
     106
      88
     109
     113
      98
     108
     107
     118
     110
     111
      92
      94
     103
     111
     112
     111
     114
      82
      94
     106
      71
      99
     101
      98
      84
     100
      93
     114
      91
     100
      86
     108
      82
      86
      90
     113
     107
     100
      76
      76
      83
      87
      87
     107
      85
      68
     101
     102
      93
     113
     102
     100
      88
      86
     102
      83
     103
      88
     103
      87
      96
      80
      85
      70
      86
      83
     100
     119
     220
     465
    1028
    2190
    3940
    6456
    9033
   10788
   10762
    8583
    5563
    2974
    1279
     464
     190
     109
      80
      73
      71
      76
      78
      72
      61
      74
      86
      61
      89
      59
      56
      66
      74
      53
      82
      60
      56
      60
      71
      59
      70
      63
      78
      60
      74
      68
      63
      61
      69
      65
      65
      68
      54
      48
      68
      53
      71
      74
      50
      60
      61
      61
      63
      56
      59
      60
      61
      65
      65
      63
      65
      67
      68
      70
      59
      43
      56
      62
      59
      52
      59
      62
      52
      49
      64
      65
      46
      64
      70
      63
      61
      64
      68
      65
      58
      51
      48
      61
      83
      65
      59
      68
      55
      50
      57
      53
      57
      57
      61
      56
      48
      54
      55
      64
      62
      66
      62
      72
      43
      65
      55
      64
      46
      50
      61
      57
      46
      52
      49
      56
      50
      44
      59
      62
      61
      60
      61
      41
      47
      80
      61
      61
      47
      46
      72
      57
      59
      49
      45
      45
      60
      55
      41
      69
      66
      77
      62
      67
      58
      58
      53
      65
      54
      60
      59
      55
      61
      49
      55
      61
      76
      71
      62
      54
      54
      48
      63
      48
      53
      41
      55
      51
      66
      53
      32
      54
      51
      48
      47
      49
      63
      49
      59
      51
      48
      52
      55
      50
      65
      50
      41
      60
      48
      54
      56
      37
      56
      45
      64
      51
      56
      54
      54
      54
      58
      78
      97
     123
     182
     288
     443
     584
     781
     745
     758
     623
     409
     231
     137
      94
      70
      51
      38
      52
      54
      46
      52
      47
      55
      53
      45
      69
      52
      54
      54
      58
      52
      44
      53
      49
      52
      55
      52
      52
      40
      50
      49
      45
      50
      52
      45
      45
      48
      42
      55
      46
      48
      42
      64
      49
      54
      52
      44
      52
      44
      57
      42
      53
      42
      45
      68
      54
      52
      50
      72
      42
      59
      43
      61
      50
      58
      43
      53
      47
      39
      62
      67
      66
      77
      93
     122
     175
     227
     272
     303
     431
     461
     493
     531
     566
     684
     923
    1050
    1331
    1544
    1561
    1326
    1048
     680
     361
     193
      94
      56
      47
      60
      70
      83
     105
     108
     135
     160
     171
     192
     138
      99
      74
      59
      45
      58
      51
      38
      44
      48
      45
      56
      57
      57
      63
      36
      62
      83
      88
     122
     104
     114
     129
     106
      97
      73
      61
      44
      53
      58
      52
      44
      35
      53
      55
      55
      46
      45
      51
      47
      60
      50
      47
      43
      46
      44
      54
      61
      44
      50
      46
      34
      39
      39
      47
      39
      38
      45
      54
      50
      51
      53
      53
      41
      44
      56
      43
      34
      47
      39
      42
      52
      46
      61
      64
      59
      77
      74
      85
      84
      75
      92
      57
      63
      55
      45
      34
      50
      48
      56
      53
      49
      59
      64
      32
      60
      49
      47
      48
      41
      52
      42
      36
      43
      50
      47
      36
      42
      53
      33
      63
      44
      50
      47
      47
      39
      56
      44
      49
      46
      66
      41
      45
      47
      46
      42
      44
      47
      48
      45
      59
      37
      48
      39
      55
      42
      40
      42
      52
      35
      44
      41
      58
      62
      48
      50
      60
      39
      38
      51
      61
      39
      41
      58
      56
      54
      41
      43
      54
      54
      46
      55
      43
      54
      54
      47
      50
      50
      53
      48
      47
      56
      53
      43
      52
      57
      47
      52
      47
      58
      60
      52
      30
      59
      52
      53
      40
      58
      56
      51
      43
      43
      50
      69
      60
      51
      59
      49
      57
      55
      58
      66
      42
      59
      56
      47
      59
      56
      43
      41
      56
      54
      52
      49
      72
      49
      56
      53
      64
      54
      54
      60
      59
      54
      50
      46
      47
      56
      64
      40
      53
      50
      32
      37
      62
      51
      43
      54
      62
      45
      49
      58
      50
      53
      47
      58
      49
      68
      56
      49
      68
      47
      51
      59
      51
      59
      49
      70
      52
      67
      53
      53
      64
      59
      50
      56
      59
      61
      53
      68
      58
      58
      53
      52
      60
      60
      53
      61
      55
      59
      66
      58
      56
      56
      60
      62
      69
      56
      62
      54
      69
      59
      55
      58
      53
      51
      65
      66
      69
      69
      53
      49
      51
      62
      54
      55
      66
      65
      69
      47
      58
      65
      55
      43
      54
      58
      61
      62
      54
      70
      39
      79
      71
      58
      62
      53
      63
      56
      59
      62
      70
      78
      69
      78
      63
      63
      57
      58
      58
      62
      55
      72
      72
      69
      56
      65
      81
      63
      71
      59
      76
      88
      69
      69
      62
      78
      63
      70
      73
      65
      67
      70
      61
      65
      60
      49
      67
      50
      57
      71
      67
      59
      74
      64
      65
      65
      64
      72
      59
      74
      78
      69
      66
      68
      63
      58
      62
      77
      61
      62
      67
      80
      52
      76
      57
      83
      65
      60
      70
      56
      62
      81
      67
      63
      74
      70
      85
      72
      80
      80
      68
      59
      71
      78
      63
      91
      59
      79
      81
      67
      72
      74
      85
      63
      66
      76
      76
      93
      71
      79
      64
      61
      68
      70
      72
      63
      71
      70
      69
      69
      65
      69
      72
      63
      63
      61
      64
      67
      54
      58
      62
      75
      70
      58
      37
      50
      47
      51
      46
      65
      47
      58
      59
      45
      50
      43
      43
      50
      52
      47
      44
      55
      50
      53
      50
      42
      59
      51
      57
      48
      44
      38
      42
      45
      56
      35
      52
      47
      47
      59
      37
      46
      57
      50
      44
      44
      32
      52
      48
      53
      45
      59
      50
      37
      37
      40
      36
      35
      43
      57
      41
      36
      51
      47
      38
      49
      49
      49
      50
      38
      55
      44
      38
      45
      50
      49
      38
      44
      49
      42
      29
      40
      36
      57
      38
      45
      22
      36
      34
      45
      44
      37
      40
      41
      41
      50
      42
      35
      38
      33
      34
      31
      39
      41
      31
      35
      33
      36
      44
      44
      49
      37
      35
      36
      36
      32
      37
      33
      37
      45
      29
      32
      28
      32
      33
      36
      31
      32
      38
      37
      29
      42
      32
      34
      23
      40
      31
      25
      31
      41
      44
      39
      25
      34
      33
      33
      27
      30
      32
      27
      33
      27
      34
      26
      29
      27
      35
      19
      23
      26
      40
      32
      32
      31
      22
      25
      31
      38
      26
      30
      24
      30
      33
      36
      25
      21
      30
      24
      32
      23
      31
      28
      18
      18
      27
      19
      27
      24
      27
      31
      31
      27
      25
      32
      13
      35
      28
      23
      20
      27
      33
      23
      32
      22
      22
      27
      28
      17
      22
      31
      24
      20
      26
      32
      21
      23
      20
      16
      24
      21
      22
      26
      27
      23
      24
      26
      22
      19
      18
      19
      24
      28
      32
      18
      18
      13
      16
      14
      21
      18
      17
      27
      21
      15
      19
      18
      19
      25
      20
      14
      15
      17
      20
      18
      19
      17
      26
       9
      11
      20
      21
      18
      19
      10
      18
      20
      18
      22
      23
      15
      14
      18
      18
      17
      18
      18
      16
      27
      20
      22
      20
      33
      32
      35
      32
      40
      39
      37
      29
      28
      21
      18
      31
      22
      15
      19
      22
      18
       9
      13
      17
      13
      10
      17
      16
      26
      15
      16
      10
      13
      17
      15
      10
      21
      11
      12
      16
      21
      10
      17
      17
      11
      15
      16
      17
      19
      11
      16
      14
      11
      13
      19
      14
      16
      12
      27
      20
      18
      16
      16
      21
      16
      19
      16
      23
      15
      14
      17
      16
       8
      16
      19
      17
      16
      10
      18
      21
      14
      12
      13
      16
      18
      12
      16
      15
      12
      19
      13
      21
      16
      19
      19
      26
      22
      12
      16
      12
      14
      19
      14
      11
      22
       9
      12
      27
      10
      11
      18
      18
      21
      16
      22
      12
      12
      16
      18
       4
       9
      21
      13
      22
      16
      14
      12
      11
      14
      16
      16
      16
      15
      14
      17
      16
      18
       9
      13
      14
      16
      14
      14
      14
      16
      18
       9
      17
      16
      17
      14
      13
       9
      14
      18
      16
      18
      14
      10
      11
      19
      20
      15
      18
      18
      13
       8
      11
      17
      15
      22
      16
      16
      17
      13
      24
      20
      20
      31
      30
      32
      29
      24
      32
      20
      23
      13
      22
      17
      16
      12
      15
      14
      26
      23
      15
      13
      12
      12
      20
      24
      18
      25
      18
      21
      21
      30
      36
      48
      69
      95
     166
     212
     294
     383
     518
     716
     924
    1330
    1485
    1776
    1885
    1872
    1857
    1616
    1311
     846
     530
     311
     193
     110
      56
      38
      17
      17
      19
      16
      16
      10
       8
      10
      10
      11
      13
      10
       7
      13
       9
      12
       8
      13
      12
      20
      10
      16
      14
      10
      21
      29
      19
      21
      20
       9
      21
      13
      15
      14
      14
      13
      16
      14
      15
      16
      10
       6
      11
      10
      16
      14
      10
      18
      11
      10
      10
      16
      20
      16
      10
      14
      14
      16
      11
      11
       8
      15
      12
       9
      13
      19
      10
      23
      29
      32
      35
      55
      65
      85
     104
     157
     226
     239
     307
     335
     360
     387
     379
     315
     247
     182
      96
      72
      40
      22
      23
      13
      19
      10
      15
      15
       6
      11
      19
      12
      12
       8
      11
      11
      11
       4
      15
       9
      15
      14
      17
      11
      12
      20
       8
      10
      14
       5
      17
       6
       9
      10
      16
       9
      12
      13
      14
       9
       9
      14
      12
      12
       9
      11
      11
       7
       9
      17
      12
       4
      13
      15
      16
      12
       4
       8
      11
      12
      14
      11
       8
       8
       8
      16
      12
       8
      11
       8
      14
      14
      14
       5
      11
      13
       9
      12
      11
      14
      22
      14
       7
       8
      10
      16
       9
      13
       6
       9
      15
      13
       8
      16
      13
      10
      11
      16
      14
      16
      13
      16
      14
      10
      16
      14
      20
      11
      17
      12
       9
      17
      13
      14
      19
      20
      13
      14
      13
      14
      15
      14
      10
       7
      14
      12
       8
      13
      12
      12
       9
      13
      16
      10
      16
      17
      11
      12
      15
       7
      14
      17
      11
      10
      14
      10
      13
       7
      15
      13
      19
      12
       9
      12
       9
      13
      14
      12
      15
      10
      12
      16
       8
      11
       7
      15
       8
      18
      13
      12
      13
      13
      13
      12
      16
      13
       7
      12
      14
      16
       9
      10
      14
       8
      12
      12
      16
      18
       4
       9
      10
      13
      14
      15
      11
      11
      16
      14
      14
       7
       9
      18
      17
      11
      10
      12
      12
       9
      15
      15
      10
      13
      10
      16
      16
      12
      13
      14
      10
       9
      20
      11
      15
       8
      12
      15
      16
      11
      14
      22
      14
      14
       7
      11
      12
      17
       9
      16
      18
      13
      14
      11
      19
       9
      12
      15
      12
      20
       7
       8
      12
       9
      18
      10
      14
      12
      11
      17
      13
      13
       5
      10
      10
      14
      14
       8
      19
      14
      14
      15
      14
      10
      13
       9
      18
      14
      14
      13
      10
      15
      14
      17
      23
       9
      17
      13
       7
       9
      13
       6
      13
      16
      17
      13
      12
      12
      12
       9
      11
       7
      19
      14
      14
       9
      21
      16
      12
      13
      12
      13
      14
      13
      12
      15
      11
      14
      17
      11
      15
      20
      12
       9
      17
      15
      13
       9
       4
      12
      13
      14
       9
      15
      13
       9
      13
      14
       5
      12
      20
      12
       6
      16
       8
       8
       8
      10
      13
       7
      15
      11
      14
      12
      14
      14
      11
      10
       6
      12
      10
      17
      10
      10
      15
      11
      12
      17
      17
       9
      14
      15
       7
       9
      10
      10
      13
       6
      13
      10
      15
      14
      13
      14
      13
      10
      17
       7
      15
      13
       6
       9
      13
      12
       8
      13
       9
       9
      15
      17
      14
      13
      12
      11
      13
       8
      13
      15
      15
      14
      19
      14
      11
      13
      14
       9
      11
      16
      11
       5
      14
      12
      15
       9
       8
      14
       6
      16
      13
      11
      15
       4
      10
      12
      15
       8
      11
       9
      13
      14
      20
      16
      12
      13
      10
      17
      11
      14
       8
      15
       9
       7
      11
       8
      20
      19
      15
      13
      14
      13
      14
      16
      14
      13
      10
      13
       6
      17
      21
      13
       9
      17
      19
      15
      12
      11
      13
      16
      18
       9
      19
       5
      10
      15
      17
      12
       8
       8
      11
      11
      16
       8
      11
      14
       9
      22
      12
       8
      11
      12
       8
      16
      12
      16
      18
      13
      16
      15
      15
      12
      13
       8
      21
       9
      12
      10
      13
      10
      18
      13
      13
      16
      10
      13
      12
      12
      16
      15
       7
      16
      13
      14
       7
      14
       8
      12
      20
      12
      17
      11
      12
      11
      11
      13
      18
       8
      15
      10
       6
       9
      12
      16
      19
       8
      17
       7
       5
       7
      11
      10
      16
      14
      11
      14
      11
      14
      22
       9
      13
      14
       8
      14
      11
       8
       6
      20
      13
      12
      13
      12
       8
      12
       7
      12
      10
      16
      11
      10
      17
      11
      14
      17
      10
      14
       7
       9
      12
      13
      12
      17
      10
      14
       6
       8
       6
      17
       9
      12
       9
      12
      14
      13
      10
      14
      12
      12
      13
      15
      11
      10
      13
      10
      10
       8
       7
       6
      12
      10
       5
      14
      11
       8
      14
       7
      13
      16
      13
      13
      16
      11
      19
      15
      13
      18
       8
      11
      14
       5
       7
      11
      10
      13
       8
      12
      19
       7
       9
       5
       5
      17
      16
      17
      13
      17
      16
      14
      10
      19
      29
      20
      23
      25
      23
      41
      34
      21
      39
      22
      28
      17
      25
      12
      19
      23
      16
      12
      13
      12
      12
      16
      11
       6
      16
       9
       9
      11
      15
      13
      13
      15
      13
       8
      13
      11
      19
      14
      15
      15
      10
       9
       8
       8
      15
      10
      13
       8
       8
       9
       9
      20
      13
      16
       9
      13
       7
      10
       8
      13
      12
      10
      12
      11
      13
       7
      17
      13
      18
      17
      14
       8
      12
      12
      13
      13
      15
      12
       9
      11
      10
      19
      15
      18
      13
      14
      11
      10
      21
       8
      12
      11
      10
       8
      19
      12
      11
      17
      15
      10
      11
      22
       7
      20
      13
      11
      23
      14
      10
      14
      16
       9
      16
      11
      12
      11
      16
      18
      21
      14
      10
      12
      17
       8
      20
      14
      16
      15
      14
      13
      11
      13
      13
      20
      13
      16
      11
      15
       8
       9
      10
      18
      11
      14
      17
      11
      13
      10
       8
       8
      10
      15
      17
       7
      12
      14
      12
      13
      13
      14
      16
      13
      17
       9
      10
      14
      13
      18
      12
      14
      19
      28
      15
      24
      21
      21
      25
      39
      27
      28
      35
      35
      31
      54
      35
      43
      31
      27
      27
      22
      18
      29
      10
      10
      10
      13
      14
      17
       9
      11
       9
      11
       8
      12
      11
      13
      12
      12
       8
      14
      14
      11
      21
      15
      23
      11
      17
      12
       9
      14
      15
      18
      11
      10
      15
      12
      19
      11
      30
       9
      14
      13
      17
      12
      12
      14
      18
      14
      11
      11
      18
      12
      12
      12
      14
      21
       9
       9
      15
      10
      15
      13
      15
      15
      15
      12
      12
      14
      17
      10
      13
      15
      20
      15
      19
      16
      17
      19
      15
      15
      20
      18
      19
      16
      18
      24
      10
      13
      16
      18
      15
      13
      13
      12
      11
      13
      17
      11
      13
      13
      10
      20
      19
       8
      12
      11
      26
      22
      15
      21
      23
      29
      38
      29
      41
      52
      39
      45
      36
      48
      30
      39
      41
      30
      28
      17
      22
      18
      20
      33
      16
      17
      21
      12
      17
       9
       9
       9
      17
      21
      14
      18
       9
      16
      12
      15
      16
      15
      21
      20
      14
      11
      10
      15
      20
      16
      13
      14
      10
      10
      12
      12
      21
      16
       9
      14
      13
      15
      16
      14
      10
      13
      18
      16
      17
      10
      11
      13
      15
       9
      21
      13
      15
      18
      20
      13
      19
      18
      18
      11
      13
      21
      11
      16
      12
      14
      17
      13
      14
      11
      18
      26
      17
      18
      17
      19
      11
      17
      13
      18
      16
      12
      12
      15
      13
      24
      17
      16
      17
      10
      13
      11
      16
       7
      18
      19
      11
      15
      11
      17
      16
      15
      12
      14
      20
      14
      12
      13
      13
      17
       7
      10
      14
      17
      13
       8
      20
      19
      19
      16
      12
      12
      15
      19
      12
      17
      14
      21
      17
      17
      14
      16
       9
      11
      14
      14
      17
      18
      18
      24
      22
      17
      19
       9
      16
      11
      13
      14
      16
      14
      17
      15
      20
      20
      13
      15
      20
      12
      19
      19
      16
      22
      10
      15
      18
      13
      14
      12
       8
      15
      14
      17
      19
      18
       8
      19
      16
      18
      13
      16
      13
      13
      17
      11
      15
      13
      15
      21
      12
      13
      22
      24
      19
      14
      20
      16
      11
      19
      24
      21
      11
      20
      24
      15
      17
      23
      16
      17
      17
      23
      18
      13
      28
      18
       9
      21
      16
      10
      11
      12
      13
      19
      19
      21
      13
      23
      23
      17
      19
      18
      21
      16
      18
      13
      16
      25
      25
      14
      21
      24
      12
      28
      17
      20
      15
      25
      15
      15
      19
      17
      17
      13
      12
      16
      11
      11
      15
      16
      17
      12
      18
      13
      17
      15
      23
      19
      19
      22
      26
      21
      21
      17
      23
      15
      12
      17
      23
      16
      15
      15
      15
      13
      10
      20
      14
      18
      19
      17
      15
      19
      20
       8
      16
      17
      20
      13
      19
      21
      30
      23
      15
      18
      14
      19
      21
      18
      17
      12
      27
      19
      24
      25
      13
      18
      18
      17
      27
      25
      26
      12
      16
      22
      13
      19
      31
      22
      23
      19
      17
      11
      23
      13
      23
      17
      13
      18
      25
      10
      19
      14
      24
      22
      25
      23
      13
      17
      13
      24
      23
      22
      15
      18
      21
      12
      21
      16
      17
      15
      23
      19
      28
      23
      18
      18
      13
      23
      20
      12
      23
      24
      13
      16
      27
      18
      24
      25
      23
      14
      15
      11
       9
      25
      15
      21
      22
      11
      22
      21
      12
      21
      23
      25
      16
      24
      21
      20
      19
      17
      27
      22
      23
      26
      23
      23
      31
      26
      36
      16
      25
      16
      18
      22
      34
      27
      17
      18
      15
      19
      19
      15
      19
      21
      30
      17
      20
      21
      26
      21
      20
      25
      20
      21
      28
      21
      20
      17
      26
      17
      14
      15
      24
      25
      19
      18
      19
      35
      22
      20
      27
      17
      23
      15
      22
      14
      24
      28
      28
      18
      21
      18
      25
      23
      22
      27
      11
      26
      13
      33
      24
      23
      33
      21
      27
      15
      22
      21
      29
      21
      27
      22
      28
      27
      25
      26
      26
      26
      19
      25
      14
      13
      13
      29
      25
      16
      32
      30
      19
      17
      17
      31
      21
      20
      28
      15
      26
      19
      26
      31
      18
      28
      21
      20
      23
      24
      23
      23
      15
      25
      16
      16
      29
      20
      24
      26
      21
      30
      21
      22
      28
      16
      22
      17
      22
      21
      26
      24
      27
      18
      25
      23
      21
      20
      38
      21
      18
      31
      16
      23
      18
      22
      19
      28
      31
      29
      30
      19
      27
      20
      27
      34
      15
      31
      30
      19
      21
      21
      29
      23
      28
      27
      28
      33
      24
      22
      25
      34
      40
      31
      27
      24
      33
      19
      27
      24
      39
      24
      20
      28
      28
      31
      22
      20
      30
      20
      28
      24
      32
      29
      13
      19
      30
      26
      28
      22
      31
      21
      33
      36
      24
      39
      30
      29
      24
      30
      29
      29
      23
      26
      33
      39
      43
      30
      23
      33
      36
      42
      26
      28
      26
      29
      29
      29
      21
      25
      30
      36
      29
      25
      42
      23
      32
      34
      34
      24
      30
      35
      30
      25
      27
      29
      28
      27
      36
      33
      31
      27
      25
      33
      23
      36
      28
      30
      32
      30
      31
      33
      27
      31
      25
      31
      33
      23
      27
      30
      36
      28
      27
      30
      35
      41
      30
      33
      36
      38
      35
      33
      31
      28
      31
      36
      22
      31
      34
      30
      25
      25
      33
      30
      21
      21
      37
      28
      24
      36
      15
      20
      19
      31
      33
      34
      25
      25
      23
      17
      29
      19
      24
      27
      14
      22
      21
      26
      21
      28
      16
      24
      16
      20
      17
      19
      15
      20
      18
      18
      20
      25
      19
      20
      23
      23
      22
      23
      12
      13
      21
      21
      22
      16
      25
      21
      25
      20
      17
      15
      17
      16
      15
      29
      17
      18
      20
      19
      17
      14
      17
      18
      20
      17
      21
      23
      17
      12
      20
      15
      14
      18
      18
      17
      25
      17
      23
      14
      18
      21
      11
      17
      24
      16
      18
       6
      10
      15
      12
      16
      15
      11
      22
      17
      22
      16
      25
      11
      16
       9
      14
      14
      19
      10
      10
      16
      13
      11
      11
      17
      11
      16
      12
       7
      15
      11
      14
      19
      11
      12
      20
      23
      18
      14
       8
      16
      13
      15
      15
      16
      18
      12
      18
      12
      14
      14
       9
      17
      13
      14
      10
       8
      22
      12
       9
      21
      19
      12
      11
      13
      13
      12
      14
      13
      10
       9
      13
      14
      20
      17
      14
      15
      20
      14
      24
      13
      10
      10
      12
      13
      15
      14
      11
      17
      17
      11
      11
      17
      10
       7
      19
      12
      10
      19
      17
      14
      13
      10
      14
      16
      13
      11
      14
      11
      21
      15
       8
      13
       9
      14
      11
       8
       8
      11
      13
      11
      13
      13
       5
       6
      15
       8
      13
      18
      11
       4
       5
      11
      10
      12
       7
       7
       7
      12
      12
       5
       9
      12
       8
      10
       9
       4
      11
       8
       7
      10
       9
       4
      14
      10
      16
       7
       6
       6
      10
       7
      11
       7
       6
       8
      12
      12
      10
       8
       5
       6
      10
       7
      11
       5
       7
      11
       9
       5
       4
      12
       5
       8
       8
       6
       7
       6
      10
       8
       4
       7
       7
       6
       5
       6
       2
       3
       4
       7
       6
       6
      11
       7
       6
       6
       4
       5
       5
       0
       8
       7
       5
       5
       2
      10
       2
       1
       4
       2
       4
       9
       4
       3
       2
       3
       3
       4
       4
       3
       3
       5
       2
       3
       2
       4
       3
       2
       3
       5
       6
       3
       3
       5
       3
       5
       1
       1
       3
       5
       4
       1
       3
       1
       2
       6
       1
       4
       1
       2
       1
       4
       1
       6
       2
       3
       6
       5
       4
       4
       5
       4
       2
       1
       0
       2
       4
       5
       3
       5
       3
       3
       4
       2
       2
       2
       6
       2
       3
       2
       3
       1
       1
       4
       2
       2
       2
       3
       4
       2
       2
       5
       3
       6
       3
       5
       3
       1
       4
       1
       3
       3
       0
       0
       3
       0
       4
       6
       3
       5
       1
       3
       1
       2
       2
       2
       0
       5
       2
       1
       1
       1
       6
       3
       5
       0
       6
       1
       4
       2
       6
       4
       2
       2
       2
       2
       1
       2
       2
       0
       1
       0
       1
       4
       4
       2
       3
       1
       0
       1
       3
       5
       2
       0
       0
       1
       2
       3
       1
       1
       3
       1
       2
       0
       0
       2
       2
       3
       5
       2
       3
       4
       3
       2
       5
       2
       0
       1
       1
       1
       2
       4
       0
       2
       3
       2
       0
       0
       2
       4
       2
       1
       3
       4
       2
       3
       3
       1
       3
       3
       3
       3
       6
       2
       0
       0
       2
       1
       0
       1
       1
       4
       2
       4
       2
       1
       0
       2
       0
       2
       4
       2
       3
       4
       1
       2
       1
       1
       4
       2
       3
       2
       0
       1
       0
       6
       3
       5
       2
       5
       5
       2
       4
       3
       1
       5
       9
      13
       5
       5
       9
       9
      17
      21
      22
      20
      31
      39
      45
      47
      55
      58
      70
     112
      94
     127
     135
     173
     204
     257
     362
     398
     432
     473
     526
     528
     517
     549
     568
     617
     632
     612
     596
     552
     513
     433
     296
     269
     148
     107
      78
      49
      41
      38
      35
      20
      10
      12
       3
       1
       2
       0
       0
       2
       2
       0
       2
       2
       5
       2
       1
       2
       3
       1
       3
       0
       0
       3
       0
       2
       1
       1
       2
       0
       0
       1
       0
       1
       0
       1
       0
       0
       0
       0
       0
       0
       0
       0
       1
       0
       0
       1
       0
       1
       1
       0
       0
       0
       0
       1
       0
       0
       1
       1
       2
       0
       0
       0
       1
       0
       0
       0
       1
       1
       0
       0
       1
       1
       0
       0
       0
       0
       1
       0
       1
       2
       0
       0
       0
       0
       2
       0
       0
       2
       0
       0
       0
       0
       0
       1
       0
       0
       0
       1
       0
       1
       1
       0
       0
       0
       1
       0
       1
       0
       1
       1
       1
       0
       0
       1
       0
       0
       0
       0
       0
       0
       0
       0
       1
       0
       0
       1
       0
       0
       0
       0
       0
       1
       0
       0
       2
       0
       0
       0
       0
       0
       0
       2
       0
       2
       0
       0
       0
       0
       1
       1
       1
       1
       2
       0
       1
       1
       0
       1
       0
       0
       0
       2
       0
       0
       0
       0
       0
       0
       1
       0
       1
       2
       0
       0
       0
       0
       0
       0
       0
       0
       1
       1
       0
       1
       1
       0
       2
       2
       0
       0
       2
       1
       0
       1
       0
       0
       0
       1
       0
       0
       0
       1
       2
       0
       0
       0
       0
       0
       0
       0
       0
       1
       0
       2
       0
       0
       1
       0
       0
       1
       0
       0
       0
       0
       1
       0
       0
       0
       1
       3
       0
       0
       0
       0
       0
       0
       0
       0
       0
       1
       1
       1
       1
       1
       0
       0
       0
       1
       0
       0
       0
       1
       1
       0
       0
       1
       0
       1
       0
       0
       0
       1
       0
       0
       0
       0
       0
       1
       0
       0
       0
       0
       0
       0
       0
       0
       1
       0
       0
       0
       1
       0
       0
       0
       0
       0
       0
       1
       0
       1
       0
       0
       1
       1
       0
       0
       1
       1
       0
       0
       1
       0
       1
       1
       0
       1
       1
       0
       0
       1
       0
       0
       1
       1
       0
       0
       2
       0
       0
       0
       0
       1
       0
       0
       2
       0
       1
       0
       0
       0
       0
       0
       1
       1
       0
       1
       0
       2
       0
       0
       0
       0
       0
       1
       0
       0
       0
       0
       0
       0
       0
       0
       0
       0
       0
       0
       0
       1
       0
       1
       0
       0
       1
       0
       0
       0
       0
       0
       0
       0
       0
       1
       0
       0
       0
       0
       0
       0
       0
       1
       0
       0
       0
       0
       0
       0
       0
       0
       0
       0
       0
       0
       0
       0
       0
       0
       1
       0
       0
       0
       0
       0
       0
       0
       0
       0
       1
       1
       1
       1
       0
       0
       0
       0
       0
       0
       1
       0
       0
       1
       0
       1
       0
       0
       0
       0
       0
       0
       0
       2
       0
       0
       0
       0
       0
       1
       0
       0
       0
       2
       0
       0
       0
       1
       0
       0
       0
       0
       1
       1
       0
       1
       1
       0
       0
       0
       1
       1
       1
       1
       1
       0
       0
       0
       1
       0
       0
       0
       0
       0
       0
       0
       2
       0
       1
       0
       0
       0
       0
       0
       0
       0
       1
       0
       0
       1
       0
       0
       0
       0
       0
       0
       0
       0
       0
       0
       0
       0
       1
       0
       0
       0
       1
       0
       0
       0
       0
       0
       1
       1
       0
       1
       0
       0
       0
       0
       2
       0
       0
       1
       0
       0
       0
       0
       0
       0
       1
       0
       0
       1
       0
       1
       0
       1
       0
       1
       0
       2
       0
       0
       0
       0
       1
       0
       0
       0
       0
       0
       0
       1
       1
       1
       0
       0
       0
       0
       0
       0
       0
       0
       0
       0
       0
       0
       1
       1
       1
       0
       2
       0
       2
       0
       0
       0
       0
       0
       0
       0
       1
       1
       0
       0
       0
       0
       0
       0
       0
       0
       1
       0
       0
       0
       0
       2
       0
       0
       1
       0
       0
       0
       1
       1
       0
       0
       1
       1
       0
       0
       0
       0
       0
       0
       0
       0
       0
       1
       0
       1
       0
       0
       0
       0
       1
       0
       0
       0
       1
       1
       0
       0
       0
       0
       0
       1
       0
       0
       1
       1
       0
       0
       0
       0
       2
       1
       0
       0
       0
       2
       0
       0
       0
       0
       2
       0
       0
       0
       0
       0
       1
       0
       0
       0
       0
       0
       1
       0
       0
       0
       0
       0
       0
       0
       0
       1
       1
       0
       1
       0
       0
       0
       0
       0
       0
       1
       0
       0
       0
       0
       0
       1
       1
       0
       0
       0
       0
       0
       0
       0
       0
       0
       0
       0
       0
       0
       0
       0
       0
       0
       0
       0
       0
       0
       0
       0
       0
       0
       0
       1
       0
       0
       0
       0
       0
       0
       1
       0
       0
       0
       0
       1
       0
       2
       0
       0
       1
       0
       0
       0
       0
       0
       0
       0
       0
       0
       0
       0
       0
       1
       0
       0
       0
       1
       0
       0
       0
       0
       0
       1
       0
       0
       1
       0
       0
       0
       0
       0
       0
       0
       0
       0
       0
       0
       0
       1
       0
       1
       1
       0
       0
       1
       1
       0
       1
       1
       0
       0
       0
       0
       0
       0
       0
       1
       0
       0
       0
       0
       0
       0
       0
       1
       0
       0
       1
       0
       1
       0
       1
       0
       1
       0
       0
       0
       0
       1
       0
       0
       1
       0
       0
       1
       0
       1
       0
       0
       0
       0
       1
       0
       0
       0
       1
       0
       2
       0
       0
       1
       0
       0
       0
       0
       1
       1
       0
       0
       0
       0
       1
       1
       0
       0
       0
       0
       0
       0
       0
       0
       0
       0
       0
       0
       0
       0
       0
       1
       1
       0
       0
       0
       0
       1
       0
       0
       1
       0
       2
       0
       0
       0
       1
       0
       0
       0
       0
       0
       0
       0
       0
       1
       0
       0
       0
       0
       0
       0
       0
       0
       1
       2
       0
       0
       0
       1
       0
       0
       0
       0
       1
       0
       0
       1
       0
       0
       0
       1
       0
       0
       0
       0
       0
       0
       0
       0
       0
       0
       1
       0
       0
       0
       0
       1
       3
       0
       0
       0
       1
       0
       0
       1
       0
       0
       0
       2
       0
       1
       1
       0
       1
       0
       0
       0
       1
       2
       0
       0
       1
       0
       1
       0
       0
       0
       0
       1
       1
       1
       0
       1
       0
       0
       0
       0
       1
       0
       1
       0
       0
       0
       0
       0
       0
       0
       0
       0
       0
       0
       0
       0
       0
       3
       0
       1
       0
       0
       0
       0
       0
       0
       0
       0
       0
       0
       0
       1
       0
       0
       1
       1
       0
       1
       1
       0
       0
       0
       1
       0
       1
       1
       0
       0
       0
       0
       0
       1
       0
       0
       2
       0
       0
       0
       1
       0
       0
       0
       1
       0
       0
       1
       0
       0
       0
       0
       1
       0
       0
       2
       1
       0
       0
       0
       0
       0
       0
       1
       0
       3
       1
       0
       0
       0
       0
       2
       0
       1
       0
       0
       0
       0
       0
       0
       1
       0
       1
       0
       0
       0
       0
       0
       0
       0
       0
       0
       0
       0
       0
       1
       0
       0
       1
       0
       0
       0
       1
       0
       1
       0
       0
       0
       1
       0
       1
       0
       0
       0
       0
       0
       1
       0
       0
       0
       0
       1
       0
       1
       0
       0
       0
       0
       1
       2
       0
       0
       0
       0
       0
       0
       0
       0
       0
       0
       0
       0
       0
       0
       0
       0
       0
       0
       0
       0
       0
       0
       0
       1
       0
       0
       0
       1
       0
       1
       0
       0
       0
       0
       1
       0
       0
       0
       1
       0
       1
       0
       0
       0
       1
       0
       0
       1
       0
       0
       1
       0
       0
       0
       0
       0
       1
       0
       1
       0
       1
       0
       0
       0
       0
       1
       0
       0
       0
       0
       1
       0
       0
       0
       1
       0
       2
       0
       0
       0
       0
       0
       1
       1
       0
       0
       0
       0
       0
       0
       0
       1
       0
       0
       0
       0
       0
       0
       0
       0
       0
       0
       0
       0
       0
       0
       0
       0
       0
       1
       1
       0
       0
       1
       0
       0
       0
       1
       0
       0
       0
       1
       1
       1
       0
       0
       0
       1
       1
       0
       0
       0
       0
       0
       0
       0
       0
       0
       0
       2
       0
       1
       0
       0
       0
       0
       0
       0
       0
       0
       0
       0
       0
       0
       0
       1
       0
       0
       0
       1
       0
       0
       0
       0
       1
       1
       0
       2
       0
       1
       0
       0
       0
       1
       0
       0
       0
       0
       1
       0
       0
       0
       0
       0
       1
       0
       0
       0
       0
       0
       0
       0
       0
       0
       0
       0
       0
       0
       0
       1
       0
       0
       0
       3
       0
       0
       1
       0
       0
       0
       0
       0
       0
       0
       1
       1
       0
       1
       1
       2
       0
       0
       0
       2
       0
       1
       0
       0
       0
       0
       0
       2
       0
       1
       0
       0
       1
       0
       0
       0
       0
       0
       0
       0
       1
       0
       1
       1
       0
       1
       0
       1
       1
       0
       0
       0
       0
       0
       0
       0
       0
       0
       0
       0
       0
       0
       0
       0
       0
       0
       1
       0
       0
       0
       0
       0
       0
       0
       0
       1
       0
       0
       0
       1
       0
       0
       1
       0
       0
       0
       0
       1
       2
       1
       0
       1
       0
       0
       0
       1
       0
       0
       0
       0
       0
       0
       0
       0
       0
       0
       0
       0
       0
       0
       0
       0
       0
       1
       0
       0
       0
       0
       0
       0
       1
       0
       0
       0
       0
       0
       0
       0
       1
       0
       1
       0
       0
       0
       0
       0
       0
       0
       2
       0
       3
       0
       0
       1
       0
       0
       0
       0
       0
       0
       1
       0
       0
       0
       0
       0
       2
       0
       0
       0
       0
       1
       0
       0
       0
       0
       0
       0
       1
       0
       0
       0
       1
       0
       0
       0
       0
       0
       0
       0
       1
       0
       1
       0
       1
       0
       0
       0
       0
       0
       0
       0
       0
       0
       0
       0
       0
       0
       0
       0
       0
       1
       0
       0
       0
       0
       0
       0
       0
       0
       0
       0
       0
       0
       1
       0
       0
       0
       0
       0
       0
       0
       0
       0
       0
       0
       0
       0
       1
       0
       1
       0
       0
       1
       0
       0
       1
       0
       0
       1
       0
       0
       0
       0
       0
       2
       0
       0
       0
       0
       0
       1
       0
       0
       1
       0
       0
       1
       0
       0
       0
       0
       0
       0
       0
       0
       0
       0
       0
       0
       0
       0
       1
       0
       0
       0
       0
       0
       0
       0
       1
       0
       0
       1
       0
       0
       1
       0
       0
       1
       0
       0
       0
       0
       0
       1
       1
       1
       0
       0
       1
       0
       0
       0
       1
       0
       0
       1
       0
       0
       0
       0
       0
       0
       0
       0
       1
       0
       1
       0
       0
       0
       1
       0
       0
       0
       1
       0
       0
       0
       0
       0
       0
       0
       0
       0
       1
       0
       0
       1
       0
       0
       0
       0
       0
       0
       0
       0
       0
       0
       0
       0
       0
       1
       0
       1
       1
       0
       0
       1
       0
       0
       0
       0
       2
       0
       0
       0
       0
       0
       0
       0
       1
       0
       1
       0
       0
       0
       0
       0
       0
       0
       0
       0
       2
       1
       0
       0
       0
       0
       0
       0
       1
       0
       1
       0
       0
       0
       0
       0
       0
       1
       0
       1
       0
       0
       1
       0
       0
       0
       0
       0
       0
       0
       0
       0
       0
       0
       0
       0
       0
       0
       0
       0
       0
       0
       0
       1
       0
       0
       0
       0
       1
       0
       0
       0
       0
       1
       0
       0
       0
       2
       0
       0
       0
       0
       0
       0
       1
       0
       0
       1
       0
       0
       0
       0
       0
       0
       0
       0
       1
       0
       0
       0
       0
       0
       1
       0
       0
       0
       0
       0
       0
       0
       1
       0
       0
       0
       0
       0
       0
       0
       0
       0
       0
       0
       0
       0
       0
       0
       0
       0
       0
       1
       0
       0
       0
       0
       0
       1
       0
       0
       0
       1
       1
       1
       0
       0
       0
       1
       0
       0
       0
       0
       0
       0
       0
       0
       0
       0
       0
       0
       0
       0
       0
       0
       0
       0
       1
       0
       0
       0
       0
       0
       1
       0
       0
       0
       0
       0
       0
       0
       0
       0
       0
       0
       0
       0
       0
       0
       0
       0
       0
       0
       0
       1
       0
       0
       1
       0
       0
       1
       0
       0
       0
       0
       0
       0
       0
       0
       0
       1
       0
       0
       0
       0
       0
       1
       0
       0
       0
       0
       0
       0
       0
       0
       0
       1
       0
       1
       0
       0
       0
       1
       0
       0
       0
       0
       0
       0
       0
       0
       0
       1
       0
       0
       0
       0
       0
       0
       0
       0
       0
       1
       0
       0
       1
       1
       1
       0
       0
       0
       0
       0
       0
       1
       0
       0
       0
       1
       0
       0
       0
       1
       1
       0
       0
       0
       0
       0
       0
       0
       0
       0
       0
       0
       0
       0
       0
       0
       0
       0
       0
       0
       0
       0
       0
       0
       0
       0
       0
       0
       0
       0
       0
       1
       1
       0
       0
       0
       0
       0
       0
       0
       0
       0
       0
       0
       0
       0
       0
       0
       0
       0
       0
       0
       0
       0
       0
       0
       0
       0
       0
       0
       0
       0
       0
       0
       1
       0
       0
       0
       0
       0
       0
       0
       0
       0
       0
       0
       0
       0
       0
       0
       0
       0
       0
       0
       0
       0
       0
       0
       0
       0
       0
       0
       0
       0
       1
       0
       0
       0
       0
       0
       0
       0
       0
       0
       0
       0
       0
       0
       0
       0
       0
       1
       0
       0
       0
       0
       0
       0
       0
       0
       0
       0
       0
       0
       1
       0
       0
       0
       0
       0
       1
       0
       0
       0
       0
       0
       0
       0
       0
       0
       0
       0
       0
       0
       0
       1
       0
       0
       0
       0
       0
       0
       0
       0
       0
       1
       0
       0
       0
       0
       1
       0
       0
       0
       0
       0
       0
       0
       0
       0
       0
       0
       0
       1
       0
       0
       2
       0
       0
       0
       0
       0
       0
       0
       0
       0
       0
       0
       0
       1
       0
       0
       0
       0
       0
       0
       0
       0
       1
       0
       0
       0
       0
       0
       0
       0
       0
       0
       0
       0
       0
       0
       0
       0
       0
       0
       0
       0
       0
       0
       0
       0
       0
       0
       0
       1
       0
       0
       0
       0
       0
       0
       0
       0
       0
       0
       0
       0
       0
       0
       0
       0
       0
       0
       0
       0
       0
       0
       0
       0
       0
       0
       0
       0
       0
       0
       0
       1
       0
       0
       1
       0
       0
       0
       4
       1
       0
       0
       2
       0
       0
       0
       0
       1
       2
       0
       1
       1
       1
       0
       2
       1
       0
       3
       3
       2
       1
       1
       4
       4
       1
       1
       4
       1
       2
       3
       1
       1
       1
       0
       0
       1
       0
       1
       0
       0
       0
       0
       1
       0
       0
       0
       0
       0
       0
       0
       0
       0
       0
       0
       0
       0
       0
       0
       0
       0
       0
       0
       0
       0
       0
       0
       0
       0
       0
       0
       0
       0
       0
       0
       0
       0
       0
       0
       0
       0
       0
       0
       0
       0
       0
       0
       0
       0
       0
       0
       0
       0
       0
       0
       0
       0
       0
       0
       0
       0
       0
       0
       0
       0
       0
       0
       0
       0
       0
       0
       0
       0
       1
       0
       0
       0
       0
       0
       0
       0
       0
       0
       0
       0
       0
       0
       0
       0
       0
       0
       0
       0
       0
       0
       0
       0
       0
       0
       0
       0
       0
       0
       0
       0
       0
       0
       0
       0
       0
       0
       0
       0
       0
       0
       0
       0
       0
       0
       0
       0
       1
       0
       0
       0
       0
       0
       0
       0
       0
       0
       0
       0
       0
       0
       0
       0
       0
       0
       0
       0
       0
       0
       0
       0
       0
       0
       0
       0
       0
       0
       0
       0
       0
       0
       0
       0
       0
       0
       0
       0
       0
       0
       0
       0
       0
       0
       0
       0
       0
       0
       0
       0
       0
       0
       0
       0
       0
       0
       0
       0
       0
       0
       0
       0
       1
       0
       0
       0
       1
       0
       0
       0
       0
       0
       0
       0
       0
       0
       0
       0
       0
       0
       0
       0
       0
       0
       0
       0
       0
       0
       0
       0
       0
       0
       0
       0
       0
       1
       0
       0
       0
       0
       0
       0
       0
       0
       0
       0
       0
       0
       0
       0
       0
       0
       0
       0
       0
       0
       0
       0
       0
       0
       0
       0
       0
       0
       0
       0
       0
       0
       0
       0
       0
       0
       0
       0
       0
       0
       0
       0
       1
       0
       0
       0
       0
       0
       0
       0
       0
       0
       0
       0
       0
       1
       0
       0
       0
       0
       0
       0
       0
       0
       0
       0
       0
       0
       0
       0
       0
       0
       0
       0
       0
       0
       0
       0
       0
       0
       0
       0
       0
       0
       0
       0
       0
       0
       0
       0
       0
       0
       0
       0
       0
       0
       0
       0
       0
       0
       0
       0
       0
       0
       0
       0
       0
       0
       0
       0
       1
       0
       0
       0
       0
       0
       1
       0
       0
       0
       0
       0
       0
       0
       0
       0
       0
       0
       0
       0
       0
       0
       0
       0
       0
       0
       0
       0
       0
       0
       0
       0
       0
       0
       0
       0
       0
       0
       0
       0
       1
       0
       0
       0
       0
       0
       0
       0
       0
       0
       0
       0
       0
       0
       0
       1
       0
       0
       0
       0
       0
       0
       0
       0
       0
       0
       0
       0
       0
       0
       0
       0
       0
       0
       0
       0
       0
       0
       0
       0
       1
       0
       0
       0
       0
       0
       0
       0
       0
       0
       0
       0
       0
       0
       0
       0
       0
       0
       1
       0
       0
       0
       0
       0
       0
       0
       0
       0
       0
       0
       0
       0
       0
       0
       0
       0
       0
       0
       0
       0
       0
       0
       0
       0
       0
       0
       0
       0
       0
       0
       0
       0
       0
       0
       0
       0
       0
       0
       0
       0
       0
       0
       0
       0
       0
       0
       0
       0
       0
       0
       0
       0
       0
       0
       0
       0
       0
       0
       0
       0
       0
       1
       0
       0
       0
       0
       0
       0
       0
       0
       0
       0
       0
       0
       0
       0
       0
       0
       0
       0
       0
       0
       0
       0
       0
       0
       0
       0
       0
       0
       0
       0
       0
       0
       0
       0
       0
       0
       0
       0
       0
       0
       0
       0
       0
       1
       0
       0
       0
       0
       0
       0
       0
       0
       0
       0
       0
       0
       0
       0
       0
       0
       0
       0
       0
       0
       0
       0
       0
       0
       0
       0
       1
       0
       0
       0
       0
       0
       0
       0
       0
       0
       0
       0
       0
       0
       0
       0
       0
       0
       1
       0
       0
       0
       0
       0
       0
       0
       0
       0
       0
       0
       0
       0
       0
       0
       0
       0
       0
       0
       0
       0
       0
       0
       0
       0
       0
       0
       0
       0
       0
       0
       0
       0
       0
       0
       0
       0
       0
       0
       0
       0
       0
       0
       0
       0
       0
       0
       0
       0
       0
       0
       0
       0
       0
       0
       0
       0
       0
       0
       0
       0
       0
       0
       0
       0
       0
       0
       0
       0
       0
       0
       0
       0
       0
       0
       0
       0
       0
       0
       0
       0
       0
       0
       0
       0
       0
       0
       0
       0
       0
       0
       0
       0
       0
       0
       0
       0
       0
       0
       0
       0
       0
       0
       0
       0
       0
       0
       0
       0
       0
       0
       0
       0
       0
       0
       0
       0
       0
       0
       0
       0
       0
       0
       0
       0
       0
       0
       0
       0
       0
       0
       0
       0
       0
       0
       0
       0
       0
       0
       0
       0
       0
       0
       0
       0
       0
       0
       0
       0
       0
       0
       1
       0
       0
       0
       0
       0
       0
       0
       0
       0
       0
       0
       0
       0
       0
       0
       0
       0
       0
       0
       0
       0
       0
       0
       0
       0
       0
       0
       0
       0
       0
       0
       0
       0
       0
       0
       0
       0
       0
       0
       0
       0
       1
       0
       0
       0
       0
       0
       0
       0
       0
       0
       0
       0
       0
       0
       0
       0
       0
       0
       0
       0
       0
       0
       0
       0
       0
       0
       0
       0
       0
       0
       0
       0
       0
       0
       0
       0
       0
       0
       0
       0
       0
       0
       0
       0
       0
       0
       0
       0
       0
       0
       0
       0
       0
       0
       0
       0
       0
       0
       0
       0
       0
       0
       0
       0
       0
       0
       0
       0
       0
       0
       0
       0
       0
       0
       0
       0
       0
       0
       0
       0
       0
       0
       0
       0
       0
       0
       0
       0
       0
       0
       0
       0
       0
       0
       1
       0
       0
       0
       1
       0
       0
       0
       0
       0
       0
       0
       0
       0
       0
       0
       0
       0
       0
       0
       0
       0
       0
       0
       0
       0
       0
       0
       0
       0
       0
       0
       0
       0
       0
       0
       0
       0
       0
       0
       0
       0
       0
       0
       0
       0
       0
       0
       0
       0
       0
       0
       0
       0
       0
       0
       0
       0
       0
       0
       0
       0
       0
       0
       0
       0
       0
       0
       0
       0
       0
       0
       0
       0
       0
       0
       0
       0
       0
       0
       0
       0
       0
       0
       0
       0
       0
       1
       0
       0
       1
       0
       0
       0
       0
       0
       0
       0
       0
       0
       0
       0
       0
       0
       0
       0
       0
       0
       0
       0
       0
       0
       0
       0
       0
       0
       0
       0
       0
       0
       0
       0
       0
       0
       0
       0
       0
       0
       0
       0
       0
       0
       0
       0
       0
       0
       0
       0
       0
       0
       0
       0
       0
       0
       0
       0
       0
       0
       0
       0
       0
       0
       0
       0
       0
       0
       0
       0
       0
       0
       0
       1
       0
       0
       0
       0
       0
       0
       0
       0
       0
       0
       0
       0
       0
       0
       0
       0
       0
       0
       0
       0
       0
       0
       0
       0
       0
       0
       0
       0
       0
       0
       1
       0
       0
       0
       0
       0
       0
       0
       0
       0
       0
       0
       0
       0
       0
       0
       0
       0
       0
       0
       0
       0
       0
       0
       0
       0
       0
       0
       0
       0
       0
       0
       0
       0
       0
       0
       0
       0
       0
       0
       0
       0
       0
       0
       0
       0
       0
       0
       0
       0
       0
       0
       0
       0
       0
       0
       0
       0
       0
       0
       0
       0
       0
       0
       0
       0
       0
       0
       0
       0
       0
       0
       0
       0
       0
       0
       0
       0
       0
       0
       0
       0
       0
       0
       0
       0
       0
       0
       0
       0
       0
       0
       0
       0
       0
       0
       0
       0
       0
       0
       0
       0
       0
       0
       0
       0
       0
       0
       0
       0
       0
       0
       0
       0
       0
       0
       0
       0
       0
       0
       0
       0
       0
       0
       0
       0
       0
       0
       0
       0
       0
       0
       0
       0
       0
       0
       0
       0
       0
       0
       0
       0
       0
       0
       0
       0
       0
       0
       0
       0
       0
       0
       0
       0
       0
       0
       0
       0
       0
       0
       0
       0
       0
       0
       0
       0
       0
       0
       0
       0
       0
       0
       0
       0
       0
       0
       0
       0
       0
       0
       0
       0
       0
       0
       0
       0
       0
       0
       0
       0
       0
       0
       0
       0
       0
       0
       0
       0
       0
       0
       0
       0
       0
       0
       0
       0
       0
       0
       0
       0
       0
       0
       0
       0
       0
       0
       0
       0
       0
       0
       0
       0
       0
       0
       0
       0
       0
       0
       0
       0
$ROI:
3
980 1002
2246 2278
4594 4650
$PRESETS:
None
0
0
$ENER_FIT:
-0.469075 0.397195
$MCA_CAL:
3
-4.690749E-001 3.971953E-001 -8.571438E-009 keV
$SHAPE_CAL:
3
3.054699E+000 2.208568E-003 1.424576E-007
