$SPEC_ID:
Pulser
$SPEC_REM:
DET# 2
DETDESC# DETECTOR 2
AP# GammaVision Version 7.01.03
$DATE_MEA:
03/29/2017 19:58:42
$MEAS_TIM:
528 531
$DATA:
0 8191
       0
       0
       0
       0
       0
       0
       0
       0
       0
       0
       0
       0
       0
       0
       0
       0
       0
       0
       0
       0
       0
       0
       0
      12
     570
     585
     328
     259
     262
     280
     278
     292
     412
     678
    1277
    2253
    3388
    4078
    4214
    3642
    3361
    4020
    4021
    2905
    1654
     943
     859
     940
     730
     430
     290
     223
     238
     187
     202
     192
     204
     237
     212
     222
     221
     190
     222
     185
     202
     202
     193
     233
     219
     243
     221
     220
     203
     228
     197
     197
     225
     205
     199
     193
     213
     219
     174
     199
     199
     201
     210
     199
     240
     214
     187
     186
     203
     204
     197
     205
     212
     212
     192
     189
     237
     222
     211
     216
     234
     207
     202
     209
     193
     219
     208
     220
     207
     223
     213
     214
     218
     222
     202
     228
     207
     234
     217
     231
     241
     234
     249
     231
     234
     218
     226
     243
     227
     209
     237
     232
     237
     238
     239
     245
     249
     264
     262
     244
     249
     243
     246
     262
     261
     272
     248
     254
     294
     268
     256
     249
     252
     236
     251
     274
     277
     271
     275
     279
     297
     260
     288
     251
     294
     271
     281
     284
     268
     279
     267
     284
     258
     297
     282
     288
     305
     341
     447
     681
     810
     680
     540
     547
     809
    1144
    1118
     770
     429
     301
     247
     227
     255
     234
     252
     264
     226
     262
     234
     245
     258
     259
     213
     247
     255
     236
     254
     298
     379
     533
     606
     574
     436
     315
     301
     299
     351
     339
     319
     271
     246
     213
     223
     229
     266
     250
     219
     232
     275
     220
     224
     235
     254
     228
     236
     222
     243
     248
     228
     260
     235
     242
     245
     270
     245
     249
     234
     213
     249
     256
     236
     236
     264
     237
     252
     244
     251
     256
     298
     312
     331
     314
     335
     254
     239
     273
     260
     231
     251
     246
     253
     267
     250
     260
     270
     248
     258
     277
     256
     273
     283
     269
     253
     262
     272
     282
     271
     272
     266
     266
     285
     238
     264
     284
     281
     268
     274
     259
     295
     250
     265
     245
     279
     262
     280
     278
     282
     261
     254
     283
     262
     284
     279
     275
     269
     260
     282
     282
     269
     268
     274
     278
     266
     293
     276
     282
     268
     231
     272
     252
     278
     245
     260
     272
     275
     264
     245
     280
     270
     253
     255
     297
     294
     278
     287
     259
     276
     285
     286
     261
     279
     269
     266
     309
     291
     271
     264
     295
     292
     282
     266
     287
     288
     272
     294
     294
     264
     297
     287
     296
     261
     301
     305
     295
     310
     249
     292
     289
     309
     316
     282
     338
     315
     323
     339
     347
     335
     327
     351
     367
     368
     351
     392
     405
     406
     375
     386
     371
     405
     408
     425
     393
     349
     405
     356
     367
     399
     380
     359
     372
     335
     409
     350
     351
     330
     332
     387
     373
     384
     350
     337
     319
     330
     334
     398
     343
     340
     343
     353
     348
     334
     318
     365
     339
     376
     363
     320
     397
     352
     342
     369
     365
     355
     390
     339
     330
     325
     362
     355
     354
     337
     323
     335
     332
     350
     357
     312
     349
     306
     341
     321
     312
     310
     353
     338
     329
     335
     357
     360
     339
     335
     350
     325
     330
     331
     345
     357
     335
     381
     366
     322
     311
     351
     359
     346
     331
     349
     346
     373
     339
     349
     372
     339
     351
     334
     375
     360
     372
     370
     387
     376
     393
     376
     370
     396
     396
     370
     393
     395
     396
     382
     353
     375
     372
     396
     373
     360
     399
     360
     391
     370
     368
     388
     398
     399
     354
     389
     352
     377
     358
     361
     378
     384
     337
     355
     382
     385
     346
     353
     350
     345
     357
     365
     375
     372
     350
     374
     400
     358
     375
     386
     369
     408
     368
     363
     356
     374
     351
     360
     365
     348
     427
     355
     349
     365
     363
     377
     374
     350
     374
     361
     341
     367
     367
     380
     364
     392
     406
     372
     329
     342
     374
     342
     337
     334
     342
     375
     342
     382
     323
     307
     322
     323
     286
     301
     344
     308
     283
     287
     275
     313
     281
     288
     221
     272
     237
     311
     225
     240
     252
     258
     214
     263
     227
     243
     204
     250
     241
     235
     234
     212
     245
     235
     210
     223
     199
     212
     203
     226
     210
     216
     197
     223
     198
     210
     194
     223
     194
     178
     188
     208
     187
     190
     200
     207
     200
     186
     190
     212
     179
     188
     184
     180
     194
     183
     184
     186
     194
     200
     163
     175
     212
     181
     174
     200
     178
     186
     188
     172
     176
     190
     180
     159
     171
     174
     169
     152
     174
     165
     154
     157
     172
     179
     170
     163
     164
     183
     156
     169
     147
     147
     169
     136
     171
     151
     149
     131
     162
     154
     121
     162
     149
     156
     163
     152
     154
     143
     146
     156
     158
     153
     150
     148
     139
     142
     142
     151
     141
     153
     159
     155
     142
     150
     151
     118
     127
     155
     159
     144
     138
     136
     147
     149
     142
     144
     150
     143
     158
     154
     143
     117
     123
     141
     153
     137
     130
     147
     128
     132
     130
     132
     137
     141
     145
     127
     136
     147
     139
     132
     137
     127
     138
     138
     106
     137
     116
     126
     130
     126
     122
     135
     119
     136
     120
     110
     141
     135
     119
     120
     121
     139
     125
     133
     136
     151
     119
     135
     132
     101
     139
     138
     125
     118
     100
     125
     144
     125
     126
     138
     134
     135
     124
     141
     114
     118
     109
     113
     127
     130
     135
     130
     108
     136
     121
     119
     119
     104
     110
     119
     100
     117
     114
     134
     118
     144
     135
     118
     117
     130
     125
     124
      96
     123
     109
     123
     137
     122
     120
     127
     110
     105
     115
     110
     113
     100
     106
     116
     119
     114
     118
     121
     120
     120
     126
     108
      99
     123
     108
     112
     100
     102
     118
      99
      91
      86
     112
     109
     105
     111
     110
      94
      85
      97
      78
      95
      78
      97
     103
      78
      90
      94
      94
      77
      93
      96
      87
      79
      85
      80
      75
      80
      85
      83
      77
      97
      77
      93
      92
      78
      85
      74
      78
      79
     100
      86
      83
      75
      87
      79
      84
      88
      85
      77
      82
      69
      71
      87
      87
      77
      88
     100
      81
      87
      83
      62
      68
      99
      71
      73
      76
      78
      79
      77
      79
      68
      67
      62
      77
      65
      55
      66
      65
      57
      82
      61
      76
      84
      60
      73
      77
      62
      68
      76
      76
      72
      71
      79
      64
      93
      78
      77
      72
      78
      87
      60
      71
      61
      66
      68
      69
      69
      73
      74
      79
      74
      83
      69
     110
     110
     233
     493
    1169
    2349
    4342
    6895
    9354
   10718
   10204
    8059
    4970
    2658
    1128
     396
     154
      68
      74
      51
      56
      54
      69
      61
      54
      49
      49
      64
      52
      53
      57
      41
      48
      54
      40
      66
      43
      57
      48
      49
      51
      51
      59
      40
      44
      50
      51
      53
      44
      53
      59
      51
      49
      45
      47
      43
      43
      64
      38
      45
      40
      51
      54
      45
      63
      53
      57
      45
      47
      45
      56
      43
      54
      51
      46
      40
      35
      42
      58
      56
      56
      43
      44
      40
      55
      50
      52
      47
      53
      54
      49
      32
      56
      45
      44
      54
      52
      46
      54
      59
      48
      51
      56
      49
      45
      55
      59
      41
      40
      44
      40
      36
      43
      47
      60
      62
      51
      48
      51
      42
      52
      47
      49
      43
      47
      40
      49
      53
      45
      35
      42
      48
      50
      38
      43
      54
      44
      40
      29
      40
      58
      38
      38
      36
      46
      45
      36
      59
      41
      39
      41
      49
      39
      45
      42
      43
      46
      47
      44
      53
      58
      44
      48
      55
      50
      43
      49
      49
      48
      44
      46
      50
      45
      46
      37
      47
      43
      41
      52
      36
      46
      50
      53
      44
      45
      33
      46
      45
      53
      45
      39
      48
      40
      41
      40
      36
      34
      42
      52
      41
      38
      49
      51
      46
      36
      35
      58
      51
      42
      51
      41
      45
      41
      43
      52
      62
      81
     119
     201
     307
     473
     623
     758
     797
     758
     520
     362
     214
     114
      70
      57
      35
      39
      52
      39
      39
      55
      42
      40
      37
      52
      47
      38
      46
      39
      46
      50
      38
      50
      56
      34
      42
      36
      39
      38
      51
      50
      49
      40
      52
      47
      45
      48
      49
      45
      54
      33
      42
      48
      47
      46
      46
      39
      59
      45
      35
      43
      49
      57
      38
      42
      36
      38
      31
      44
      44
      43
      49
      59
      47
      45
      34
      56
      48
      48
      49
      44
      51
      73
      87
     126
     135
     179
     241
     258
     308
     376
     400
     483
     549
     663
     838
    1090
    1286
    1455
    1458
    1336
     913
     564
     311
     160
      79
      52
      58
      56
      57
      64
      98
     132
     113
     144
     154
     155
     123
      77
      56
      54
      43
      37
      45
      34
      47
      41
      53
      55
      38
      45
      46
      47
      63
      60
      86
      97
     140
     112
      91
      85
      74
      61
      54
      41
      36
      36
      41
      40
      46
      48
      40
      47
      49
      41
      36
      42
      35
      37
      36
      47
      39
      31
      38
      41
      31
      48
      48
      40
      41
      53
      43
      40
      41
      31
      39
      45
      46
      44
      30
      30
      39
      28
      40
      43
      36
      46
      39
      38
      39
      38
      47
      65
      72
      90
      91
      79
      84
      76
      53
      44
      42
      52
      52
      45
      41
      43
      39
      32
      42
      43
      45
      33
      40
      39
      58
      39
      36
      42
      61
      44
      35
      32
      46
      44
      43
      53
      50
      41
      46
      44
      37
      42
      56
      40
      44
      49
      55
      37
      39
      43
      36
      45
      60
      35
      40
      36
      53
      36
      42
      53
      48
      25
      53
      41
      35
      43
      53
      45
      32
      42
      48
      35
      42
      47
      48
      40
      46
      44
      45
      41
      43
      59
      53
      53
      43
      48
      52
      40
      42
      48
      36
      47
      38
      41
      58
      55
      47
      51
      52
      50
      45
      51
      41
      54
      37
      44
      54
      41
      48
      52
      46
      47
      43
      57
      50
      34
      46
      53
      40
      45
      52
      55
      45
      41
      33
      43
      44
      51
      45
      45
      48
      53
      50
      50
      43
      37
      38
      43
      56
      45
      49
      48
      63
      48
      48
      48
      55
      51
      49
      50
      44
      58
      58
      61
      47
      47
      48
      54
      49
      47
      64
      53
      43
      49
      47
      56
      45
      45
      59
      58
      53
      50
      60
      60
      43
      47
      60
      52
      49
      46
      53
      52
      51
      66
      46
      49
      53
      52
      53
      35
      39
      61
      43
      55
      47
      48
      46
      55
      57
      60
      52
      38
      58
      60
      50
      56
      41
      45
      55
      51
      57
      57
      57
      53
      38
      52
      57
      55
      56
      54
      47
      40
      62
      64
      64
      59
      57
      61
      60
      64
      81
      47
      77
      63
      62
      55
      64
      79
      78
      60
      53
      64
      57
      60
      55
      63
      71
      47
      61
      54
      66
      57
      48
      72
      65
      57
      50
      65
      55
      67
      62
      63
      54
      64
      52
      66
      80
      70
      59
      49
      55
      45
      62
      67
      62
      65
      67
      43
      77
      55
      57
      66
      46
      72
      53
      62
      63
      56
      57
      71
      69
      62
      72
      71
      76
      63
      52
      76
      67
      57
      67
      52
      72
      66
      70
      67
      64
      65
      62
      65
      68
      68
      62
      63
      65
      75
      49
      72
      58
      65
      76
      73
      59
      69
      61
      73
      75
      62
      68
      72
      54
      87
      66
      58
      77
      77
      72
      80
      83
      74
      73
      71
      75
      76
      70
      67
      77
      72
      79
      64
      68
      73
      80
      70
      65
      73
      71
      53
      67
      68
      62
      71
      60
      69
      70
      58
      72
      67
      66
      57
      56
      70
      59
      52
      59
      48
      57
      69
      61
      37
      65
      61
      50
      46
      56
      44
      56
      37
      45
      66
      47
      50
      50
      36
      41
      57
      54
      38
      42
      45
      52
      53
      47
      36
      49
      49
      56
      47
      52
      57
      45
      48
      42
      45
      45
      36
      47
      54
      31
      52
      39
      44
      35
      46
      39
      37
      51
      39
      49
      45
      39
      51
      35
      42
      51
      25
      34
      45
      33
      42
      37
      46
      44
      38
      36
      42
      46
      36
      34
      38
      36
      39
      43
      40
      44
      45
      48
      25
      36
      38
      51
      33
      39
      38
      31
      36
      37
      33
      31
      38
      48
      40
      41
      38
      32
      41
      34
      23
      39
      24
      33
      29
      38
      40
      33
      32
      40
      42
      42
      39
      30
      29
      34
      28
      24
      32
      23
      27
      28
      32
      48
      42
      30
      29
      24
      37
      36
      40
      37
      27
      28
      23
      31
      31
      35
      26
      34
      22
      30
      30
      38
      35
      36
      23
      33
      29
      25
      26
      36
      24
      25
      41
      25
      23
      33
      40
      25
      24
      29
      26
      24
      37
      25
      23
      23
      26
      14
      32
      30
      20
      23
      23
      19
      26
      32
      22
      24
      34
      32
      31
      19
      26
      22
      21
      29
      22
      28
      31
      16
      27
      30
      31
      24
      14
      24
      27
      23
      12
      25
      19
      16
      30
      21
      16
      23
      20
      19
      18
      25
      21
      12
      26
      22
      21
      13
      18
      17
      20
      19
      20
      19
      24
      13
      15
      19
      22
      15
      18
      15
      17
      13
      22
      14
      15
      19
      18
      20
      17
      13
      20
      22
      17
      15
      21
       9
      18
      26
      17
      18
      21
      19
      19
      13
      17
      21
      22
      17
      26
      18
      18
      14
      19
      15
      13
      11
      21
      17
      29
      17
      19
      20
      23
      24
      28
      27
      24
      34
      31
      36
      32
      38
      30
      30
      39
      23
      21
      17
      42
      21
      16
      18
      20
      20
      13
      13
      16
      15
      14
       7
      18
      13
      14
      20
      11
      21
      14
      18
       7
      15
      17
      16
      14
      10
      14
      17
      14
      12
      16
      17
      16
      21
      19
      18
      12
      14
      13
      14
      14
      16
      14
      15
      21
      22
      20
      19
      22
      16
      20
      24
      18
      15
       7
      11
       8
      13
      22
      10
       8
      12
       6
       9
      13
      11
      15
      13
      21
      12
      15
      16
      16
      12
      15
      14
      15
      16
       7
      22
      15
      14
       9
      20
      19
      15
      18
      11
      13
      17
      18
      12
      11
       8
       9
      12
      12
      13
      18
      12
      17
      17
      13
      12
      11
      17
      16
      18
      14
      18
      17
      18
      16
      14
      16
      13
      18
      13
       6
      17
      12
      18
      17
      20
      16
      20
      20
      20
      11
      14
       9
      13
      12
      16
      16
      14
       8
      17
      15
      10
      15
      14
      11
      10
      13
      14
      20
      11
      13
      11
      11
      11
      12
      10
      17
      21
      20
      15
      16
      22
      17
      20
      21
      23
      24
      28
      30
      23
      26
      20
      22
      17
      22
      22
      14
      17
      18
      20
      16
      18
      14
      23
      10
      15
      17
      16
      18
      22
      16
      28
      20
      22
      25
      41
      62
      74
     125
     175
     220
     320
     451
     628
     837
    1029
    1321
    1575
    1620
    1824
    1775
    1637
    1393
     992
     697
     435
     277
     160
      99
      50
      28
      13
      15
      11
      12
      10
      13
       4
      15
      17
      12
      14
      13
       9
      11
      11
      17
      19
      12
      11
      18
      18
      11
      17
      18
      12
      15
      22
      22
      13
      11
      18
      17
       7
      15
      14
      24
      13
      13
       7
      13
      10
       7
       9
      10
       9
      15
       7
      21
      11
      15
      11
      15
      10
       9
      10
      11
       8
       9
      16
      12
       8
      13
      10
      12
      18
      17
      14
      12
      31
      33
      40
      55
      69
      97
     120
     167
     228
     297
     301
     332
     338
     324
     303
     250
     186
     113
      83
      43
      37
      28
      16
      17
      17
      18
      17
      14
       9
      12
      11
      17
      17
      19
       9
      20
      13
      12
      12
      11
      19
       6
      15
      12
       8
      14
       9
       5
      12
      15
      13
       9
      10
      11
      15
      12
      10
      10
      11
      17
       9
       8
      13
       6
      15
      11
       6
      11
      14
      10
      14
       9
       7
      13
      10
       9
      10
       8
      14
      12
      16
       9
       6
       7
       8
       5
      11
      16
      16
      10
       8
       6
      14
       7
      12
      11
       9
       9
      19
       7
      16
       9
      10
      15
       8
       9
       9
      13
      12
      13
      17
      10
       6
      11
       9
       9
      14
      10
       8
      12
       9
      11
      13
      14
      12
      10
      11
       9
      18
      17
      15
      14
       8
      14
      12
      18
      16
      13
      15
      11
      13
      20
      16
       5
       7
       7
      11
      14
      11
      18
      12
      17
       3
       7
       9
       9
       6
      19
      15
      14
       9
       8
      15
      14
      12
      16
      11
      11
      12
       8
      12
      12
      10
       9
       8
      12
      20
      10
      18
      11
      13
      11
      10
      11
      15
       8
      10
      11
      15
      14
      10
      17
      20
       9
      12
      12
       7
       8
      13
      14
      12
       8
      11
       6
       8
      11
      13
       9
       7
      19
      13
      20
      12
      12
       8
       8
      15
       4
      16
      15
       9
      10
      17
      10
      14
      10
      15
       8
       5
      14
      13
      13
      11
       7
       7
      10
      10
       8
      13
      15
       9
      16
      13
      11
      17
      17
       7
       5
      21
      11
      18
       7
      25
      13
      14
       8
      15
       6
       9
      11
      13
      10
       5
      12
      11
      17
      15
      14
      10
      11
      16
       8
       9
       8
      13
      11
      20
      14
      17
      14
      12
      17
      12
      10
      10
      18
      14
      20
      12
      12
      16
       6
      11
      10
      12
       7
      11
      16
       8
       8
      12
      11
      18
      11
       5
      13
      17
      19
       8
      16
      11
      11
      11
      13
      13
      10
      12
       7
      10
      10
       8
       9
       8
      14
      14
      10
      10
       9
      14
      12
       8
      11
      10
       8
      10
      15
       6
      11
      12
      15
       8
      16
      12
       7
      12
      13
      10
      12
      10
      12
      13
       8
       9
      11
      10
       8
      16
      10
      13
       9
       8
       5
      10
      12
      10
      10
      18
       8
      10
       6
      13
      11
      16
      11
      13
      10
      12
      14
      10
      12
      17
       7
      14
      13
      10
      13
      16
       5
       7
      13
       4
      14
      10
      11
      12
      10
       8
      10
      10
       6
       5
       6
      12
      15
      19
      10
      15
      12
      14
      13
      11
      16
      15
      10
      12
       9
       9
      14
      11
       4
       7
      11
      14
      11
       7
      16
       8
      17
      12
      10
       9
      10
      15
      11
       9
      13
      11
       9
      10
       7
      15
       9
      13
      12
      17
      16
       7
      10
      13
       9
      13
      21
      12
      13
      14
       5
      16
      16
      11
      11
      16
      10
       9
      12
       9
      15
      12
      12
       6
       7
      14
      10
       9
      15
      14
      12
      18
      13
      17
       9
       9
      13
      14
      12
      11
       9
      12
      16
      15
       6
      16
      10
      13
      18
       9
       8
      12
       9
      12
      16
      17
       9
       9
      11
      15
      16
       8
      11
      12
      13
      19
      10
      18
      16
      15
      13
       7
      12
      14
      11
      11
      13
       9
      10
      21
      12
      19
       4
       8
       7
      12
       7
      14
      11
      12
      12
       9
       9
      10
       9
      13
      14
      13
      10
      12
      16
      11
      14
      12
      16
       9
      10
      12
      10
       7
       8
      17
      11
      11
       7
      10
      15
       7
      13
      11
       6
      13
      14
       8
       9
      14
      11
      11
       8
      19
      12
       9
      13
      12
      12
      15
       9
      13
       9
       9
      11
      10
      13
      14
      15
      11
      11
      13
      20
      10
       7
      11
       8
      10
      13
       9
      13
      15
      16
       8
      10
      11
      13
      14
      19
       8
      20
      13
       9
       6
      11
       9
      10
      14
      11
      10
      10
      13
       9
      10
      13
       9
       9
       9
      12
      11
      12
       8
      10
      12
      11
      11
       9
      12
      10
      17
      10
       9
      18
      23
      24
      11
      10
      10
       6
      12
      13
       9
      11
      12
      10
      12
      11
       8
      18
      18
      10
      15
      12
      13
      10
       8
      16
       9
       9
      11
      10
       7
      12
       7
      14
      14
      17
      16
      14
      13
      15
      14
      16
      21
      21
      22
      27
      17
      25
      24
      32
      28
      35
      23
      30
      33
      16
      18
      15
      12
      17
      13
      12
      12
       7
       9
       7
      11
       5
      10
       7
      17
      17
      13
      10
       9
      11
      14
      13
       7
       8
       9
      14
      16
      16
      15
       9
      11
      14
      12
       9
      12
       5
       9
       9
      11
      16
      10
      17
      14
       9
      12
      12
      12
       9
      10
      12
      11
      15
      14
      14
       4
       7
      18
      17
       8
      14
       9
      14
      13
      11
       9
      15
      13
      11
      10
      19
       9
      10
      15
      23
       8
      12
      14
       6
       9
      11
      12
      11
      12
      21
      15
      16
       8
      18
      13
      15
      15
       9
       8
      11
       9
      10
      10
      10
      18
      11
      12
       9
      12
      10
      18
       9
       8
      10
      10
      10
      14
       8
      10
      13
      13
      21
      11
      16
      11
       8
      22
      16
      11
      14
      16
      10
      12
      11
      10
      15
      15
       8
      20
      17
      10
      12
      15
      11
      11
      17
      22
      12
      12
      10
      16
       9
       7
      11
      12
      12
      10
       9
      15
      12
      21
      18
      19
      12
       8
      12
      24
      23
      29
      24
      25
      27
      32
      30
      36
      32
      32
      29
      39
      40
      37
      29
      20
      12
      14
      12
      18
      17
      17
      21
      12
      12
      11
      17
      16
      13
      14
      11
      12
      16
      18
       9
      11
      12
      11
      10
      17
      12
      13
      13
       9
      13
      11
       8
      10
      17
      18
       8
      11
       7
      14
      16
      10
      11
      12
      10
      15
      21
      14
      15
      15
      13
      17
      15
      12
      15
      15
      10
      16
      13
      16
      14
      10
      16
      17
      11
      11
      13
       9
      13
      16
       9
      12
      11
      16
      14
      12
      14
      13
      16
      12
       6
      12
      10
      17
      16
      18
      12
      14
      12
      13
      17
       9
       9
      11
      13
       9
      10
      13
      13
      19
      17
      12
      13
      19
      15
      17
      25
      25
      11
      17
      15
      18
      24
      31
      29
      32
      39
      36
      38
      42
      34
      34
      40
      29
      34
      34
      18
      17
      24
      21
      11
      14
      13
      14
      23
      14
      14
       9
      12
       9
      13
      16
      22
      14
      10
      19
      19
      12
       9
       8
      10
      11
      15
      12
      15
      15
      14
      18
      11
      12
      16
      17
      16
      11
      13
      17
      17
      19
      11
      12
      18
      16
      13
      15
      14
      11
      14
      20
      13
      14
      19
      14
      18
      15
      18
      12
      17
      12
      15
      16
      19
      18
      12
      20
      11
      16
      14
      10
      11
      14
       7
      12
      21
      17
      11
      17
      14
      17
      16
      10
      12
      12
      10
      14
      12
      11
      16
      17
       9
      12
      14
      17
      13
      14
       6
      13
      14
      19
      15
       8
      17
      15
      18
      13
      14
      18
      17
      18
      17
      11
       9
      17
      14
      19
      14
      11
      16
      15
      13
      24
      14
      10
      19
      20
      15
      11
      16
      16
      20
      13
      13
      19
      14
      19
      10
      13
      13
      13
      16
      22
       8
      16
      12
      13
      14
      18
      10
      19
      13
       8
      15
      10
      15
      14
      14
      19
      16
      18
      18
      16
      10
      11
      18
      18
      16
      11
      18
      19
      16
      19
      12
      18
       6
      17
      10
      18
      18
      14
      21
      11
      16
      14
      20
       9
      20
      18
      11
      13
      17
      12
      12
      15
      14
      22
      11
      15
      22
      13
      14
      18
      18
      25
      13
      19
      17
      11
      19
      17
      16
      16
      21
      16
      18
      16
      10
      11
      14
      15
      14
      24
      17
      15
      20
      19
      15
      14
      20
      12
      11
      12
      18
       8
      21
      12
      14
      16
      12
      19
      11
      16
      15
      14
      14
      19
      15
      19
      16
      17
      26
      21
      15
      20
      19
      20
      24
      18
      17
      14
      15
      13
      19
      13
      13
      19
      19
      16
      14
      18
      14
      15
      13
      12
      21
      10
      18
      27
      16
      15
      19
      13
      11
      27
      20
      15
      15
      27
      16
      12
      14
      24
      19
      17
      16
      21
      18
      20
      16
      11
      21
      18
      19
      13
      15
      13
      15
      15
      18
      20
      10
      15
      16
      18
      17
      11
      24
      28
      27
      17
      15
      19
      18
      28
      12
      19
       9
      21
      13
      19
      12
      16
      18
      19
      17
      16
      14
      20
      21
      16
      13
      21
      26
      19
      18
      19
      20
      22
      17
      22
      15
      22
       8
      14
      18
      18
      22
      20
      18
      13
      14
      23
      23
      17
      14
      24
      21
      17
      17
      18
      20
      15
      17
      20
      14
      16
      15
      10
      21
      20
      18
      18
      19
      19
      24
      17
      17
      24
      15
      17
      22
      13
      17
      22
      15
      14
      15
      12
      16
      22
      15
      18
      20
      20
      19
      14
      14
      15
      21
      20
      24
      24
      12
      15
      18
      16
      24
      22
      18
      16
      21
      16
      18
      17
      17
      24
      15
      20
      19
      24
      20
      18
      13
      28
      21
      22
      23
      16
      20
      12
      22
      13
      27
      24
      10
      29
      17
      16
      18
      12
      12
      47
      20
      26
      20
      19
      15
      21
      20
      27
      17
      18
      21
      21
      16
      23
      20
      13
      27
      22
      23
      26
      17
      24
      19
      26
      26
      24
      29
      18
      19
      14
      26
      20
      28
      15
      16
      35
      20
      19
      30
      29
      13
      18
      29
      21
      26
      25
      21
      20
      22
      27
      27
      21
      23
      14
      30
      18
      23
      25
      11
      25
      12
      30
      19
      27
      21
      29
      23
      18
      21
      24
      28
      22
      21
      19
      24
      23
      30
      31
      20
      20
      29
      23
      16
      34
      29
      28
      34
      29
      20
      27
      29
      27
      27
      24
      28
      23
      20
      29
      22
      31
      30
      32
      25
      23
      24
      22
      27
      22
      27
      15
      22
      27
      20
      30
      23
      22
      24
      24
      22
      24
      28
      28
      26
      24
      21
      21
      26
      20
      20
      19
      29
      23
      16
      20
      28
      29
      28
      26
      29
      27
      15
      36
      27
      17
      27
      34
      30
      27
      34
      31
      35
      23
      21
      32
      27
      28
      18
      23
      31
      25
      31
      28
      37
      33
      29
      27
      26
      31
      21
      22
      29
      35
      22
      26
      24
      31
      28
      29
      28
      36
      43
      24
      32
      25
      28
      33
      34
      22
      33
      24
      25
      27
      28
      27
      30
      24
      26
      30
      25
      29
      28
      31
      24
      27
      19
      36
      33
      19
      32
      33
      30
      26
      33
      29
      39
      30
      26
      33
      23
      28
      25
      31
      40
      23
      29
      34
      17
      34
      26
      20
      22
      32
      29
      34
      37
      36
      26
      28
      28
      25
      24
      32
      24
      28
      30
      37
      35
      33
      35
      18
      35
      21
      24
      24
      23
      22
      40
      20
      29
      22
      26
      17
      26
      33
      21
      26
      24
      24
      26
      32
      22
      22
      21
      17
      17
      21
      23
      25
      22
      23
      16
      19
      21
      21
      23
      20
      23
      19
      11
      21
      22
      17
      16
      21
      12
      23
      20
      22
      15
      23
      18
      17
      18
      18
      25
      24
      21
      20
      21
      19
      17
      14
      12
      21
      20
      17
      17
      15
      18
      21
      18
      15
      15
      16
      16
      17
      16
      24
      26
      15
      15
      20
      24
      13
      12
      18
      16
      18
      20
       7
       9
      19
      22
      13
      17
      13
      17
      19
      19
      17
      13
      11
      18
      20
      22
      10
      12
      11
      18
      11
      16
      24
      15
      15
      16
      14
      14
      20
      16
      22
      16
      12
      14
      24
      14
      14
      20
      15
      22
       7
      13
      14
      16
      14
      16
      16
      20
      10
      14
      10
      12
      14
      10
       9
      16
      18
       9
      16
      22
      13
      16
      14
      16
      13
      12
      16
      15
      15
      13
      17
       6
      12
      13
      10
      15
      18
      14
      16
      12
      12
      13
      16
      18
      15
      15
      10
      12
       8
      11
      14
      14
      10
      12
      14
      12
      20
      12
      11
      11
      18
      13
      13
       7
      11
      12
      14
      14
      13
      12
       7
      10
      18
       8
      10
       8
      10
      16
       7
      10
       7
      14
      12
       8
       8
      15
      10
      10
       9
       7
      15
      13
      12
      11
      13
      13
      10
       6
       6
       5
      11
       7
       8
       8
       7
       7
       7
      10
      11
       8
      10
      13
      14
       6
       9
       4
      13
       6
       8
       6
       9
       4
       9
      18
       9
      12
       7
       8
       9
       9
       5
       8
       8
       3
       7
       9
       9
       5
      12
       8
       6
       4
       7
       7
       6
       6
       6
       2
       9
       2
       4
       7
       5
       3
       9
       5
       4
       5
       7
      11
       4
      11
       4
      12
      10
       5
       9
       3
       5
       4
       3
       5
       2
       2
       4
       1
       5
       6
       5
       5
       1
       2
       4
       2
       2
       7
       5
       9
       4
       4
       4
       3
       6
       6
       6
       5
       7
       9
       4
       6
       3
       3
       4
       4
       2
       2
       2
       3
       4
       2
       3
       2
       2
       3
       4
       3
       0
       4
       6
       4
       4
       1
       4
       4
       6
       3
       3
       2
       5
       2
       3
       2
       5
       3
       2
       3
       2
       0
       2
       0
       4
       1
       0
       2
       2
       2
       3
       1
       4
       3
       2
       1
       5
       5
       5
       2
       2
       0
       4
       3
       2
       3
       2
       2
       0
       3
       2
       4
       0
       2
       2
       1
       4
       3
       2
       3
       4
       1
       7
       1
       2
       2
       0
       3
       2
       2
       0
       0
       2
       1
       1
       3
       1
       0
       1
       0
       1
       3
       1
       0
       0
       3
       2
       3
       3
       4
       1
       3
       3
       2
       4
       1
       5
       1
       2
       1
       4
       3
       2
       4
       1
       4
       0
       2
       1
       3
       4
       6
       1
       2
       0
       2
       3
       2
       1
       2
       3
       3
       2
       3
       1
       2
       5
       4
       4
       0
       0
       2
       3
       4
       2
       2
       2
       5
       3
       3
       4
       0
       2
       6
       1
       3
       1
       1
       4
       3
       2
       4
       2
       6
       1
       0
       2
       0
       0
       3
       1
       0
       3
       2
       5
       0
       3
       5
       3
       2
       1
       3
       3
       5
       1
       2
       0
       2
       2
       1
       3
       0
       3
       1
       2
       3
       2
       4
       5
       1
       2
       2
       2
       3
       2
       3
       4
       7
       6
       3
       7
       4
       6
       2
       4
       9
      10
      10
       9
      17
      19
      34
      34
      24
      51
      44
      62
      64
      79
      92
     108
     147
     166
     190
     270
     325
     342
     374
     417
     468
     513
     540
     492
     551
     567
     591
     613
     547
     541
     452
     391
     280
     232
     168
     106
      92
      63
      52
      32
      33
      20
      18
      16
       8
       2
       4
       0
       1
       0
       3
       1
       0
       5
       3
       1
       0
       0
       2
       1
       0
       4
       1
       3
       2
       0
       2
       2
       3
       0
       2
       1
       0
       2
       0
       1
       0
       1
       1
       1
       2
       2
       0
       1
       0
       0
       0
       0
       0
       0
       1
       0
       2
       0
       0
       0
       1
       1
       0
       0
       0
       0
       1
       1
       3
       0
       1
       1
       1
       1
       1
       0
       0
       0
       0
       0
       0
       1
       1
       2
       2
       1
       0
       0
       0
       0
       0
       0
       0
       0
       1
       0
       0
       0
       0
       0
       0
       0
       1
       0
       1
       0
       1
       3
       0
       0
       1
       0
       0
       1
       1
       2
       0
       1
       0
       0
       0
       0
       0
       0
       0
       0
       0
       1
       0
       1
       0
       0
       0
       0
       0
       1
       0
       1
       1
       0
       1
       0
       0
       2
       0
       0
       0
       0
       0
       1
       1
       0
       0
       1
       1
       0
       0
       2
       1
       0
       0
       1
       0
       0
       1
       2
       0
       0
       0
       0
       0
       0
       0
       1
       0
       0
       1
       0
       0
       1
       1
       1
       0
       1
       0
       0
       0
       1
       0
       0
       1
       1
       0
       0
       1
       2
       1
       0
       0
       0
       0
       0
       0
       0
       0
       1
       1
       0
       0
       1
       0
       0
       1
       0
       0
       0
       0
       1
       1
       1
       0
       0
       0
       2
       0
       0
       0
       0
       0
       0
       0
       1
       0
       0
       0
       0
       1
       0
       0
       0
       0
       0
       0
       0
       0
       0
       0
       1
       0
       2
       1
       0
       1
       0
       1
       1
       1
       0
       0
       0
       0
       0
       0
       1
       0
       0
       0
       0
       1
       0
       0
       0
       1
       1
       0
       0
       0
       0
       0
       0
       1
       0
       0
       1
       1
       2
       1
       0
       0
       0
       1
       1
       0
       0
       0
       0
       1
       0
       0
       1
       0
       0
       0
       2
       0
       0
       2
       0
       0
       0
       0
       0
       2
       0
       0
       1
       0
       0
       0
       3
       1
       0
       0
       0
       2
       2
       0
       0
       0
       1
       0
       0
       0
       0
       0
       0
       0
       0
       0
       0
       0
       0
       2
       0
       0
       1
       0
       0
       0
       0
       0
       2
       1
       1
       2
       0
       0
       1
       0
       0
       2
       0
       0
       0
       0
       0
       1
       1
       1
       0
       0
       0
       2
       0
       1
       1
       0
       0
       0
       1
       0
       1
       0
       0
       0
       0
       0
       0
       1
       0
       1
       0
       0
       2
       0
       1
       0
       0
       0
       1
       0
       0
       1
       0
       0
       1
       0
       0
       0
       0
       0
       0
       1
       0
       0
       0
       0
       1
       0
       0
       1
       0
       0
       1
       0
       1
       0
       0
       0
       0
       0
       0
       2
       1
       0
       0
       1
       1
       0
       0
       0
       2
       2
       0
       0
       0
       0
       0
       1
       0
       0
       0
       1
       0
       0
       0
       1
       1
       0
       1
       1
       0
       0
       1
       0
       0
       0
       0
       1
       2
       0
       1
       0
       1
       2
       1
       1
       0
       0
       0
       0
       1
       0
       0
       1
       0
       0
       0
       0
       0
       0
       1
       0
       0
       2
       1
       0
       1
       1
       0
       0
       2
       0
       1
       1
       0
       1
       0
       1
       1
       0
       1
       0
       0
       0
       0
       0
       0
       0
       0
       0
       0
       0
       1
       0
       1
       0
       0
       0
       0
       0
       0
       0
       0
       0
       0
       0
       0
       1
       0
       0
       0
       0
       0
       0
       0
       1
       0
       1
       0
       0
       0
       0
       0
       0
       0
       0
       0
       0
       0
       0
       0
       1
       1
       1
       0
       2
       0
       0
       0
       0
       0
       0
       0
       0
       1
       0
       1
       0
       0
       1
       0
       1
       0
       0
       1
       1
       0
       0
       1
       2
       0
       0
       0
       0
       1
       0
       0
       1
       1
       0
       0
       1
       0
       0
       1
       1
       0
       0
       1
       2
       0
       1
       0
       0
       0
       1
       1
       1
       0
       0
       2
       1
       1
       1
       0
       0
       0
       0
       0
       0
       0
       0
       0
       2
       0
       1
       0
       0
       0
       1
       0
       0
       0
       0
       0
       0
       1
       0
       0
       0
       0
       0
       1
       0
       1
       0
       0
       0
       0
       0
       0
       0
       0
       0
       0
       0
       0
       0
       3
       0
       1
       0
       0
       0
       0
       0
       0
       0
       0
       0
       0
       0
       0
       1
       0
       1
       0
       1
       1
       0
       0
       0
       0
       1
       1
       0
       0
       1
       1
       0
       0
       0
       0
       0
       0
       0
       1
       0
       0
       0
       0
       1
       0
       0
       0
       0
       0
       0
       1
       0
       0
       2
       0
       1
       0
       0
       0
       0
       0
       1
       1
       2
       0
       1
       0
       0
       0
       0
       0
       1
       0
       3
       0
       0
       0
       0
       0
       0
       0
       0
       0
       0
       0
       1
       0
       0
       0
       0
       0
       0
       1
       0
       0
       0
       0
       0
       0
       0
       0
       0
       0
       0
       0
       1
       1
       0
       0
       0
       0
       0
       0
       1
       2
       1
       0
       2
       0
       0
       0
       0
       1
       0
       0
       0
       0
       0
       0
       1
       1
       0
       2
       1
       0
       0
       0
       0
       0
       1
       0
       1
       1
       0
       0
       0
       0
       0
       0
       0
       1
       0
       1
       0
       1
       0
       0
       0
       0
       0
       1
       0
       0
       0
       1
       0
       1
       0
       0
       1
       0
       0
       0
       0
       1
       0
       0
       2
       0
       0
       0
       0
       0
       0
       0
       1
       0
       0
       0
       0
       0
       0
       1
       0
       0
       0
       0
       0
       0
       2
       0
       1
       0
       0
       0
       0
       0
       0
       0
       0
       0
       0
       0
       0
       0
       1
       0
       0
       0
       1
       1
       0
       0
       0
       1
       0
       0
       0
       0
       0
       0
       0
       0
       1
       2
       0
       2
       0
       0
       0
       1
       0
       0
       1
       0
       0
       0
       0
       0
       0
       1
       0
       1
       1
       0
       0
       0
       0
       0
       0
       1
       0
       0
       0
       0
       0
       0
       0
       0
       1
       1
       1
       0
       0
       0
       2
       0
       0
       1
       0
       0
       0
       0
       1
       0
       0
       0
       0
       0
       0
       0
       0
       1
       0
       0
       2
       0
       0
       0
       0
       1
       1
       1
       1
       0
       0
       0
       1
       0
       0
       2
       0
       0
       0
       0
       1
       1
       1
       0
       0
       0
       0
       1
       0
       0
       0
       1
       0
       0
       1
       0
       0
       0
       0
       0
       0
       0
       0
       0
       0
       0
       1
       0
       0
       0
       0
       0
       0
       1
       0
       0
       0
       0
       0
       0
       0
       0
       0
       1
       0
       0
       0
       0
       2
       1
       0
       1
       0
       1
       0
       0
       0
       0
       0
       0
       0
       1
       0
       1
       0
       0
       1
       0
       1
       1
       0
       0
       0
       0
       0
       0
       0
       0
       0
       0
       0
       0
       0
       0
       0
       1
       0
       0
       0
       1
       0
       0
       0
       2
       0
       1
       0
       0
       0
       1
       0
       1
       0
       0
       0
       0
       0
       0
       0
       0
       0
       0
       0
       1
       0
       0
       0
       1
       0
       0
       0
       0
       1
       0
       1
       1
       0
       2
       1
       0
       0
       0
       1
       0
       0
       1
       2
       0
       0
       0
       1
       0
       1
       0
       0
       0
       1
       0
       1
       0
       0
       0
       1
       0
       0
       0
       2
       1
       1
       0
       0
       0
       0
       0
       0
       1
       0
       1
       1
       0
       0
       0
       0
       0
       0
       0
       0
       1
       0
       0
       0
       0
       0
       0
       0
       0
       0
       0
       0
       0
       0
       0
       0
       0
       0
       0
       1
       0
       0
       1
       1
       0
       0
       0
       1
       1
       0
       0
       0
       0
       0
       0
       0
       0
       0
       1
       0
       0
       0
       0
       0
       0
       0
       0
       0
       0
       0
       0
       0
       0
       0
       0
       0
       2
       0
       0
       1
       1
       1
       0
       0
       0
       1
       1
       0
       0
       0
       0
       0
       0
       0
       0
       0
       0
       0
       0
       0
       0
       0
       0
       0
       0
       2
       0
       1
       0
       0
       0
       0
       0
       0
       1
       0
       0
       1
       0
       1
       1
       0
       0
       0
       0
       0
       0
       0
       1
       0
       0
       0
       0
       1
       1
       0
       0
       0
       0
       0
       0
       0
       0
       0
       0
       1
       0
       0
       0
       0
       2
       0
       0
       0
       0
       0
       0
       0
       0
       0
       0
       0
       0
       0
       0
       0
       0
       0
       0
       0
       0
       0
       0
       0
       0
       1
       0
       1
       0
       0
       0
       0
       0
       0
       0
       0
       0
       1
       1
       1
       1
       0
       0
       0
       1
       0
       0
       0
       0
       0
       0
       0
       0
       0
       0
       0
       0
       0
       1
       1
       1
       0
       0
       0
       1
       0
       0
       0
       0
       2
       0
       1
       0
       0
       0
       0
       0
       0
       0
       0
       0
       0
       1
       0
       1
       1
       0
       0
       0
       0
       0
       0
       1
       0
       0
       0
       0
       0
       1
       0
       0
       1
       1
       2
       0
       0
       2
       0
       0
       0
       1
       1
       0
       0
       0
       0
       0
       0
       0
       0
       0
       0
       1
       0
       2
       0
       0
       0
       0
       0
       0
       0
       2
       0
       0
       0
       0
       1
       0
       0
       0
       0
       1
       0
       0
       0
       0
       0
       0
       0
       0
       0
       1
       0
       1
       0
       0
       0
       0
       0
       0
       0
       2
       0
       0
       0
       1
       2
       1
       0
       0
       0
       0
       0
       0
       0
       0
       0
       1
       0
       0
       2
       0
       1
       0
       0
       1
       0
       0
       0
       1
       0
       0
       0
       0
       0
       0
       0
       0
       0
       1
       0
       0
       1
       0
       2
       1
       0
       0
       0
       0
       1
       1
       0
       0
       0
       0
       1
       0
       0
       1
       1
       0
       0
       0
       0
       0
       0
       0
       0
       0
       0
       0
       3
       0
       2
       0
       0
       0
       0
       0
       0
       0
       0
       1
       0
       0
       0
       0
       0
       1
       0
       0
       1
       1
       0
       0
       0
       0
       1
       0
       0
       0
       0
       0
       0
       0
       0
       0
       0
       1
       0
       3
       0
       0
       0
       0
       0
       0
       0
       1
       1
       0
       0
       0
       0
       0
       1
       0
       0
       0
       1
       1
       0
       0
       0
       1
       0
       0
       0
       0
       0
       0
       1
       0
       0
       0
       0
       0
       0
       0
       0
       0
       1
       1
       0
       2
       1
       0
       0
       0
       1
       0
       1
       2
       0
       0
       2
       2
       0
       2
       0
       0
       1
       0
       0
       1
       3
       2
       0
       0
       0
       0
       0
       0
       1
       0
       0
       0
       0
       0
       0
       0
       1
       1
       0
       1
       0
       0
       1
       1
       0
       0
       0
       0
       0
       1
       0
       0
       0
       0
       1
       0
       1
       0
       0
       0
       0
       0
       0
       0
       0
       0
       0
       0
       0
       0
       1
       0
       0
       0
       0
       0
       0
       0
       0
       0
       0
       1
       0
       0
       1
       0
       0
       0
       2
       1
       0
       1
       0
       0
       0
       0
       0
       1
       0
       0
       2
       0
       0
       0
       0
       0
       0
       0
       0
       0
       1
       0
       0
       1
       0
       1
       0
       0
       1
       0
       0
       2
       0
       0
       2
       0
       0
       0
       1
       0
       1
       0
       0
       2
       0
       0
       0
       0
       0
       0
       0
       0
       0
       0
       0
       0
       1
       0
       0
       0
       0
       0
       0
       0
       0
       0
       0
       1
       0
       1
       0
       0
       0
       1
       1
       0
       1
       0
       0
       0
       0
       0
       0
       0
       0
       0
       0
       0
       0
       0
       0
       0
       0
       0
       0
       0
       1
       1
       0
       0
       0
       0
       0
       0
       0
       0
       0
       1
       1
       0
       0
       0
       0
       0
       0
       0
       0
       1
       0
       1
       0
       0
       0
       0
       0
       0
       0
       0
       0
       0
       0
       0
       0
       1
       0
       0
       0
       0
       0
       0
       0
       0
       1
       0
       0
       0
       0
       0
       0
       0
       0
       0
       0
       0
       0
       0
       0
       0
       0
       0
       0
       0
       0
       0
       0
       0
       0
       0
       0
       0
       0
       0
       0
       0
       0
       0
       0
       0
       0
       0
       0
       0
       0
       0
       0
       0
       0
       0
       0
       0
       0
       0
       0
       0
       0
       0
       0
       0
       0
       0
       0
       1
       0
       0
       0
       0
       0
       0
       1
       0
       1
       0
       0
       0
       0
       0
       0
       1
       0
       0
       0
       0
       0
       0
       0
       0
       0
       0
       0
       0
       1
       0
       0
       0
       0
       0
       0
       0
       0
       0
       0
       0
       0
       0
       0
       0
       0
       0
       0
       0
       0
       0
       0
       1
       0
       0
       0
       0
       0
       1
       0
       0
       0
       0
       0
       0
       0
       0
       0
       0
       0
       0
       0
       0
       1
       0
       0
       0
       0
       0
       0
       1
       1
       0
       0
       0
       0
       0
       0
       0
       0
       0
       0
       0
       0
       0
       0
       0
       0
       0
       0
       0
       0
       0
       0
       0
       0
       1
       0
       0
       0
       0
       0
       0
       0
       0
       0
       0
       0
       0
       0
       0
       0
       0
       0
       0
       0
       0
       0
       0
       0
       0
       0
       0
       0
       0
       0
       0
       0
       0
       0
       0
       0
       0
       0
       0
       0
       0
       0
       0
       0
       0
       0
       0
       0
       0
       0
       0
       0
       0
       0
       0
       0
       0
       0
       0
       0
       0
       0
       0
       0
       0
       0
       0
       0
       0
       0
       0
       0
       0
       0
       0
       0
       0
       0
       0
       0
       0
       0
       0
       0
       0
       0
       0
       1
       0
       0
       0
       1
       0
       0
       1
       0
       0
       0
       1
       1
       0
       0
       0
       0
       0
       0
       0
       0
       0
       0
       0
       0
       0
       0
       0
       0
       0
       0
       0
       0
       0
       0
       0
       0
       0
       0
       0
       0
       0
       0
       0
       0
       0
       0
       0
       0
       0
       0
       0
       0
       0
       1
       0
       0
       0
       0
       0
       0
       0
       0
       1
       0
       0
       0
       0
       1
       0
       0
       0
       0
       0
       0
       0
       0
       0
       0
       0
       0
       1
       0
       0
       0
       0
       0
       0
       0
       0
       0
       0
       0
       0
       0
       0
       0
       0
       0
       0
       0
       0
       0
       0
       0
       0
       0
       0
       0
       0
       0
       0
       0
       0
       0
       0
       0
       0
       0
       0
       0
       0
       0
       0
       0
       0
       0
       0
       0
       0
       0
       0
       0
       0
       0
       0
       1
       1
       0
       2
       2
       1
       1
       2
       2
       2
       1
       1
       2
       3
       2
       3
       2
       4
       1
       1
       4
       3
       2
       3
       2
       3
       6
       2
       3
       3
       1
       1
       4
       0
       0
       0
       0
       0
       0
       0
       0
       1
       0
       0
       0
       0
       0
       0
       0
       0
       0
       0
       0
       0
       0
       0
       0
       0
       0
       0
       0
       0
       0
       0
       0
       0
       0
       0
       0
       0
       0
       0
       0
       0
       0
       0
       0
       0
       1
       0
       0
       0
       0
       0
       0
       0
       0
       0
       0
       0
       0
       0
       0
       0
       0
       0
       0
       0
       0
       0
       0
       0
       0
       0
       0
       0
       0
       0
       0
       0
       0
       0
       0
       0
       0
       0
       0
       0
       0
       0
       0
       0
       0
       0
       0
       0
       0
       0
       0
       0
       0
       0
       0
       0
       0
       0
       0
       0
       0
       0
       0
       0
       0
       0
       0
       0
       0
       0
       0
       0
       0
       0
       0
       0
       0
       0
       1
       0
       0
       0
       0
       0
       0
       0
       0
       0
       0
       0
       0
       0
       0
       0
       0
       0
       1
       0
       0
       0
       0
       0
       0
       0
       0
       0
       0
       0
       0
       0
       0
       0
       0
       0
       0
       0
       0
       0
       0
       0
       0
       0
       0
       0
       0
       0
       0
       0
       0
       0
       0
       0
       0
       0
       0
       0
       0
       1
       0
       0
       0
       0
       0
       0
       0
       0
       0
       0
       0
       0
       0
       0
       0
       0
       0
       0
       0
       0
       0
       0
       0
       0
       0
       0
       0
       0
       0
       0
       0
       0
       0
       0
       0
       0
       0
       0
       0
       0
       0
       0
       0
       0
       0
       0
       0
       0
       0
       0
       0
       0
       0
       0
       0
       0
       0
       0
       0
       0
       0
       0
       0
       0
       0
       0
       0
       0
       0
       0
       0
       0
       0
       0
       0
       0
       0
       0
       0
       0
       0
       0
       0
       0
       0
       0
       0
       0
       0
       0
       0
       0
       0
       0
       0
       1
       0
       0
       0
       0
       0
       0
       0
       0
       0
       0
       1
       0
       0
       0
       0
       0
       0
       0
       0
       0
       0
       0
       0
       0
       0
       0
       0
       0
       0
       0
       0
       0
       0
       0
       0
       0
       0
       0
       0
       0
       0
       0
       0
       0
       0
       0
       0
       0
       0
       0
       0
       0
       0
       0
       0
       0
       0
       0
       0
       0
       0
       0
       1
       0
       0
       0
       0
       0
       0
       0
       0
       0
       0
       0
       0
       0
       0
       0
       0
       0
       0
       0
       0
       0
       0
       0
       0
       0
       0
       0
       0
       0
       0
       0
       0
       0
       0
       0
       0
       0
       0
       0
       0
       0
       0
       0
       0
       0
       0
       0
       0
       0
       0
       0
       0
       0
       0
       0
       0
       0
       0
       0
       0
       0
       0
       0
       0
       0
       0
       0
       0
       0
       0
       0
       0
       0
       0
       0
       1
       0
       0
       0
       0
       1
       0
       0
       0
       0
       0
       0
       0
       0
       0
       0
       1
       0
       0
       0
       0
       0
       0
       0
       0
       0
       0
       0
       0
       0
       0
       0
       0
       0
       0
       0
       0
       0
       0
       0
       0
       0
       0
       0
       0
       0
       0
       0
       0
       0
       0
       0
       0
       0
       0
       0
       0
       0
       0
       0
       0
       0
       0
       0
       0
       0
       0
       0
       0
       0
       0
       0
       0
       0
       0
       0
       0
       0
       1
       0
       0
       0
       0
       0
       0
       0
       0
       0
       0
       0
       0
       0
       0
       0
       0
       0
       0
       0
       0
       0
       0
       0
       0
       0
       0
       0
       0
       0
       0
       0
       0
       0
       0
       0
       0
       0
       0
       0
       0
       0
       0
       0
       0
       0
       0
       0
       0
       0
       0
       0
       0
       1
       0
       0
       0
       0
       0
       0
       0
       1
       0
       0
       0
       0
       0
       0
       0
       0
       0
       0
       0
       0
       0
       0
       0
       0
       0
       0
       0
       0
       0
       0
       0
       0
       0
       0
       0
       0
       0
       0
       0
       0
       0
       0
       0
       0
       0
       0
       0
       0
       0
       0
       0
       0
       0
       0
       0
       0
       0
       0
       0
       0
       1
       0
       0
       0
       0
       0
       0
       0
       0
       0
       0
       0
       0
       0
       0
       0
       0
       0
       0
       0
       0
       0
       0
       0
       0
       0
       0
       0
       0
       0
       0
       0
       0
       0
       0
       0
       0
       0
       0
       0
       0
       0
       0
       0
       1
       0
       0
       0
       0
       0
       0
       0
       0
       0
       0
       0
       0
       0
       0
       0
       0
       0
       0
       0
       0
       0
       0
       0
       0
       0
       0
       0
       0
       0
       0
       0
       0
       0
       0
       0
       0
       0
       0
       0
       0
       0
       0
       0
       0
       0
       0
       0
       0
       0
       0
       0
       0
       0
       0
       0
       0
       0
       0
       0
       0
       0
       0
       0
       0
       0
       0
       0
       0
       0
       0
       0
       0
       0
       0
       0
       0
       0
       0
       0
       0
       0
       0
       0
       0
       0
       0
       0
       0
       0
       0
       0
       0
       0
       0
       0
       0
       0
       0
       1
       0
       0
       0
       0
       0
       0
       0
       0
       0
       0
       0
       0
       0
       0
       0
       0
       0
       0
       0
       0
       0
       0
       0
       0
       0
       0
       0
       0
       0
       0
       0
       0
       0
       0
       1
       0
       0
       0
       0
       0
       0
       0
       0
       0
       0
       0
       0
       0
       0
       0
       0
       0
       0
       0
       1
       0
       0
       0
       0
       0
       0
       0
       0
       0
       0
       0
       0
       0
       0
       0
       0
       0
       0
       0
       0
       0
       0
       0
       0
       0
       0
       0
       0
       0
       0
       0
       0
       0
       0
       0
       0
       0
       0
       0
       0
       0
       0
       0
       0
       0
       0
       0
       0
       0
       0
       0
       0
       0
       0
       0
       0
       0
       0
       0
       0
       0
       0
       0
       0
       0
       0
       0
       0
       0
       0
       0
       0
       0
       0
       0
       0
       0
       0
       0
       0
       0
       0
       0
       0
       0
       0
       0
       0
       0
       0
       0
       0
       0
       0
       0
       0
       0
       0
       0
       0
       0
       0
       0
       0
       0
       1
       0
       0
       0
       0
       0
       0
       0
       0
       0
       0
       0
       0
       0
       0
       0
       0
       0
       0
       0
       0
       0
       0
       0
       0
       0
       0
       0
       0
       0
       0
       0
       0
       0
       0
       0
       0
       0
       0
       0
       0
       0
       1
       0
       0
       0
       0
       0
       0
       0
       0
       0
       0
       1
       0
       0
       0
       0
       0
       0
       0
       0
       0
       0
       0
       0
       0
       0
       0
       0
       0
       0
       0
       0
       0
       0
       0
       0
       0
       0
       0
       0
       0
       1
       0
       0
       0
       0
       0
       0
       0
       0
       0
       0
       0
       0
       0
       0
       0
       0
       0
       0
       0
       0
       0
       0
       0
       0
       0
       0
       0
       0
       0
       0
       0
       0
       0
       0
       0
       0
       0
       0
       0
       0
       0
       0
       0
       0
       0
       0
       0
       0
       0
       0
       0
       0
       0
       0
       0
       0
       0
       0
       0
       0
       0
       0
       0
       0
       0
       0
       0
       0
       0
       0
       0
       0
       0
       0
       0
       0
       0
       0
       0
       0
       0
       0
       0
       0
       0
       0
       0
       0
       0
       0
       0
       0
       0
       0
       0
       0
       0
       0
       0
       0
       0
       0
       0
       0
       0
       0
       0
       0
       0
       0
       0
       0
       0
       0
       0
       0
       0
       0
       0
       0
       0
       0
       0
       0
       0
       0
       0
       0
       0
       0
       0
       0
       0
       0
       0
       0
       0
       0
       0
       0
       0
       0
       0
       0
       0
       0
       0
       0
       0
       0
       0
       0
       0
       0
       0
       0
       0
       0
       0
       0
       0
       0
       0
       0
       0
       0
       0
       0
       0
       0
       0
       0
       0
       0
       0
       0
       0
       0
       0
       0
       0
       0
       0
       0
       0
       0
       0
       0
       0
       0
       0
       0
       0
       0
       0
       0
       0
       0
       0
       0
       0
       0
       0
       0
       0
       0
       0
       0
       0
       0
       0
       0
       0
       0
       0
       0
       0
       0
       0
       0
       0
       0
       0
       0
       0
       0
       0
       0
       0
       0
       0
       0
       0
       0
       0
       0
       0
       0
       0
       0
       0
       0
       0
       0
       0
       0
       0
       0
       0
       0
       0
       0
       0
       0
       0
       0
       0
       0
       0
       0
       0
       0
       0
       0
       0
       0
       0
       0
       0
       0
       0
       0
       0
       0
       0
       0
       0
       0
       0
       0
       0
       0
       0
       0
       0
       0
       0
       0
       0
       0
       0
       0
       0
       0
       0
       0
       0
       0
       0
$ROI:
16
142 158
301 317
609 627
855 875
976 998
1653 1685
1944 1972
2085 2117
2243 2277
2407 2439
2718 2754
2783 2819
2932 2970
3333 3375
3519 3569
4559 4650
$PRESETS:
None
0
0
$ENER_FIT:
-0.295963 0.397094
$MCA_CAL:
3
-2.959626E-001 3.970943E-001 2.040153E-008 keV
$SHAPE_CAL:
3
2.934850E+000 2.476926E-003 8.137364E-008
