   E (MeV)	Unadj. F×Eavg	Adj. F×Eavg
 1.00000E-10	 1.37994E+01	 1.37948E+01
 1.00000E-09	 1.37994E+01	 1.37948E+01
 1.00000E-09	 1.87220E+01	 1.87193E+01
 1.00000E-08	 1.87220E+01	 1.87193E+01
 1.00000E-08	 5.11252E+01	 5.11237E+01
 2.30000E-08	 5.11252E+01	 5.11237E+01
 2.30000E-08	 6.82497E+01	 6.82514E+01
 5.00000E-08	 6.82497E+01	 6.82514E+01
 5.00000E-08	 1.45234E+02	 1.45241E+02
 7.60000E-08	 1.45234E+02	 1.45241E+02
 7.60000E-08	 1.65074E+02	 1.65084E+02
 1.15000E-07	 1.65074E+02	 1.65084E+02
 1.15000E-07	 1.86093E+02	 1.86107E+02
 1.70000E-07	 1.86093E+02	 1.86107E+02
 1.70000E-07	 1.78731E+02	 1.78745E+02
 2.55000E-07	 1.78731E+02	 1.78745E+02
 2.55000E-07	 1.71856E+02	 1.71869E+02
 3.80000E-07	 1.71856E+02	 1.71869E+02
 3.80000E-07	 1.69955E+02	 1.69968E+02
 5.50000E-07	 1.69955E+02	 1.69968E+02
 5.50000E-07	 1.31550E+02	 1.31558E+02
 8.40000E-07	 1.31550E+02	 1.31558E+02
 8.40000E-07	 1.11867E+02	 1.11868E+02
 1.27500E-06	 1.11867E+02	 1.11868E+02
 1.27500E-06	 9.22207E+01	 9.22118E+01
 1.90000E-06	 9.22207E+01	 9.22118E+01
 1.90000E-06	 7.11133E+01	 7.10922E+01
 2.80000E-06	 7.11133E+01	 7.10922E+01
 2.80000E-06	 4.87825E+01	 4.87543E+01
 4.25000E-06	 4.87825E+01	 4.87543E+01
 4.25000E-06	 3.93876E+01	 3.93516E+01
 6.30000E-06	 3.93876E+01	 3.93516E+01
 6.30000E-06	 3.38954E+01	 3.38528E+01
 9.20000E-06	 3.38954E+01	 3.38528E+01
 9.20000E-06	 3.02441E+01	 3.01963E+01
 1.35000E-05	 3.02441E+01	 3.01963E+01
 1.35000E-05	 2.45188E+01	 2.44718E+01
 2.10000E-05	 2.45188E+01	 2.44718E+01
 2.10000E-05	 2.62909E+01	 2.62302E+01
 3.00000E-05	 2.62909E+01	 2.62302E+01
 3.00000E-05	 1.99011E+01	 1.98449E+01
 4.50000E-05	 1.99011E+01	 1.98449E+01
 4.50000E-05	 1.75792E+01	 1.75177E+01
 6.90000E-05	 1.75792E+01	 1.75177E+01
 6.90000E-05	 1.85911E+01	 1.85111E+01
 1.00000E-04	 1.85911E+01	 1.85111E+01
 1.00000E-04	 2.20792E+01	 2.19642E+01
 1.35000E-04	 2.20792E+01	 2.19642E+01
 1.35000E-04	 3.46936E+01	 3.44796E+01
 1.70000E-04	 3.46936E+01	 3.44796E+01
 1.70000E-04	 3.53747E+01	 3.51222E+01
 2.20000E-04	 3.53747E+01	 3.51222E+01
 2.20000E-04	 4.18823E+01	 4.15448E+01
 2.80000E-04	 4.18823E+01	 4.15448E+01
 2.80000E-04	 4.40997E+01	 4.37080E+01
 3.60000E-04	 4.40997E+01	 4.37080E+01
 3.60000E-04	 5.43880E+01	 5.38680E+01
 4.50000E-04	 5.43880E+01	 5.38680E+01
 4.50000E-04	 5.46272E+01	 5.40784E+01
 5.75000E-04	 5.46272E+01	 5.40784E+01
 5.75000E-04	 5.35184E+01	 5.29669E+01
 7.60000E-04	 5.35184E+01	 5.29669E+01
 7.60000E-04	 7.19409E+01	 7.12004E+01
 9.60000E-04	 7.19409E+01	 7.12004E+01
 9.60000E-04	 6.79650E+01	 6.72853E+01
 1.27500E-03	 6.79650E+01	 6.72853E+01
 1.27500E-03	 9.85931E+01	 9.76643E+01
 1.60000E-03	 9.85931E+01	 9.76643E+01
 1.60000E-03	 1.18567E+02	 1.17551E+02
 2.00000E-03	 1.18567E+02	 1.17551E+02
 2.00000E-03	 1.06002E+02	 1.05207E+02
 2.70000E-03	 1.06002E+02	 1.05207E+02
 2.70000E-03	 1.66588E+02	 1.65546E+02
 3.40000E-03	 1.66588E+02	 1.65546E+02
 3.40000E-03	 1.93508E+02	 1.92555E+02
 4.50000E-03	 1.93508E+02	 1.92555E+02
 4.50000E-03	 4.22869E+02	 4.21358E+02
 5.50000E-03	 4.22869E+02	 4.21358E+02
 5.50000E-03	 4.47558E+02	 4.46545E+02
 7.20000E-03	 4.47558E+02	 4.46545E+02
 7.20000E-03	 6.52057E+02	 6.51377E+02
 9.20000E-03	 6.52057E+02	 6.51377E+02
 9.20000E-03	 7.61753E+02	 7.61792E+02
 1.20000E-02	 7.61753E+02	 7.61792E+02
 1.20000E-02	 1.10247E+03	 1.10358E+03
 1.50000E-02	 1.10247E+03	 1.10358E+03
 1.50000E-02	 1.22795E+03	 1.23020E+03
 1.90000E-02	 1.22795E+03	 1.23020E+03
 1.90000E-02	 1.13578E+03	 1.13864E+03
 2.55000E-02	 1.13578E+03	 1.13864E+03
 2.55000E-02	 1.64798E+03	 1.65309E+03
 3.20000E-02	 1.64798E+03	 1.65309E+03
 3.20000E-02	 1.84947E+03	 1.85610E+03
 4.00000E-02	 1.84947E+03	 1.85610E+03
 4.00000E-02	 1.65347E+03	 1.66007E+03
 5.25000E-02	 1.65347E+03	 1.66007E+03
 5.25000E-02	 2.11225E+03	 2.12139E+03
 6.60000E-02	 2.11225E+03	 2.12139E+03
 6.60000E-02	 1.80467E+03	 1.81301E+03
 8.80000E-02	 1.80467E+03	 1.81301E+03
 8.80000E-02	 2.48527E+03	 2.49740E+03
 1.10000E-01	 2.48527E+03	 2.49740E+03
 1.10000E-01	 2.90890E+03	 2.92379E+03
 1.35000E-01	 2.90890E+03	 2.92379E+03
 1.35000E-01	 3.79791E+03	 3.81822E+03
 1.60000E-01	 3.79791E+03	 3.81822E+03
 1.60000E-01	 4.11735E+03	 4.14029E+03
 1.90000E-01	 4.11735E+03	 4.14029E+03
 1.90000E-01	 5.36528E+03	 5.39635E+03
 2.20000E-01	 5.36528E+03	 5.39635E+03
 2.20000E-01	 6.02105E+03	 6.05721E+03
 2.55000E-01	 6.02105E+03	 6.05721E+03
 2.55000E-01	 7.92526E+03	 7.97440E+03
 2.90000E-01	 7.92526E+03	 7.97440E+03
 2.90000E-01	 1.20342E+04	 1.21107E+04
 3.20000E-01	 1.20342E+04	 1.21107E+04
 3.20000E-01	 1.18114E+04	 1.18877E+04
 3.60000E-01	 1.18114E+04	 1.18877E+04
 3.60000E-01	 1.55742E+04	 1.56755E+04
 4.00000E-01	 1.55742E+04	 1.56755E+04
 4.00000E-01	 1.64185E+04	 1.65243E+04
 4.50000E-01	 1.64185E+04	 1.65243E+04
 4.50000E-01	 2.14561E+04	 2.15908E+04
 5.00000E-01	 2.14561E+04	 2.15908E+04
 5.00000E-01	 2.73420E+04	 2.75057E+04
 5.50000E-01	 2.73420E+04	 2.75057E+04
 5.50000E-01	 3.38404E+04	 3.40285E+04
 6.00000E-01	 3.38404E+04	 3.40285E+04
 6.00000E-01	 3.40554E+04	 3.42257E+04
 6.60000E-01	 3.40554E+04	 3.42257E+04
 6.60000E-01	 3.99428E+04	 4.01151E+04
 7.20000E-01	 3.99428E+04	 4.01151E+04
 7.20000E-01	 4.51051E+04	 4.52640E+04
 7.80000E-01	 4.51051E+04	 4.52640E+04
 7.80000E-01	 4.91207E+04	 4.92518E+04
 8.40000E-01	 4.91207E+04	 4.92518E+04
 8.40000E-01	 3.93182E+04	 3.93891E+04
 9.20000E-01	 3.93182E+04	 3.93891E+04
 9.20000E-01	 4.13326E+04	 4.13736E+04
 1.00000E+00	 4.13326E+04	 4.13736E+04
 1.00000E+00	 1.81083E+04	 1.81137E+04
 1.20000E+00	 1.81083E+04	 1.81137E+04
 1.20000E+00	 2.05855E+04	 2.05808E+04
 1.40000E+00	 2.05855E+04	 2.05808E+04
 1.40000E+00	 2.33774E+04	 2.33642E+04
 1.60000E+00	 2.33774E+04	 2.33642E+04
 1.60000E+00	 2.70945E+04	 2.70751E+04
 1.80000E+00	 2.70945E+04	 2.70751E+04
 1.80000E+00	 3.24690E+04	 3.24458E+04
 2.00000E+00	 3.24690E+04	 3.24458E+04
 2.00000E+00	 2.75222E+04	 2.75052E+04
 2.30000E+00	 2.75222E+04	 2.75052E+04
 2.30000E+00	 3.65486E+04	 3.65307E+04
 2.60000E+00	 3.65486E+04	 3.65307E+04
 2.60000E+00	 4.89064E+04	 4.88886E+04
 2.90000E+00	 4.89064E+04	 4.88886E+04
 2.90000E+00	 4.97210E+04	 4.97073E+04
 3.30000E+00	 4.97210E+04	 4.97073E+04
 3.30000E+00	 6.74762E+04	 6.74614E+04
 3.70000E+00	 6.74762E+04	 6.74614E+04
 3.70000E+00	 8.99569E+04	 8.99399E+04
 4.10000E+00	 8.99569E+04	 8.99399E+04
 4.10000E+00	 1.18055E+05	 1.18036E+05
 4.50000E+00	 1.18055E+05	 1.18036E+05
 4.50000E+00	 1.23466E+05	 1.23450E+05
 5.00000E+00	 1.23466E+05	 1.23450E+05
 5.00000E+00	 1.60272E+05	 1.60255E+05
 5.50000E+00	 1.60272E+05	 1.60255E+05
 5.50000E+00	 2.03615E+05	 2.03600E+05
 6.00000E+00	 2.03615E+05	 2.03600E+05
 6.00000E+00	 1.82913E+05	 1.82905E+05
 6.70000E+00	 1.82913E+05	 1.82905E+05
 6.70000E+00	 2.25643E+05	 2.25641E+05
 7.40000E+00	 2.25643E+05	 2.25641E+05
 7.40000E+00	 2.35622E+05	 2.35625E+05
 8.20000E+00	 2.35622E+05	 2.35625E+05
 8.20000E+00	 2.71022E+05	 2.71032E+05
 9.00000E+00	 2.71022E+05	 2.71032E+05
 9.00000E+00	 2.41232E+05	 2.41243E+05
 1.00000E+01	 2.41232E+05	 2.41243E+05
 1.00000E+01	 2.59310E+05	 2.59324E+05
 1.10000E+01	 2.59310E+05	 2.59324E+05
 1.10000E+01	 2.66894E+05	 2.66909E+05
 1.20000E+01	 2.66894E+05	 2.66909E+05
 1.20000E+01	 2.63727E+05	 2.63743E+05
 1.30000E+01	 2.63727E+05	 2.63743E+05
 1.30000E+01	 2.50251E+05	 2.50265E+05
 1.40000E+01	 2.50251E+05	 2.50265E+05
 1.40000E+01	 2.27968E+05	 2.27979E+05
 1.50000E+01	 2.27968E+05	 2.27979E+05
 1.50000E+01	 1.99004E+05	 1.99011E+05
 1.60000E+01	 1.99004E+05	 1.99011E+05
 1.60000E+01	 1.66169E+05	 1.66173E+05
 1.70000E+01	 1.66169E+05	 1.66173E+05
 1.70000E+01	 1.32984E+05	 1.32986E+05
 1.80000E+01	 1.32984E+05	 1.32986E+05
 1.80000E+01	 1.02210E+05	 1.02210E+05
 1.90000E+01	 1.02210E+05	 1.02210E+05
 1.90000E+01	 7.61615E+04	 7.61606E+04
 2.00000E+01	 7.61615E+04	 7.61606E+04
 2.00000E+01	 5.57025E+04	 5.57007E+04
 2.10000E+01	 5.57025E+04	 5.57007E+04
 2.10000E+01	 4.06736E+04	 4.06703E+04
 2.20000E+01	 4.06736E+04	 4.06703E+04
 2.20000E+01	 2.99454E+04	 2.99400E+04
 2.30000E+01	 2.99454E+04	 2.99400E+04
 2.30000E+01	 2.19662E+04	 2.19587E+04
 2.40000E+01	 2.19662E+04	 2.19587E+04
 2.40000E+01	 1.53303E+04	 1.53216E+04
 2.50000E+01	 1.53303E+04	 1.53216E+04
 2.50000E+01	 9.15630E+03	 9.14855E+03
 2.60000E+01	 9.15630E+03	 9.14855E+03
 2.60000E+01	 3.08568E+03	 3.08207E+03
 2.70000E+01	 3.08568E+03	 3.08207E+03
 2.70000E+01	 4.58815E+02	 4.58123E+02
 2.80000E+01	 4.58815E+02	 4.58123E+02
 2.80000E+01	 1.88029E+02	 1.87685E+02
 2.90000E+01	 1.88029E+02	 1.87685E+02
 2.90000E+01	 9.80497E+01	 9.78445E+01
 3.00000E+01	 9.80497E+01	 9.78445E+01
 3.00000E+01	 6.34010E+01	 6.32570E+01
 3.10000E+01	 6.34010E+01	 6.32570E+01
 3.10000E+01	 4.92914E+01	 4.91759E+01
 3.20000E+01	 4.92914E+01	 4.91759E+01
 3.20000E+01	 4.45938E+01	 4.44906E+01
 3.30000E+01	 4.45938E+01	 4.44906E+01
 3.30000E+01	 4.54260E+01	 4.53259E+01
 3.40000E+01	 4.54260E+01	 4.53259E+01
 3.40000E+01	 5.06045E+01	 5.05011E+01
 3.50000E+01	 5.06045E+01	 5.05011E+01
 3.50000E+01	 6.00301E+01	 5.99185E+01
 3.60000E+01	 6.00301E+01	 5.99185E+01
 3.60000E+01	 7.41795E+01	 7.40545E+01
 3.70000E+01	 7.41795E+01	 7.40545E+01
 3.70000E+01	 9.38210E+01	 9.36770E+01
 3.80000E+01	 9.38210E+01	 9.36770E+01
 3.80000E+01	 1.19796E+02	 1.19626E+02
 3.90000E+01	 1.19796E+02	 1.19626E+02
 3.90000E+01	 1.52900E+02	 1.52694E+02
 4.00000E+01	 1.52900E+02	 1.52694E+02
 4.00000E+01	 1.93715E+02	 1.93459E+02
 4.10000E+01	 1.93715E+02	 1.93459E+02
 4.10000E+01	 2.42592E+02	 2.42269E+02
 4.20000E+01	 2.42592E+02	 2.42269E+02
 4.20000E+01	 2.99547E+02	 2.99134E+02
 4.30000E+01	 2.99547E+02	 2.99134E+02
 4.30000E+01	 3.64541E+02	 3.64010E+02
 4.40000E+01	 3.64541E+02	 3.64010E+02
 4.40000E+01	 4.37294E+02	 4.36614E+02
 4.50000E+01	 4.37294E+02	 4.36614E+02
 4.50000E+01	 5.17928E+02	 5.17063E+02
 4.60000E+01	 5.17928E+02	 5.17063E+02
 4.60000E+01	 6.06356E+02	 6.05267E+02
 4.70000E+01	 6.06356E+02	 6.05267E+02
 4.70000E+01	 7.03517E+02	 7.02161E+02
 4.80000E+01	 7.03517E+02	 7.02161E+02
 4.80000E+01	 8.10186E+02	 8.08521E+02
 4.90000E+01	 8.10186E+02	 8.08521E+02
 4.90000E+01	 9.28381E+02	 9.26360E+02
 5.00000E+01	 9.28381E+02	 9.26360E+02
 5.00000E+01	 1.06070E+03	 1.05828E+03
 5.10000E+01	 1.06070E+03	 1.05828E+03
 5.10000E+01	 1.21065E+03	 1.20778E+03
 5.20000E+01	 1.21065E+03	 1.20778E+03
 5.20000E+01	 1.38221E+03	 1.37884E+03
 5.30000E+01	 1.38221E+03	 1.37884E+03
 5.30000E+01	 1.58029E+03	 1.57636E+03
 5.40000E+01	 1.58029E+03	 1.57636E+03
 5.40000E+01	 1.81050E+03	 1.80598E+03
 5.50000E+01	 1.81050E+03	 1.80598E+03
 5.50000E+01	 2.07914E+03	 2.07399E+03
 5.60000E+01	 2.07914E+03	 2.07399E+03
 5.60000E+01	 2.39277E+03	 2.38696E+03
 5.70000E+01	 2.39277E+03	 2.38696E+03
 5.70000E+01	 2.75774E+03	 2.75129E+03
 5.80000E+01	 2.75774E+03	 2.75129E+03
 5.80000E+01	 3.17907E+03	 3.17199E+03
 5.90000E+01	 3.17907E+03	 3.17199E+03
 5.90000E+01	 3.66220E+03	 3.65456E+03
 6.00000E+01	 3.66220E+03	 3.65456E+03
