$SPEC_ID:
Pulser
$SPEC_REM:
DET# 2
DETDESC# DETECTOR 2
AP# GammaVision Version 7.01.03
$DATE_MEA:
03/26/2017 13:08:41
$MEAS_TIM:
1125 1558
$DATA:
0 8191
       0
       0
       0
       0
       0
       0
       0
       0
       0
       0
       0
       0
       0
       0
       0
       0
       0
       0
       0
       0
       0
       0
       0
    1679
   46110
   40429
   25163
   21501
   20342
   20187
   19938
   20469
   20993
   21306
   22325
   22991
   22963
   23084
   21997
   21764
   21561
   21656
   21842
   22251
   22626
   22566
   22465
   22517
   22562
   22906
   23209
   24061
   25332
   27732
   31067
   33813
   34797
   34283
   35918
   43618
   52311
   55569
   49215
   39376
   31811
   28780
   29712
   32777
   35926
   37506
   36975
   36611
   36723
   37459
   38270
   39381
   42658
   57373
   99174
  174142
  252081
  276863
  230351
  151258
   86799
   50169
   34686
   30061
   32062
   42812
   63218
   84483
   91681
   82750
   65028
   48068
   35375
   28119
   24589
   22884
   22852
   22305
   22299
   22327
   22652
   22385
   22333
   22239
   22259
   22276
   22180
   22277
   22336
   22306
   22133
   22292
   22181
   22347
   22290
   22200
   22298
   22259
   22592
   22342
   22428
   22522
   22332
   22499
   22240
   22513
   22276
   22399
   22689
   22333
   22467
   22303
   22528
   22507
   22387
   22211
   22397
   22296
   22556
   22317
   22737
   22473
   22536
   22426
   22846
   22569
   22656
   22840
   22832
   22765
   22975
   22738
   22811
   22801
   22903
   22656
   22723
   22952
   22900
   22890
   22770
   23113
   22796
   22667
   22785
   22618
   22886
   22872
   22940
   23196
   22998
   23069
   22714
   22985
   22737
   23105
   23686
   24625
   26482
   28710
   28429
   27821
   27533
   28671
   32033
   33580
   31915
   28475
   25568
   23633
   22886
   22728
   22375
   22170
   22307
   22320
   22035
   22399
   22186
   22410
   22330
   22405
   22104
   22426
   22264
   22292
   22653
   23464
   24907
   26049
   26440
   25866
   24591
   23592
   22859
   22792
   23341
   23568
   22979
   22552
   22106
   21787
   21761
   22123
   21734
   21682
   21791
   21585
   21620
   21792
   21702
   21668
   21257
   21567
   21376
   21664
   21776
   21715
   21393
   21395
   21410
   21680
   21457
   21490
   21691
   21427
   21341
   21496
   21612
   21454
   21437
   21589
   21449
   21405
   21547
   21480
   21624
   21636
   21336
   21539
   21436
   21461
   21579
   21644
   21419
   21662
   21460
   21787
   21369
   21420
   21308
   21572
   21641
   21525
   21664
   21627
   21712
   21528
   21794
   21534
   21822
   21692
   21977
   21935
   21749
   21792
   21795
   21875
   22020
   22230
   21949
   21879
   21719
   22055
   21825
   21753
   21734
   21938
   21955
   22053
   21795
   21674
   21745
   21807
   21833
   21980
   22057
   22146
   21869
   21855
   22083
   21876
   22065
   21795
   21846
   21974
   21908
   21791
   21961
   22232
   22048
   22115
   22059
   21702
   21955
   21871
   21791
   21944
   21949
   21824
   21985
   21926
   22145
   21750
   21644
   21970
   22293
   21804
   21827
   22035
   22072
   21914
   22026
   21965
   21853
   21927
   21738
   21927
   21929
   21861
   21950
   22035
   21656
   21944
   22011
   21785
   21898
   22049
   22032
   21857
   21939
   21594
   22119
   21966
   21903
   21902
   21846
   22053
   22262
   21849
   21904
   22098
   21861
   22088
   22062
   22028
   21981
   21957
   22008
   21789
   22029
   21678
   21990
   22108
   22166
   22159
   22027
   22068
   22018
   21949
   21997
   21939
   21908
   22184
   22013
   22133
   22188
   22261
   22133
   21920
   22297
   22462
   22307
   22059
   22190
   21932
   22062
   22248
   22223
   22370
   22050
   22346
   22465
   22347
   22284
   22125
   22557
   22166
   22237
   22467
   22335
   22387
   22531
   22513
   22481
   22292
   22358
   22286
   22594
   22393
   22463
   22677
   22748
   22653
   22577
   22630
   22576
   22963
   23012
   22584
   23108
   23037
   23024
   23134
   23232
   23027
   23347
   23445
   23419
   23880
   23687
   23661
   24270
   24165
   24267
   24973
   25351
   25704
   26362
   26772
   27786
   28589
   29009
   29936
   30831
   31379
   31758
   32129
   32299
   32361
   32561
   32465
   32564
   32374
   32277
   32316
   32016
   31839
   32056
   32046
   31605
   31733
   31325
   30917
   31561
   31071
   30973
   31089
   30569
   30535
   30560
   30320
   30473
   29967
   29529
   29994
   30065
   30064
   29571
   29516
   29467
   29135
   29747
   29394
   29199
   28513
   28940
   28691
   28767
   28841
   28578
   28423
   28632
   28509
   28058
   28403
   27957
   27988
   28162
   27703
   27642
   27482
   28133
   28076
   27674
   27483
   27479
   27892
   27188
   27405
   27288
   27429
   27212
   27111
   26830
   27038
   26843
   26705
   26686
   27083
   26548
   26781
   27126
   26688
   26754
   26701
   26479
   26484
   26472
   26153
   26510
   26270
   26376
   26164
   26373
   26350
   26138
   25965
   25903
   26111
   25787
   26075
   26171
   26254
   25891
   26072
   25846
   25972
   25931
   25724
   26045
   25665
   25796
   25677
   25402
   25529
   25657
   25607
   25694
   25595
   25590
   25435
   25729
   25317
   25413
   25570
   25335
   25216
   25167
   25318
   25400
   25231
   25307
   25094
   25222
   25679
   25352
   25095
   25229
   25414
   24963
   25190
   24760
   24947
   24781
   25072
   25014
   25014
   25077
   25200
   24881
   25173
   24621
   24884
   24850
   25100
   25260
   25010
   24993
   25045
   24832
   24551
   24710
   24716
   24988
   24629
   24650
   24923
   24695
   24705
   24749
   25036
   24505
   24666
   24800
   24788
   24653
   24459
   24355
   24771
   24769
   24778
   24444
   24562
   24480
   24696
   24434
   24818
   24496
   24456
   24599
   24505
   24465
   24563
   24406
   24722
   24590
   24592
   24240
   24474
   24492
   24463
   24592
   24518
   24393
   24368
   24409
   24494
   24334
   24532
   24403
   24626
   24516
   24196
   24464
   24777
   24609
   24190
   24351
   24436
   24193
   24356
   24214
   24294
   24097
   24446
   24262
   24464
   23848
   24209
   24326
   24477
   24864
   24454
   23954
   24569
   24413
   24281
   24326
   24180
   24360
   24404
   23985
   24416
   24415
   24407
   24308
   24320
   24274
   24418
   24269
   24308
   24247
   24286
   24615
   23998
   24208
   24434
   24482
   24350
   24061
   24262
   24349
   24383
   24195
   24381
   24256
   24191
   24176
   24154
   24181
   24296
   24162
   24367
   24202
   24475
   24263
   24184
   24327
   24383
   24329
   24344
   24646
   24347
   24272
   24370
   24433
   24189
   24416
   24249
   24256
   24338
   24302
   24315
   24471
   24188
   24558
   24636
   24323
   24481
   24161
   24542
   24511
   24437
   24392
   24475
   24412
   24436
   24637
   24408
   24453
   24495
   24784
   24449
   24660
   24591
   24522
   24677
   24763
   24549
   24475
   24692
   24670
   24667
   24334
   24635
   24849
   24520
   24685
   24695
   24727
   24872
   24998
   24830
   24843
   24632
   24976
   24962
   24651
   24710
   24674
   24842
   24812
   24935
   24596
   24871
   25057
   24872
   24735
   25004
   24908
   24901
   25073
   24926
   24965
   24869
   24911
   24991
   24993
   25263
   25101
   24807
   25122
   25248
   25466
   24937
   25440
   25041
   25186
   25293
   25344
   25433
   25446
   25452
   25317
   25346
   25397
   25379
   25431
   25518
   25330
   25050
   25518
   25462
   25358
   25877
   25480
   25510
   25189
   25642
   25450
   25840
   25725
   25577
   25826
   25876
   25574
   25479
   25839
   25506
   25709
   25600
   25911
   25885
   25835
   25622
   25731
   26041
   26034
   26166
   26030
   25967
   26042
   26286
   26020
   26272
   26114
   26082
   26514
   26342
   26470
   26142
   26231
   26184
   26423
   26443
   26349
   26642
   26487
   26561
   26544
   26327
   26656
   26588
   26420
   26631
   26587
   26698
   26832
   26822
   26673
   26821
   26716
   26956
   26912
   27079
   26942
   27128
   27049
   26961
   27171
   27316
   26790
   27108
   27209
   27269
   27313
   26982
   27087
   27264
   27589
   27102
   27290
   27355
   27759
   27576
   27511
   27460
   27670
   27834
   27504
   27800
   27891
   27962
   27895
   27896
   27913
   27863
   28144
   28079
   27981
   28134
   28048
   28309
   28082
   28192
   28327
   28484
   28336
   28056
   28371
   28612
   28279
   28646
   28541
   28536
   28472
   28732
   28681
   29055
   28802
   29080
   28913
   29068
   28734
   28957
   29479
   29179
   29123
   29283
   29336
   29186
   29437
   29369
   29062
   29418
   29327
   29453
   29419
   29755
   29778
   29548
   29515
   29879
   29769
   29646
   29767
   29921
   29896
   30084
   30191
   29975
   30393
   30499
   30097
   30322
   30717
   30428
   30376
   30625
   30515
   30540
   30775
   30793
   30828
   31133
   30835
   30733
   30930
   30985
   31045
   30939
   31665
   31620
   31020
   31110
   31484
   31422
   31739
   31734
   31843
   31718
   31746
   31757
   31997
   31718
   32356
   32090
   32151
   32456
   32329
   32902
   32665
   32690
   32752
   32747
   32807
   32531
   33306
   33160
   32798
   33065
   33437
   33369
   33132
   33835
   33608
   33731
   33600
   33977
   33695
   34063
   34073
   34233
   34164
   34289
   34225
   34281
   34402
   34185
   34750
   34541
   34730
   34937
   35012
   34968
   35057
   35385
   35273
   35100
   35235
   35002
   35548
   35402
   35397
   35879
   35757
   36113
   35659
   36175
   35923
   35744
   36090
   36513
   36646
   36628
   36575
   37119
   36867
   37070
   36909
   36981
   37262
   37418
   37172
   37775
   37627
   37539
   37779
   38073
   37744
   37889
   38023
   38238
   37839
   38276
   38351
   38987
   38850
   38877
   39088
   39010
   38940
   39454
   39152
   39359
   39382
   39406
   39768
   39659
   39572
   40121
   39939
   40179
   40787
   40431
   40280
   40664
   40804
   41085
   41035
   41075
   41788
   41437
   41562
   41699
   41708
   41387
   42334
   42068
   42540
   42459
   42272
   42487
   42677
   43017
   42795
   43052
   42683
   43012
   43249
   43461
   43516
   43779
   43905
   43525
   43863
   44069
   44510
   43770
   44585
   44711
   44654
   45017
   44630
   44772
   44935
   44821
   44949
   44894
   44927
   44771
   45293
   45271
   45525
   45304
   45015
   44943
   45279
   44991
   45157
   44866
   44551
   44759
   44500
   43982
   44603
   43502
   43411
   43297
   42696
   42448
   41773
   41343
   40585
   39678
   38577
   37689
   36871
   35871
   34745
   33862
   33136
   32198
   31391
   30975
   30235
   29729
   29484
   28884
   28450
   28165
   27759
   27218
   27347
   26384
   26359
   26290
   25871
   25382
   25754
   25360
   25233
   25180
   24801
   24721
   24583
   24550
   24269
   24051
   23993
   23432
   23726
   23464
   23418
   23174
   22821
   22706
   22525
   22554
   22526
   22426
   22226
   22283
   22203
   21817
   22095
   21731
   21594
   21556
   21438
   21320
   21211
   21433
   20701
   20813
   20630
   20476
   20627
   20548
   20442
   20182
   19976
   20066
   19785
   19763
   19665
   19420
   19718
   19407
   19536
   19217
   19164
   19126
   18997
   18683
   18723
   18404
   18539
   18360
   18356
   18316
   18052
   18080
   17903
   17819
   17728
   17526
   17647
   17512
   17360
   17363
   17330
   17107
   17298
   16845
   16980
   16659
   16636
   16588
   16512
   16338
   16418
   16123
   16321
   16098
   16126
   15824
   15754
   15527
   15588
   15415
   15464
   15307
   15017
   15252
   14780
   14670
   14922
   14736
   14776
   14462
   14564
   14368
   14148
   14345
   14198
   14226
   13967
   13644
   13750
   13773
   13594
   13724
   13565
   13301
   13183
   12991
   13075
   12771
   12771
   12518
   12749
   12402
   12531
   12327
   12174
   12037
   11797
   12000
   11851
   11904
   11490
   11669
   11399
   11589
   11357
   11170
   11102
   11210
   10981
   10771
   10586
   10538
   10725
   10291
   10347
   10309
   10134
   10252
    9939
    9925
    9793
    9569
    9561
    9541
    9343
    9320
    9141
    9227
    9145
    8931
    8753
    8751
    8750
    8623
    8552
    8406
    8455
    8457
    8206
    8022
    8004
    7840
    7777
    7941
    7817
    7789
    7492
    7611
    7684
    7379
    7306
    7262
    7388
    7237
    7105
    7036
    6914
    7067
    6888
    7066
    6946
    6729
    6775
    6664
    6569
    6583
    6581
    6492
    6346
    6482
    6524
    6363
    6282
    6327
    6292
    6261
    6236
    6226
    6089
    6047
    5983
    6083
    5882
    5858
    5873
    5633
    5919
    5791
    5889
    5731
    5850
    5653
    5628
    5773
    5618
    5541
    5501
    5589
    5608
    5534
    5499
    5513
    5537
    5506
    5417
    5424
    5314
    5508
    5370
    5238
    5340
    5433
    5226
    5329
    5295
    5273
    5247
    5202
    5120
    5240
    5077
    5240
    5161
    5097
    5010
    5113
    5186
    5174
    5140
    5068
    4919
    5053
    5020
    4912
    5026
    5031
    4881
    4910
    4824
    4864
    4918
    4894
    4866
    4781
    4769
    4782
    4796
    4749
    4857
    4783
    4866
    4925
    4761
    4759
    4833
    4727
    4867
    4709
    4722
    4763
    4816
    4759
    4725
    4676
    4646
    4630
    4683
    4762
    4664
    4685
    4607
    4566
    4620
    4619
    4646
    4730
    4565
    4531
    4575
    4578
    4611
    4601
    4536
    4587
    4647
    4577
    4492
    4497
    4532
    4446
    4544
    4451
    4489
    4495
    4328
    4425
    4530
    4434
    4457
    4451
    4464
    4561
    4460
    4339
    4426
    4469
    4358
    4379
    4603
    4309
    4374
    4303
    4461
    4384
    4359
    4345
    4297
    4339
    4354
    4348
    4219
    4332
    4332
    4310
    4283
    4162
    4161
    4299
    4226
    4200
    4209
    4344
    4223
    4324
    4250
    4270
    4153
    4054
    4165
    4101
    4286
    4124
    4100
    4156
    4124
    4156
    4177
    4158
    4136
    4185
    4013
    3981
    4062
    4026
    4024
    4092
    4043
    4128
    4082
    4100
    4068
    4063
    4133
    4061
    4152
    4086
    4151
    4203
    4157
    4097
    4054
    4214
    4058
    4175
    4135
    4160
    4278
    4416
    4253
    4444
    4548
    4722
    4905
    4960
    4994
    4995
    4715
    4662
    4659
    4584
    4544
    4596
    4587
    4712
    4842
    5155
    5736
    6915
    9748
   15621
   27829
   49544
   87407
  146816
  241016
  394710
  635942
  974898
 1358550
 1698565
 1903769
 1917555
 1733892
 1401719
 1003750
  636183
  360624
  186579
   93346
   48653
   29116
   20519
   17272
   15625
   14766
   13698
   13101
   12767
   12295
   11774
   11695
   11094
   10754
   10581
   10281
   10058
    9995
    9754
    9419
    9249
    9289
    9064
    8814
    8697
    8644
    8481
    8488
    8217
    8204
    8017
    8034
    7905
    7813
    7508
    7667
    7594
    7536
    7401
    7381
    7168
    7225
    7175
    7027
    6982
    6798
    6768
    6650
    6464
    6540
    6406
    6431
    6303
    6273
    6151
    5959
    6279
    5969
    6115
    6027
    6147
    5953
    6081
    6111
    6044
    6045
    6143
    6218
    6286
    6307
    6161
    6102
    5969
    5653
    5371
    5197
    5104
    5068
    4903
    4914
    4853
    4749
    4733
    4808
    4628
    4441
    4401
    4544
    4493
    4336
    4162
    4252
    4285
    4154
    4305
    4275
    4190
    4163
    4168
    4003
    4057
    4224
    4092
    4029
    4110
    4103
    4060
    3883
    4050
    3852
    4006
    3984
    4012
    3989
    3783
    3949
    4028
    3860
    3808
    3841
    3911
    3995
    3894
    3855
    3891
    3826
    3789
    3833
    3793
    3820
    3780
    3728
    3660
    3791
    3722
    3662
    3758
    3694
    3785
    3661
    3631
    3619
    3408
    3611
    3572
    3640
    3642
    3666
    3589
    3657
    3588
    3434
    3645
    3496
    3519
    3647
    3520
    3443
    3484
    3532
    3436
    3446
    3527
    3516
    3554
    3383
    3527
    3454
    3449
    3359
    3379
    3468
    3451
    3463
    3340
    3388
    3403
    3427
    3256
    3420
    3299
    3336
    3247
    3338
    3283
    3181
    3267
    3268
    3220
    3209
    3205
    3195
    3108
    3132
    3167
    3159
    3136
    3185
    3107
    3168
    3142
    3127
    3076
    3083
    3061
    3085
    3197
    3114
    2985
    3026
    2998
    3019
    2999
    2987
    2992
    3040
    2894
    2924
    3017
    2987
    2925
    2912
    2794
    2815
    2904
    2941
    2897
    2874
    2841
    2958
    2884
    2874
    2865
    2900
    2888
    2806
    2801
    2920
    2731
    2909
    2808
    2843
    2720
    2771
    2804
    2786
    2870
    2823
    2645
    2806
    2722
    2682
    2703
    2825
    2723
    2715
    2836
    2686
    2742
    2734
    2729
    2737
    2628
    2738
    2721
    2648
    2720
    2659
    2763
    2682
    2639
    2769
    2670
    2676
    2785
    2756
    2811
    2772
    2809
    2834
    2829
    2866
    2755
    2875
    2961
    2914
    2954
    2788
    2866
    2954
    2931
    2757
    2847
    2802
    2911
    2798
    2838
    2910
    2802
    2852
    2738
    2849
    2674
    2760
    2770
    2779
    2816
    2797
    2801
    2727
    2689
    2695
    2752
    2740
    2700
    2771
    2750
    2789
    2685
    2650
    2681
    2690
    2669
    2717
    2734
    2734
    2666
    2658
    2661
    2645
    2555
    2628
    2606
    2648
    2671
    2648
    2580
    2647
    2611
    2633
    2715
    2529
    2522
    2600
    2608
    2573
    2635
    2570
    2628
    2653
    2593
    2483
    2623
    2592
    2584
    2563
    2534
    2524
    2576
    2549
    2471
    2504
    2492
    2533
    2504
    2576
    2493
    2492
    2436
    2526
    2507
    2483
    2513
    2463
    2401
    2482
    2582
    2555
    2468
    2450
    2411
    2504
    2505
    2397
    2473
    2430
    2491
    2356
    2421
    2483
    2470
    2367
    2496
    2396
    2430
    2444
    2528
    2434
    2442
    2414
    2500
    2373
    2457
    2396
    2522
    2331
    2401
    2364
    2350
    2380
    2326
    2359
    2400
    2408
    2383
    2320
    2421
    2302
    2396
    2425
    2313
    2338
    2371
    2395
    2410
    2314
    2306
    2359
    2411
    2379
    2321
    2252
    2303
    2359
    2378
    2250
    2292
    2264
    2273
    2335
    2306
    2341
    2392
    2309
    2304
    2277
    2268
    2285
    2341
    2309
    2283
    2252
    2247
    2310
    2294
    2300
    2398
    2253
    2287
    2326
    2303
    2228
    2266
    2239
    2229
    2304
    2263
    2282
    2254
    2234
    2239
    2234
    2285
    2242
    2196
    2132
    2213
    2161
    2203
    2178
    2154
    2117
    2156
    2176
    2178
    2237
    2152
    2119
    2161
    2215
    2127
    2086
    2170
    2131
    2139
    2028
    2136
    2050
    2067
    2184
    2135
    2117
    2143
    2077
    2092
    2073
    2035
    2169
    2074
    2085
    2081
    2083
    2095
    2047
    1996
    2079
    2034
    2024
    2121
    2021
    2027
    1967
    1968
    2091
    2041
    2093
    2012
    1926
    2058
    2074
    2067
    2013
    1937
    2062
    1911
    1952
    2036
    2023
    1997
    1969
    1981
    1958
    2059
    2008
    1902
    1897
    1914
    1995
    1989
    1990
    1911
    2049
    1918
    1912
    1916
    1927
    1992
    1988
    1926
    2013
    1933
    1971
    1868
    1959
    1852
    1813
    1880
    1941
    1897
    1911
    1878
    1926
    1970
    1911
    1885
    1893
    1885
    1822
    1922
    1895
    1903
    1894
    1855
    1882
    1874
    1848
    1871
    1864
    1797
    1876
    1861
    1851
    1865
    1810
    1815
    1734
    1864
    1835
    1821
    1794
    1821
    1777
    1818
    1889
    1838
    1832
    1802
    1733
    1865
    1794
    1818
    1709
    1767
    1828
    1768
    1845
    1788
    1776
    1779
    1749
    1816
    1752
    1748
    1752
    1804
    1730
    1789
    1748
    1802
    1763
    1769
    1805
    1822
    1749
    1722
    1722
    1807
    1729
    1754
    1748
    1759
    1737
    1730
    1746
    1665
    1800
    1795
    1700
    1790
    1686
    1673
    1783
    1718
    1724
    1660
    1722
    1717
    1595
    1676
    1808
    1772
    1750
    1691
    1643
    1681
    1646
    1649
    1707
    1622
    1658
    1704
    1671
    1641
    1716
    1764
    1698
    1672
    1715
    1640
    1656
    1636
    1641
    1687
    1709
    1598
    1617
    1658
    1599
    1566
    1623
    1609
    1679
    1593
    1626
    1559
    1586
    1627
    1600
    1699
    1537
    1617
    1574
    1645
    1559
    1632
    1545
    1623
    1555
    1628
    1581
    1604
    1644
    1573
    1625
    1668
    1604
    1622
    1524
    1533
    1670
    1566
    1593
    1490
    1590
    1509
    1558
    1517
    1622
    1589
    1559
    1548
    1560
    1567
    1481
    1495
    1555
    1556
    1505
    1553
    1652
    1525
    1526
    1445
    1514
    1580
    1521
    1552
    1489
    1495
    1486
    1564
    1563
    1539
    1490
    1497
    1491
    1469
    1475
    1524
    1478
    1436
    1506
    1491
    1450
    1461
    1445
    1470
    1476
    1481
    1398
    1459
    1540
    1538
    1423
    1530
    1502
    1407
    1449
    1395
    1453
    1442
    1448
    1425
    1476
    1430
    1480
    1466
    1423
    1466
    1431
    1436
    1420
    1459
    1412
    1465
    1392
    1448
    1430
    1489
    1486
    1413
    1405
    1477
    1463
    1418
    1409
    1418
    1395
    1444
    1427
    1400
    1448
    1405
    1380
    1382
    1371
    1310
    1382
    1380
    1426
    1368
    1332
    1405
    1427
    1379
    1361
    1448
    1469
    1391
    1413
    1392
    1351
    1465
    1341
    1398
    1386
    1361
    1333
    1469
    1365
    1366
    1385
    1316
    1385
    1351
    1395
    1343
    1326
    1409
    1360
    1361
    1324
    1407
    1304
    1438
    1370
    1372
    1328
    1397
    1414
    1364
    1370
    1356
    1310
    1291
    1457
    1394
    1368
    1356
    1296
    1306
    1333
    1269
    1313
    1283
    1310
    1275
    1297
    1276
    1335
    1405
    1323
    1338
    1243
    1362
    1339
    1311
    1300
    1304
    1292
    1287
    1295
    1285
    1334
    1267
    1270
    1274
    1286
    1329
    1394
    1293
    1280
    1264
    1321
    1324
    1339
    1238
    1369
    1307
    1296
    1308
    1309
    1258
    1322
    1324
    1360
    1350
    1267
    1262
    1267
    1321
    1336
    1324
    1281
    1307
    1235
    1313
    1295
    1349
    1216
    1280
    1349
    1242
    1290
    1222
    1298
    1231
    1267
    1193
    1244
    1283
    1205
    1198
    1273
    1241
    1290
    1270
    1227
    1251
    1283
    1265
    1251
    1177
    1236
    1193
    1204
    1231
    1334
    1204
    1238
    1258
    1267
    1203
    1220
    1236
    1243
    1266
    1205
    1181
    1187
    1264
    1238
    1283
    1244
    1242
    1199
    1191
    1191
    1182
    1261
    1200
    1162
    1225
    1230
    1200
    1211
    1227
    1145
    1215
    1270
    1229
    1234
    1220
    1168
    1168
    1258
    1235
    1133
    1133
    1234
    1214
    1242
    1202
    1167
    1190
    1160
    1175
    1169
    1207
    1201
    1164
    1243
    1176
    1234
    1130
    1166
    1140
    1150
    1174
    1217
    1190
    1144
    1197
    1149
    1158
    1227
    1113
    1114
    1157
    1190
    1165
    1110
    1148
    1194
    1187
    1138
    1208
    1115
    1150
    1167
    1116
    1108
    1171
    1166
    1237
    1137
    1170
    1131
    1204
    1155
    1114
    1134
    1152
    1190
    1141
    1140
    1121
    1092
    1111
    1128
    1138
    1168
    1217
    1147
    1150
    1134
    1102
    1182
    1142
    1147
    1101
    1068
    1179
    1174
    1128
    1092
    1078
    1127
    1163
    1171
    1061
    1069
    1101
    1106
    1108
    1082
    1083
    1125
    1152
    1083
    1137
    1097
    1139
    1114
    1119
    1066
    1058
    1045
    1034
    1081
    1120
    1059
    1136
    1133
    1055
    1089
    1060
    1088
    1075
    1063
     981
    1060
    1073
    1072
    1079
    1114
    1088
    1066
    1001
    1057
    1024
    1063
    1042
    1047
    1061
    1040
    1126
    1062
    1066
    1026
    1025
    1059
    1070
    1013
    1069
     999
    1021
    1024
    1033
     970
    1005
     970
    1037
     998
     945
     971
     970
     949
     980
    1007
     973
     946
     950
     987
     991
     994
     953
     920
     914
     933
     950
     943
     946
     917
     911
     903
     931
     861
     910
     883
     920
     863
     837
     918
     811
     874
     881
     826
     910
     841
     853
     839
     850
     758
     832
     786
     782
     846
     769
     823
     765
     728
     778
     811
     739
     758
     771
     728
     826
     715
     751
     714
     737
     774
     707
     708
     774
     740
     705
     674
     700
     709
     703
     666
     703
     697
     713
     719
     683
     698
     716
     677
     693
     730
     626
     686
     675
     682
     685
     644
     614
     674
     629
     612
     648
     621
     658
     632
     628
     668
     638
     674
     655
     660
     611
     669
     629
     631
     653
     596
     644
     595
     655
     626
     668
     618
     631
     611
     609
     635
     639
     653
     656
     632
     622
     630
     682
     683
     687
     788
     780
     878
     925
    1024
    1198
    1327
    1487
    1582
    1745
    1797
    1808
    1808
    1765
    1690
    1447
    1175
    1070
     933
     790
     684
     643
     661
     607
     623
     548
     620
     584
     598
     549
     608
     564
     552
     582
     547
     599
     562
     507
     566
     555
     510
     553
     532
     527
     508
     546
     551
     555
     558
     507
     545
     552
     529
     522
     543
     529
     535
     549
     530
     521
     574
     485
     532
     505
     491
     530
     495
     526
     519
     549
     543
     500
     509
     515
     497
     546
     512
     514
     487
     474
     478
     491
     485
     523
     501
     506
     509
     515
     555
     493
     539
     500
     509
     526
     508
     454
     460
     482
     492
     521
     475
     477
     469
     482
     436
     477
     476
     464
     531
     474
     478
     441
     497
     482
     503
     486
     453
     475
     466
     482
     487
     487
     479
     489
     432
     468
     470
     443
     489
     461
     469
     450
     456
     473
     502
     489
     511
     435
     477
     431
     482
     456
     514
     466
     481
     486
     464
     407
     498
     480
     458
     481
     445
     462
     461
     482
     518
     420
     449
     482
     429
     452
     466
     443
     477
     473
     400
     482
     486
     469
     473
     475
     482
     465
     493
     467
     508
     496
     471
     499
     465
     484
     516
     499
     477
     495
     480
     465
     481
     479
     454
     498
     466
     475
     477
     545
     446
     475
     489
     485
     488
     472
     486
     479
     487
     483
     494
     488
     481
     518
     466
     488
     480
     477
     514
     469
     487
     516
     492
     480
     514
     447
     496
     462
     524
     532
     483
     503
     501
     495
     466
     505
     510
     531
     502
     489
     465
     520
     526
     519
     505
     490
     468
     522
     533
     538
     510
     553
     529
     501
     484
     534
     523
     524
     530
     541
     525
     563
     503
     571
     553
     520
     497
     567
     508
     535
     513
     513
     517
     549
     542
     551
     553
     507
     545
     569
     590
     572
     532
     556
     599
     528
     588
     545
     569
     576
     556
     545
     576
     561
     551
     605
     630
     581
     568
     540
     587
     615
     600
     667
     594
     607
     579
     581
     597
     594
     614
     620
     585
     615
     647
     582
     581
     626
     643
     615
     625
     632
     645
     687
     659
     635
     641
     672
     665
     687
     701
     686
     705
     746
     689
     693
     742
     731
     752
     696
     758
     711
     715
     729
     721
     780
     816
     743
     799
     796
     776
     857
     868
     825
     841
     832
     862
     883
     908
     928
     941
     867
     902
     940
     958
     975
     980
     996
     990
    1051
    1040
    1062
    1153
    1175
    1177
    1244
    1228
    1327
    1334
    1416
    1558
    1578
    1711
    1720
    1981
    2010
    2170
    2207
    2290
    2274
    2156
    1994
    1716
    1563
    1209
     918
     681
     509
     375
     282
     287
     237
     218
     248
     284
     292
     375
     397
     469
     608
     686
     820
     905
     932
    1022
    1077
    1098
    1124
    1096
    1030
     925
     754
     571
     483
     325
     306
     214
     184
     142
     142
     134
     120
     103
     106
     135
     110
     114
     123
     103
     111
      98
     112
     111
     101
     112
     107
     102
      99
     105
     108
     105
     102
     115
      92
      93
      75
     102
     101
      82
     106
      98
     101
      93
     108
      93
      99
      93
      99
     109
     107
      96
      96
      82
      88
      92
      96
      93
      87
      82
      75
      86
      93
      74
      93
      77
      91
      81
      94
      83
      89
      78
      89
      76
      73
      84
      81
      78
      86
      87
      71
      78
      84
      99
      71
      85
      82
      82
      77
      87
      64
      84
      72
      86
      84
      79
      89
      74
      67
      75
      76
      85
      84
      75
      63
      88
      81
      80
      80
      85
      66
      83
      84
      70
      89
      85
      72
      75
      76
      87
     103
      80
      99
      77
      72
      72
      80
      70
      70
      69
      74
      65
      74
      70
      70
      77
      74
      74
      66
      74
      74
      84
      63
      77
      65
      81
      73
      65
      71
      74
      69
      61
      75
      69
      76
      81
      73
      70
      67
      75
      80
      67
      71
      76
      72
      62
      67
      72
      80
      79
      68
      80
      62
      75
      49
      64
      59
      64
      55
      56
      78
      64
      72
      71
      61
      51
      60
      61
      57
      71
      76
      65
      61
      66
      72
      65
      67
      53
      83
      60
      49
      54
      57
      69
      74
      50
      58
      65
      46
      63
      62
      73
      62
      76
      72
      62
      62
      70
      67
      65
      68
      71
      58
      78
      63
      58
      54
      52
      65
      66
      50
      66
      63
      52
      59
      59
      68
      54
      38
      66
      65
      58
      61
      62
      41
      65
      57
      65
      37
      57
      58
      55
      59
      65
      56
      48
      64
      48
      68
      48
      53
      64
      54
      57
      54
      48
      45
      45
      56
      52
      57
      63
      58
      41
      55
      42
      50
      59
      57
      52
      60
      56
      55
      61
      59
      59
      49
      45
      59
      59
      64
      62
      56
      39
      49
      45
      46
      55
      51
      50
      57
      41
      48
      52
      52
      55
      53
      44
      64
      50
      68
      46
      50
      49
      48
      44
      57
      53
      52
      52
      39
      58
      51
      66
      55
      47
      42
      57
      44
      55
      52
      65
      51
      43
      43
      33
      48
      50
      42
      43
      52
      48
      51
      60
      49
      39
      57
      51
      47
      53
      38
      35
      43
      40
      52
      49
      37
      37
      50
      47
      57
      45
      45
      47
      45
      41
      41
      53
      52
      48
      44
      46
      61
      45
      43
      52
      42
      44
      49
      50
      51
      40
      49
      46
      51
      42
      48
      45
      38
      43
      47
      46
      46
      46
      45
      32
      51
      45
      44
      47
      51
      36
      43
      38
      41
      36
      29
      49
      50
      50
      40
      35
      47
      48
      38
      44
      44
      41
      41
      44
      44
      39
      43
      50
      47
      37
      42
      36
      48
      42
      38
      38
      46
      43
      38
      46
      41
      34
      32
      45
      28
      43
      29
      47
      31
      48
      41
      40
      33
      49
      39
      44
      33
      49
      48
      53
      43
      32
      39
      40
      39
      39
      32
      38
      40
      39
      35
      50
      39
      31
      42
      35
      36
      35
      37
      34
      40
      33
      40
      37
      34
      37
      34
      39
      35
      33
      38
      28
      31
      48
      34
      24
      45
      35
      37
      29
      42
      42
      46
      41
      34
      35
      42
      25
      40
      42
      33
      37
      35
      46
      34
      34
      39
      31
      34
      27
      47
      40
      31
      32
      24
      32
      35
      29
      36
      38
      39
      30
      35
      37
      36
      39
      30
      43
      24
      27
      36
      20
      38
      28
      34
      32
      32
      24
      44
      38
      28
      31
      36
      38
      28
      34
      30
      19
      36
      26
      36
      32
      28
      27
      24
      31
      31
      27
      29
      23
      40
      36
      37
      44
      41
      29
      28
      32
      41
      30
      42
      23
      31
      25
      27
      30
      26
      31
      30
      38
      26
      47
      43
      25
      28
      31
      26
      33
      30
      34
      31
      25
      25
      33
      33
      35
      19
      25
      29
      39
      31
      24
      21
      32
      27
      25
      26
      21
      27
      27
      29
      31
      17
      35
      38
      30
      32
      28
      38
      21
      37
      30
      39
      42
      29
      35
      23
      23
      36
      27
      33
      23
      25
      24
      31
      28
      21
      35
      21
      36
      30
      35
      17
      20
      31
      26
      33
      34
      26
      22
      20
      30
      18
      27
      26
      24
      21
      28
      16
      42
      31
      24
      31
      21
      25
      15
      34
      30
      29
      25
      29
      33
      16
      20
      20
      29
      30
      26
      25
      25
      23
      20
      26
      28
      30
      30
      23
      19
      25
      35
      29
      18
      17
      25
      25
      24
      23
      29
      21
      27
      23
      29
      23
      20
      28
      25
      19
      28
      29
      14
      31
      21
      30
      31
      28
      18
      19
      21
      29
      18
      19
      24
      26
      25
      21
      23
      30
      25
      20
      15
      18
      20
      24
      26
      24
      26
      20
      22
      21
      26
      22
      24
      27
      13
      26
      20
      23
      22
      24
      16
      27
      17
      17
      17
      26
      26
      20
      25
      23
      16
      23
      22
      29
      17
      25
      24
      23
      20
      26
      25
      20
      13
      21
      28
      14
      22
      26
      23
      25
      20
      18
      18
      15
      25
      12
      21
      26
      24
      14
      20
      25
      20
      19
      16
      15
      17
      20
      21
      11
      10
      22
      22
      28
      24
      22
      23
      28
      23
      20
      22
      26
      19
      24
      12
      20
      18
      15
      28
      17
      19
      23
      20
      16
      16
      21
      12
      20
      21
      22
      18
      26
      20
      11
      15
      18
      23
       8
      26
      21
      24
      25
      15
      13
      12
      15
      17
      12
      25
      13
      16
      19
      16
      24
      14
      21
      19
      14
      17
      14
      15
      11
      13
      22
      13
      18
      18
      23
      23
      17
      16
      15
      16
      24
      20
      20
      15
      12
      17
      20
      12
      21
      23
      11
      18
      19
      10
      21
      23
      17
      17
      18
      16
      18
      18
      28
      11
      19
      24
      15
      16
      20
      14
      22
      17
      21
      15
      15
      14
      18
      13
      27
      11
      26
      14
      13
      14
      14
      14
      18
      17
      14
      20
      15
      20
      12
      13
      31
      13
      17
      19
      11
      14
      26
      14
      15
      15
      21
      18
      10
      21
       8
       8
      15
      11
      18
      17
      19
      14
      23
      15
      19
      15
      12
      15
      13
      11
      19
      16
      15
      18
      12
      14
      12
      16
      12
      14
      13
      19
       8
      15
      10
      11
      15
      10
      17
      24
      22
      14
      12
      17
      14
      20
      25
      16
      15
       8
      15
      12
      11
      16
      12
      13
      19
      20
      15
       9
      10
      13
      17
      12
      13
       9
      14
      12
      11
       7
      13
      13
      14
      15
      13
       8
       9
      16
      19
      17
      19
      15
      10
      15
      11
      11
      16
      11
      13
      14
      14
      11
       9
      13
      10
      10
      10
      14
      13
      14
      14
      15
       9
      12
       9
       8
      15
      11
      15
      10
      11
      13
      10
       8
       8
      12
       9
      19
       9
      11
      25
      23
      21
      13
      11
      14
      12
      14
      11
      15
      13
       9
      17
      12
      12
       8
       9
      10
      18
      14
       5
      11
       8
      10
      20
      14
      17
      14
      15
       5
      12
      12
       3
      15
      13
       8
      15
      11
      11
      15
       8
       9
       9
      11
       6
       7
      16
      10
      12
       8
      14
       8
      12
      12
       9
      11
      11
       8
       7
      10
      13
      13
       9
       9
      13
       9
       7
      12
      14
       9
      20
      11
      14
      11
       6
       6
       8
       9
      15
       8
       8
       9
       5
       9
       8
      13
      10
       8
      10
      11
       9
       7
       6
       5
      12
       8
       9
       6
      17
       7
      13
      15
      11
       9
       3
      10
       8
       6
      16
      12
       9
      11
      10
       6
      11
      14
      12
       5
      11
      13
      13
      11
       6
      10
      15
      14
       7
       7
       4
       8
      11
       4
      10
       8
       7
      12
       7
       8
      10
       5
      11
      15
      12
      13
       6
       8
      14
       4
       9
      10
       4
       9
      12
       5
       8
       4
      10
      10
       7
       7
       5
       4
      13
      10
      10
       8
       9
       6
       5
       9
       5
      10
      14
       7
       9
       9
      12
       9
       6
       7
       6
      10
       7
      14
      11
      14
       8
       9
      14
       7
       8
      11
       4
       7
      11
      11
      11
       9
       8
      10
      11
       8
      11
       8
       9
       7
       7
       4
       9
       2
      11
       6
       7
       3
      16
       6
       7
       5
       4
       5
       3
       9
       4
       7
       7
      11
       8
       4
       8
       7
       5
       4
       4
       7
       8
       8
       8
       6
      12
       7
      10
       4
       3
       5
       6
      11
      10
       9
       6
       4
       1
      11
       5
       5
       5
       5
       4
       4
       5
       6
       5
       3
       8
       3
       5
       4
       7
       5
       5
       3
       7
       2
       6
       7
       2
       8
       3
       2
       4
       5
       4
       3
       6
       3
       2
       8
       3
       5
       7
       3
       6
       4
       4
       4
       5
       5
       6
       4
       6
       5
       9
       6
       4
       6
       1
       3
       7
       7
       2
       5
       3
       6
       6
       6
       2
       4
       6
       1
       3
       7
       6
       5
       8
       5
       5
       4
       3
       6
       1
       5
       4
       9
       6
       6
       7
       2
       4
       7
       4
       6
       3
       4
       3
       7
       6
       4
       1
       3
      10
       6
       7
       7
       9
      10
       7
       5
       3
       5
       5
       2
       7
       4
       3
       3
       9
       6
       2
       6
       5
       3
       6
       8
       3
       2
       3
       4
       4
       6
       5
       6
       5
       5
       4
       3
       4
       8
       6
       4
       7
       5
       7
       6
       5
       3
       4
       3
       5
       1
       3
       2
       7
       4
       7
       4
       3
       1
       4
       5
       4
       7
       3
       4
       7
      10
       9
       3
       3
       6
      11
       4
       2
       0
       8
       7
       3
       7
       5
       6
       7
       5
       4
       3
       6
       4
       3
       4
       6
       6
       4
       2
       5
       3
       4
       4
       6
       1
       5
       5
       4
       2
       2
       8
       4
       6
       5
       7
       3
       5
       2
       5
       9
       5
       3
       4
       9
       3
       5
       5
       9
       3
       9
       5
       3
       6
       4
       3
      11
       8
       7
       6
       3
       4
       6
       9
       6
       5
       5
       6
       3
       6
       5
       6
       4
       4
       3
       3
       3
       3
       4
       4
       2
       1
       5
       6
       5
       4
       5
       6
       7
       4
       2
       4
       7
       8
       3
       3
       4
       6
       4
       5
       5
       4
       6
       5
       3
       7
       4
       2
       2
       5
       5
       6
       9
       0
       3
       5
       4
       4
       7
       2
       3
       4
       5
       3
       8
       3
       4
       5
       4
       5
       9
       7
       4
       4
       4
       2
       5
       7
       6
       2
       6
       5
       3
       2
       8
       8
       8
       4
      10
       9
       4
       1
       4
       6
       9
       1
       7
       3
       0
       4
       2
       3
       6
       5
       6
       3
       1
       1
       1
       8
       4
       7
       9
       6
       2
       5
       5
       4
       3
       2
       1
       5
       2
       3
       2
       2
       3
       0
       1
       2
       0
       1
       3
       1
       3
       0
       1
       1
       1
       0
       0
       0
       0
       3
       2
       2
       0
       0
       0
       1
       1
       0
       1
       0
       0
       1
       0
       1
       0
       3
       0
       0
       0
       1
       0
       1
       2
       4
       1
       0
       2
       1
       0
       2
       0
       0
       1
       1
       2
       0
       1
       4
       1
       0
       4
       2
       1
       1
       0
       0
       0
       2
       3
       2
       4
       0
       3
       2
       1
       1
       2
       3
       1
       1
       0
       2
       4
       1
       2
       0
       1
       1
       3
       2
       2
       1
       2
       0
       2
       1
       0
       2
       1
       1
       1
       0
       2
       0
       0
       2
       1
       0
       0
       2
       1
       0
       2
       0
       0
       0
       0
       2
       0
       0
       1
       1
       2
       0
       1
       0
       1
       1
       1
       1
       0
       1
       0
       2
       0
       1
       0
       2
       1
       1
       0
       0
       0
       0
       0
       0
       0
       0
       0
       0
       0
       0
       1
       0
       0
       0
       0
       2
       1
       1
       1
       2
       2
       0
       0
       1
       3
       0
       1
       1
       0
       0
       0
       1
       1
       0
       1
       0
       1
       1
       0
       0
       2
       2
       1
       1
       0
       0
       0
       0
       2
       1
       0
       0
       1
       1
       2
       2
       0
       0
       0
       1
       1
       0
       1
       0
       0
       0
       1
       1
       1
       1
       0
       3
       2
       0
       0
       0
       3
       0
       0
       1
       1
       2
       1
       2
       1
       1
       2
       1
       2
       1
       0
       0
       0
       0
       2
       0
       0
       0
       1
       1
       0
       1
       0
       0
       1
       0
       1
       0
       0
       1
       1
       0
       0
       1
       3
       0
       0
       1
       1
       0
       0
       0
       0
       0
       0
       0
       0
       1
       2
       0
       0
       0
       0
       1
       0
       4
       0
       1
       0
       1
       0
       0
       1
       1
       2
       0
       0
       2
       1
       0
       2
       1
       1
       0
       0
       0
       0
       0
       0
       1
       0
       1
       1
       0
       1
       0
       1
       1
       3
       0
       0
       0
       0
       0
       1
       3
       3
       1
       0
       0
       0
       1
       0
       0
       0
       1
       2
       0
       0
       2
       0
       0
       2
       0
       1
       0
       0
       0
       1
       0
       1
       0
       1
       0
       1
       0
       0
       0
       0
       0
       2
       0
       1
       2
       1
       0
       0
       0
       0
       0
       0
       1
       0
       1
       0
       0
       0
       1
       0
       0
       1
       1
       0
       3
       1
       1
       0
       1
       1
       0
       1
       0
       0
       1
       0
       2
       0
       0
       0
       0
       0
       0
       2
       0
       0
       1
       0
       0
       0
       3
       1
       0
       0
       2
       0
       0
       1
       0
       0
       0
       0
       0
       0
       1
       1
       0
       2
       1
       0
       0
       0
       0
       1
       1
       0
       2
       1
       0
       2
       0
       0
       1
       0
       1
       0
       1
       1
       1
       0
       3
       1
       0
       0
       0
       1
       1
       2
       0
       2
       1
       0
       0
       0
       1
       2
       0
       0
       1
       1
       1
       0
       1
       0
       0
       0
       0
       0
       3
       0
       1
       1
       0
       0
       1
       1
       0
       1
       1
       1
       0
       1
       0
       3
       1
       3
       0
       0
       0
       0
       0
       0
       1
       0
       1
       1
       1
       1
       1
       0
       0
       0
       0
       0
       0
       1
       1
       1
       0
       0
       1
       1
       1
       1
       1
       0
       0
       0
       1
       1
       0
       1
       0
       1
       0
       1
       0
       2
       1
       1
       1
       1
       0
       3
       0
       1
       0
       0
       0
       2
       0
       0
       1
       0
       1
       0
       0
       1
       0
       1
       1
       0
       0
       1
       0
       0
       1
       0
       0
       1
       0
       0
       0
       0
       1
       0
       0
       0
       1
       1
       0
       0
       0
       0
       0
       0
       0
       0
       0
       1
       1
       0
       0
       0
       0
       0
       0
       0
       0
       1
       0
       1
       0
       0
       1
       1
       0
       0
       0
       0
       0
       0
       2
       0
       0
       1
       1
       1
       0
       1
       0
       1
       2
       1
       1
       1
       0
       0
       0
       1
       0
       0
       0
       0
       0
       0
       0
       0
       1
       0
       0
       0
       0
       1
       2
       1
       0
       0
       0
       0
       0
       0
       0
       0
       2
       0
       0
       0
       0
       2
       0
       2
       0
       0
       1
       1
       0
       0
       0
       0
       0
       0
       2
       1
       1
       0
       0
       0
       0
       0
       1
       0
       0
       0
       0
       0
       0
       0
       0
       0
       0
       0
       1
       2
       0
       0
       1
       0
       0
       1
       0
       0
       0
       0
       0
       0
       0
       1
       0
       0
       0
       1
       1
       0
       0
       0
       1
       0
       2
       0
       1
       0
       0
       0
       0
       0
       0
       0
       0
       0
       0
       0
       0
       1
       0
       1
       0
       0
       0
       0
       0
       0
       0
       0
       0
       0
       0
       0
       1
       2
       0
       0
       0
       0
       1
       0
       0
       1
       0
       0
       0
       0
       0
       1
       0
       1
       0
       0
       0
       0
       0
       0
       0
       0
       0
       0
       0
       2
       0
       0
       0
       1
       1
       0
       0
       0
       1
       0
       1
       0
       0
       0
       0
       0
       1
       0
       0
       1
       0
       1
       0
       1
       1
       0
       0
       1
       0
       1
       0
       0
       1
       0
       0
       0
       0
       0
       0
       1
       0
       0
       0
       0
       0
       0
       0
       0
       1
       0
       1
       0
       0
       0
       0
       0
       0
       1
       0
       0
       0
       1
       0
       0
       0
       0
       0
       0
       0
       1
       0
       1
       0
       1
       0
       0
       0
       0
       0
       0
       0
       1
       1
       0
       1
       0
       0
       1
       0
       0
       0
       0
       1
       1
       0
       0
       0
       0
       0
       0
       0
       0
       0
       0
       0
       1
       0
       0
       0
       0
       0
       2
       0
       0
       0
       0
       1
       0
       0
       1
       0
       0
       1
       1
       0
       0
       1
       0
       0
       0
       1
       0
       0
       0
       0
       0
       1
       1
       0
       0
       1
       1
       0
       0
       0
       0
       0
       0
       0
       0
       0
       0
       1
       0
       0
       1
       0
       0
       0
       0
       0
       1
       0
       0
       0
       0
       1
       0
       0
       0
       0
       0
       1
       0
       0
       0
       0
       0
       0
       0
       1
       0
       0
       1
       0
       0
       1
       0
       0
       1
       0
       0
       0
       0
       0
       1
       1
       1
       0
       0
       1
       0
       2
       0
       0
       0
       0
       0
       0
       0
       0
       1
       0
       0
       0
       0
       0
       0
       1
       0
       1
       0
       1
       2
       1
       0
       0
       0
       0
       0
       0
       0
       0
       1
       1
       1
       0
       0
       0
       0
       0
       0
       0
       0
       1
       0
       0
       0
       0
       1
       0
       0
       0
       0
       0
       0
       0
       0
       0
       1
       1
       1
       0
       0
       1
       0
       1
       0
       0
       0
       0
       0
       0
       0
       0
       0
       0
       1
       0
       0
       0
       0
       0
       0
       1
       0
       0
       0
       1
       0
       0
       0
       0
       0
       0
       0
       0
       0
       0
       0
       0
       0
       0
       0
       1
       0
       0
       0
       0
       0
       0
       0
       0
       0
       0
       0
       0
       0
       0
       1
       0
       0
       0
       0
       0
       0
       0
       0
       0
       0
       1
       0
       0
       1
       0
       0
       0
       0
       0
       0
       0
       0
       0
       0
       0
       0
       0
       0
       0
       0
       0
       0
       0
       0
       0
       1
       0
       0
       0
       0
       0
       0
       0
       0
       0
       0
       1
       0
       1
       0
       1
       0
       0
       0
       0
       0
       0
       0
       0
       0
       0
       0
       0
       0
       0
       0
       1
       0
       0
       0
       0
       0
       0
       0
       0
       1
       0
       0
       0
       1
       0
       0
       0
       1
       0
       0
       0
       0
       0
       0
       0
       0
       0
       2
       0
       0
       0
       0
       0
       0
       1
       1
       0
       0
       0
       0
       0
       0
       0
       0
       0
       0
       0
       0
       0
       0
       0
       0
       0
       0
       0
       0
       0
       0
       2
       0
       0
       0
       1
       0
       0
       0
       0
       0
       0
       0
       0
       0
       0
       0
       0
       0
       0
       0
       0
       0
       0
       0
       0
       0
       1
       1
       1
       0
       0
       0
       0
       0
       0
       0
       0
       0
       0
       0
       0
       0
       1
       0
       1
       0
       0
       0
       0
       0
       0
       0
       0
       2
       1
       0
       0
       1
       0
       1
       1
       0
       0
       1
       0
       1
       1
       1
       0
       0
       0
       1
       2
       1
       0
       0
       2
       0
       0
       1
       0
       0
       0
       0
       1
       0
       0
       0
       0
       0
       0
       0
       0
       0
       0
       0
       1
       0
       0
       0
       0
       0
       1
       0
       0
       0
       0
       0
       0
       0
       0
       0
       0
       1
       0
       0
       0
       0
       0
       0
       0
       1
       0
       0
       0
       0
       0
       0
       0
       0
       0
       0
       0
       0
       0
       1
       0
       0
       0
       0
       0
       0
       0
       0
       0
       0
       1
       0
       0
       0
       0
       0
       1
       0
       0
       0
       0
       0
       0
       0
       0
       0
       0
       0
       0
       0
       0
       0
       0
       0
       0
       0
       0
       0
       0
       0
       0
       0
       0
       0
       0
       0
       0
       0
       0
       0
       0
       0
       0
       0
       0
       0
       0
       1
       0
       0
       0
       1
       0
       0
       0
       0
       0
       0
       0
       0
       0
       0
       0
       1
       0
       0
       0
       0
       0
       0
       0
       0
       0
       0
       0
       0
       1
       0
       0
       0
       0
       1
       0
       0
       0
       0
       0
       0
       0
       0
       1
       0
       1
       0
       0
       0
       0
       0
       0
       0
       0
       0
       0
       0
       0
       0
       0
       0
       0
       0
       0
       0
       0
       0
       0
       0
       1
       0
       0
       0
       0
       0
       0
       0
       0
       0
       0
       0
       0
       0
       0
       0
       0
       0
       1
       0
       0
       2
       0
       0
       0
       0
       0
       0
       0
       0
       0
       0
       0
       0
       1
       0
       0
       1
       0
       0
       0
       0
       0
       0
       0
       0
       1
       0
       0
       0
       0
       0
       0
       0
       0
       0
       0
       0
       0
       0
       0
       0
       0
       0
       0
       0
       0
       0
       1
       0
       0
       0
       0
       0
       0
       1
       1
       0
       1
       0
       0
       0
       0
       0
       1
       0
       1
       0
       0
       0
       0
       0
       1
       0
       0
       1
       0
       0
       0
       0
       0
       0
       0
       0
       0
       0
       0
       0
       1
       0
       0
       0
       0
       0
       1
       0
       0
       0
       0
       0
       0
       0
       0
       0
       1
       0
       0
       0
       0
       0
       0
       0
       1
       0
       0
       0
       1
       0
       0
       0
       0
       0
       1
       0
       0
       0
       0
       1
       0
       0
       0
       0
       0
       0
       0
       0
       0
       0
       1
       0
       0
       0
       0
       1
       0
       0
       0
       0
       0
       0
       0
       0
       0
       1
       0
       0
       0
       0
       0
       0
       0
       0
       0
       0
       0
       0
       0
       0
       0
       0
       0
       0
       0
       1
       0
       0
       0
       0
       0
       0
       0
       0
       0
       0
       0
       0
       0
       0
       0
       0
       0
       0
       0
       0
       0
       0
       0
       0
       1
       0
       0
       0
       0
       0
       0
       0
       1
       0
       0
       0
       0
       0
       0
       0
       0
       0
       0
       0
       0
       0
       0
       0
       0
       0
       0
       0
       0
       0
       0
       0
       0
       0
       0
       0
       0
       0
       0
       0
       0
       0
       0
       0
       0
       1
       0
       0
       0
       0
       0
       0
       0
       0
       0
       0
       0
       0
       1
       0
       0
       0
       0
       0
       0
       0
       0
       0
       0
       0
       0
       0
       0
       0
       0
       0
       0
       0
       0
       0
       0
       0
       0
       0
       0
       1
       0
       0
       0
       0
       0
       0
       0
       0
       0
       0
       0
       0
       0
       0
       0
       0
       0
       0
       0
       0
       0
       0
       1
       0
       0
       0
       0
       1
       0
       0
       0
       0
       0
       0
       0
       0
       0
       0
       0
       0
       0
       0
       0
       0
       0
       0
       0
       1
       0
       0
       0
       0
       0
       0
       0
       0
       0
       0
       0
       0
       0
       0
       0
       0
       0
       0
       0
       0
       0
       0
       0
       0
       0
       0
       0
       0
       0
       0
       1
       0
       0
       0
       0
       0
       0
       0
       0
       0
       0
       0
       0
       0
       0
       0
       0
       0
       0
       0
       0
       0
       0
       0
       0
       0
       0
       0
       0
       0
       0
       0
       0
       0
       0
       0
       1
       0
       0
       0
       0
       0
       0
       0
       0
       0
       0
       0
       0
       0
       0
       0
       0
       0
       0
       0
       0
       0
       0
       0
       0
       0
       0
       0
       0
       0
       0
       0
       0
       0
       0
       0
       0
       0
       0
       1
       1
       0
       0
       0
       0
       0
       0
       0
       0
       0
       0
       0
       0
       1
       0
       1
       0
       0
       0
       0
       0
       0
       0
       0
       0
       0
       0
       0
       0
       0
       0
       0
       0
       0
       0
       0
       0
       0
       0
       0
       1
       0
       0
       1
       0
       0
       0
       0
       0
       0
       0
       0
       0
       0
       0
       1
       0
       0
       0
       0
       0
       0
       0
       0
       0
       0
       0
       0
       0
       0
       0
       0
       0
       0
       0
       1
       0
       0
       0
       0
       0
       0
       0
       0
       0
       0
       0
       0
       0
       0
       0
       0
       0
       0
       0
       0
       0
       0
       0
       0
       0
       0
       0
       0
       0
       0
       0
       0
       0
       0
       0
       0
       0
       0
       0
       0
       0
       0
       0
       0
       0
       0
       0
       0
       0
       0
       0
       0
       0
       0
       0
       0
       0
       0
       0
       0
       0
       0
       0
       0
       0
       0
       0
       0
       0
       0
       0
       0
       0
       0
       0
       0
       0
       0
       0
       0
       0
       0
       0
       0
       0
       0
       0
       0
       0
       0
       0
       0
       0
       0
       0
       0
       0
       0
       0
       0
       0
       0
       0
       0
       0
       0
       0
       0
       0
       0
       0
       0
       0
       1
       0
       0
       0
       0
       0
       0
       1
       0
       0
       0
       0
       0
       0
       0
       0
       0
       0
       0
       0
       0
       0
       0
       0
       0
       0
       0
       0
       0
       0
       0
       0
       0
       0
       0
       0
       0
       0
       0
       0
       0
       0
       0
       0
       0
       0
       0
       0
       0
       0
       0
       0
       0
       0
       0
       0
       0
       0
       0
       0
       0
       0
       0
       0
       0
       0
       0
       0
       0
       0
       0
       0
       0
       0
       0
       0
       0
       0
       0
       0
       0
       0
       0
       0
       0
       0
       0
       0
       0
       0
       0
       0
       0
       0
       0
       0
       0
       0
       0
       0
       0
       0
       0
       0
       0
       0
       0
       0
       0
       0
       0
       0
       0
       0
       0
       0
       0
       0
       0
       0
       0
       0
       0
       0
       0
       0
       0
       0
       0
       0
       0
       0
       0
       0
       0
       0
       1
       0
       0
       0
       0
       0
       0
       0
       0
       0
       0
       0
       0
       0
       0
       0
       0
       0
       0
       0
       0
       0
       0
       0
       0
       0
       0
       0
       0
       0
       0
       0
       0
       0
       1
       0
       0
       0
       1
       0
       0
       0
       0
       0
       0
       0
       0
       0
       0
       0
       0
       0
       0
       1
       0
       0
       0
       0
       0
       0
       0
       0
       0
       0
       0
       0
       0
       0
       1
       0
       1
       0
       0
       0
       0
       0
       0
       0
       0
       0
       0
       0
       0
       0
       0
       0
       0
       0
       0
       0
       0
       0
       0
       0
       0
       0
       0
       0
       0
       0
       0
       0
       0
       0
       0
       0
       0
       0
       0
       0
       0
       0
       0
       0
       0
       0
       0
       0
       0
       0
       0
       0
       0
       0
       1
       0
       0
       0
       0
       0
       0
       0
       0
       0
       0
       0
       0
       0
       0
       0
       0
       0
       0
       0
       0
       0
       0
       0
       0
       0
       0
       0
       0
       0
       0
       0
       0
       0
       0
       0
       0
       0
       0
       0
       0
       0
       0
       0
       0
       0
       0
       0
       0
       0
       1
       0
       0
       0
       0
       0
       0
       0
       0
       0
       0
       0
       0
       0
       0
       0
       0
       0
       0
       0
       0
       0
       0
       0
       0
       0
       0
       0
       0
       0
       0
       0
       0
       0
       0
       1
       0
       0
       0
       0
       0
       0
       0
       0
       0
       0
       0
       0
       0
       0
       0
       0
       0
       0
       0
       0
       0
       0
       0
       0
       0
       0
       0
       0
       0
       0
       0
       0
       0
       0
       0
       0
       0
       0
       0
       0
       0
       0
       0
       0
       0
       0
       0
       0
       0
       0
       0
       0
       0
       0
       0
       0
       0
       0
       0
       0
       0
       0
       1
       0
       0
       0
       0
       0
       0
       0
       0
       0
       1
       0
       0
       0
       0
       0
       0
       0
       0
       0
       0
       0
       0
       0
       0
       0
       0
       0
       0
       0
       0
       0
       0
       0
       0
       0
       0
       0
       0
       0
       0
       0
       0
       0
       0
       0
       0
       0
       0
       0
       0
       0
       0
       0
       0
       0
       0
       0
       0
       0
       0
       0
       0
       0
       0
       0
       0
       0
       0
       0
       0
       0
       0
       0
       0
       0
       0
       0
       0
       0
       0
       0
       0
       0
       0
       0
       0
       0
       0
       0
       0
       0
       0
       0
       0
       0
       0
       0
       0
       0
       0
       0
       1
       0
       0
       0
       0
       0
       0
       0
       0
       0
       0
       0
       0
       0
       0
       0
       0
       0
       0
       0
       0
       0
       0
       1
       0
       0
       0
       0
       0
       0
       0
       0
       0
       0
       0
       0
       0
       0
       0
       0
       0
       0
       0
       0
       0
       0
       0
       0
       0
       0
       0
       0
       0
       0
       0
       0
       0
       0
       0
       0
       0
       0
       0
       0
       0
       0
       0
       0
       0
       0
       0
       0
       0
       0
       0
       0
       0
       0
       0
       0
       0
       0
       0
       0
       0
       0
       0
       0
       0
       0
       0
       0
       0
       0
       0
       0
       0
       0
       0
       0
       0
       1
       0
       0
       0
       0
       0
       0
       0
       0
       0
       0
       0
       0
       0
       0
       0
       0
       0
       0
       0
       0
       0
       0
       0
       0
       0
       0
       0
       0
       0
       0
       0
       0
       0
       0
       0
       0
       0
       0
       0
       0
       0
       0
       0
       0
       0
       0
       0
       0
       0
       0
       0
       0
       1
       0
       0
       0
       0
       0
       0
       0
       0
       0
       0
       1
       0
       0
       0
       0
       0
       0
       0
       0
       0
       0
       0
       0
       0
       0
       0
       0
       0
       0
       0
       0
       0
       0
       0
       0
       0
       0
       1
       0
       0
       0
       0
       0
       1
       0
       0
       0
       0
       0
       0
       0
       0
       0
       0
       0
       0
       0
       0
       0
       0
       0
       0
       0
       0
       0
       0
       0
       0
       0
       0
       0
       0
       0
       0
       0
       0
       0
       0
       0
       0
       0
       0
       0
       0
       0
       0
       0
       0
       0
       0
       0
       0
       0
       0
       0
       0
       0
       0
       0
       0
       0
       0
       0
       0
       0
       0
       0
       0
       0
       0
       0
       0
       0
       0
       0
       0
       0
       0
       0
       0
       0
       0
       0
       0
       0
       0
       0
       0
       0
       0
       0
       0
       0
       0
       0
       0
       0
       0
       0
       0
       0
       0
       0
       0
       0
       0
       0
       0
       0
       0
       0
       0
       0
       1
       0
       0
       0
       0
       0
       0
       0
       0
       0
       0
       0
       0
       1
       1
       0
       0
       0
       0
       0
       0
       0
       0
       0
       0
       0
       0
       0
       0
       0
       0
       0
       0
       0
       0
       0
       0
       0
       0
       0
       0
       0
       0
       0
       0
       0
       0
       0
       0
       0
       0
       0
       0
       0
       0
       0
       0
       0
       0
       0
       0
       0
       0
       0
       0
       0
       0
       0
       0
       0
       0
       0
       0
       0
       0
       0
       0
       0
       0
       0
       0
       0
       0
       0
       0
       0
       0
       0
       0
       0
       0
       0
       0
       0
       0
       0
       0
       0
       0
       0
       0
       0
       0
       0
       0
       0
       0
       0
       0
       0
       0
       0
       0
       0
       0
       0
       0
       0
       0
       0
       0
       0
       0
       0
       0
       0
       0
       0
       0
       0
       0
       0
       0
       0
       0
       0
       0
       0
       0
       0
       0
       0
       0
       0
       0
       0
       0
       0
       0
       0
       0
       0
       0
       0
       0
       0
       0
       0
       0
       0
       0
       0
       0
       0
       0
       0
       0
       0
       0
       0
       0
       0
       0
       0
       0
       0
       0
       0
       0
       0
       0
       0
       0
       0
       0
       0
       0
       0
       0
       0
       0
       0
       0
       0
       0
       0
       0
       0
       0
       0
       0
       0
       0
       0
       0
       0
       0
       0
       0
       0
       0
       0
       0
       0
       0
       0
       0
       0
       0
       0
       0
       0
       0
       0
       0
       0
       0
$ROI:
3
2091 2111
2937 2969
3340 3382
$PRESETS:
None
0
0
$ENER_FIT:
-1.603023 0.398142
$MCA_CAL:
3
-1.603023E+000 3.981421E-001 -1.843240E-007 keV
$SHAPE_CAL:
3
5.712108E+000 -5.708310E-004 7.647117E-007
