$SPEC_ID:
Pulser
$SPEC_REM:
DET# 2
DETDESC# DETECTOR 2
AP# GammaVision Version 7.01.03
$DATE_MEA:
03/31/2017 05:28:27
$MEAS_TIM:
271872 274823
$DATA:
0 8191
       0
       0
       0
       0
       0
       0
       0
       0
       0
       0
       0
       0
       0
       0
       0
       0
       0
       0
       0
       0
       2
       0
       0
   11214
  586654
  703223
  400152
  340414
  321029
  317879
  339004
  413066
  557231
  727348
  800120
  714861
  557759
  456007
  463715
  605042
  856111
 1075375
 1089603
  917433
  688096
  512267
  429376
  412166
  413314
  421088
  436196
  443273
  425535
  389972
  360267
  338639
  323713
  316112
  311302
  312347
  313901
  314035
  312039
  312107
  315211
  317027
  312369
  305414
  300165
  296436
  295533
  294441
  293171
  292461
  289823
  288238
  287729
  286394
  286187
  285014
  283856
  282389
  282702
  281649
  280797
  280092
  280720
  279309
  280101
  282711
  285195
  285989
  286203
  284403
  283583
  283048
  284300
  286155
  288270
  290131
  292596
  292921
  295647
  298193
  300612
  301739
  302243
  305563
  307211
  308704
  312857
  314115
  316657
  319580
  321343
  324287
  324853
  328391
  330712
  334019
  336051
  339738
  343474
  350933
  366184
  384121
  391640
  386652
  379367
  381277
  382593
  386996
  390801
  398891
  407165
  417502
  415012
  406935
  401327
  399303
  401314
  403865
  406750
  412626
  420011
  425968
  431076
  431883
  435734
  448444
  462401
  471237
  470430
  464311
  471936
  493183
  520952
  631346
 1073863
 2067950
 3113152
 3154134
 2122488
 1085243
  600711
  481812
  467699
  469691
  474004
  479851
  489173
  501944
  513481
  522324
  529002
  533612
  537568
  541286
  544528
  549698
  556160
  567027
  593335
  633250
  660212
  648055
  620616
  623033
  669875
  724140
  724620
  663436
  600886
  570252
  562796
  560083
  559551
  558151
  557960
  557059
  560033
  561739
  564726
  570910
  581788
  590312
  593732
  586747
  585047
  602363
  639751
  678764
  714612
  737307
  724180
  670524
  605754
  565612
  554005
  559394
  569948
  573069
  568951
  560994
  559471
  565259
  583413
  607934
  619884
  623843
  705779
 1149377
 2404450
 4521019
 6383092
 6460256
 4774806
 2991492
 2437203
 2797051
 2931157
 2314458
 1445170
  883242
  685999
  719107
 1065867
 1979431
 3427909
 4581610
 4534551
 3482470
 2338098
 1536417
 1011734
  715261
  590302
  546753
  540451
  611393
  859356
 1332444
 1812301
 1915632
 1544021
 1106883
 1059629
 1503030
 2072238
 2191573
 1704495
 1040404
  630290
  493386
  476730
  494091
  537465
  647185
  859090
 1165001
 1481229
 1670806
 1621593
 1362015
 1091560
  940462
  860596
  791316
  779553
  837979
  867951
  794020
  661118
  547391
  489043
  478780
  486543
  469250
  415317
  346829
  295355
  275744
  277618
  296408
  324664
  348664
  347986
  329853
  305399
  283587
  270080
  262466
  258946
  258660
  258227
  259567
  258539
  258914
  257522
  256014
  254496
  256159
  255932
  255436
  255054
  254680
  256057
  255841
  257218
  259580
  264080
  271524
  277495
  274488
  266970
  259002
  255466
  252929
  253528
  254241
  254228
  253131
  253854
  253193
  252502
  253226
  251817
  251076
  250268
  250695
  250588
  252202
  259732
  274751
  302788
  322097
  321870
  298324
  272096
  257651
  262164
  288555
  332692
  374732
  383598
  349152
  299059
  264955
  250159
  244477
  242719
  240737
  239233
  238401
  238638
  237386
  237959
  239135
  238941
  238946
  239103
  240595
  241842
  242526
  241047
  240094
  239565
  238793
  235813
  233479
  232049
  231473
  231091
  231020
  231036
  230260
  229850
  228869
  228175
  228830
  228332
  228349
  227836
  227910
  227370
  227355
  226731
  226227
  226121
  229022
  240812
  261725
  283869
  293641
  285371
  261882
  241216
  229892
  224981
  224737
  222657
  222025
  220406
  219083
  218732
  216977
  216447
  217375
  215426
  215387
  215480
  215513
  215060
  214184
  214719
  213138
  212807
  213208
  213143
  212767
  211920
  210644
  211829
  210256
  210459
  209840
  209507
  210091
  208620
  208623
  208372
  208158
  207718
  206876
  206977
  208564
  210141
  211345
  213501
  214285
  211948
  210768
  209086
  207718
  215085
  248898
  348155
  546245
  794705
  970794
  948347
  739786
  477772
  297814
  220005
  199239
  197515
  196582
  195885
  195297
  194023
  193739
  192792
  193026
  193940
  194932
  197003
  198355
  198120
  197310
  196247
  196899
  197773
  198406
  198544
  196149
  196295
  195913
  192822
  191699
  188425
  186908
  185719
  185592
  186534
  188342
  190489
  192519
  194440
  196062
  196972
  196146
  193693
  193176
  194961
  205701
  224715
  250973
  273929
  278444
  261473
  231589
  207625
  199068
  204518
  217118
  237079
  268969
  314347
  359374
  375033
  343051
  281889
  225019
  189679
  174421
  169758
  168821
  169131
  168414
  167896
  167293
  165919
  166181
  165028
  165834
  166086
  166559
  166738
  166281
  165627
  164615
  163581
  162391
  162823
  162413
  162834
  164063
  164442
  165339
  165660
  166273
  166240
  166688
  164765
  163074
  161120
  159589
  160271
  162346
  170067
  187273
  226489
  310611
  444385
  596507
  692567
  673343
  541334
  371679
  242585
  176903
  155976
  151238
  149621
  150654
  149448
  149406
  148998
  148007
  147250
  147590
  146641
  145954
  145684
  146041
  145745
  145777
  145358
  145046
  144424
  144103
  143790
  144368
  144175
  143198
  143843
  143729
  144170
  144152
  143798
  142885
  142281
  141467
  140543
  140211
  140500
  139442
  140043
  140208
  139301
  138157
  139461
  138488
  138792
  140428
  145787
  160047
  186490
  220436
  251811
  262915
  243772
  207874
  169833
  148011
  137593
  134954
  134152
  134678
  135572
  136807
  136965
  137153
  135323
  134234
  133400
  134000
  138443
  147779
  161210
  174100
  180685
  176275
  162160
  147369
  136748
  130361
  128769
  129238
  128338
  128268
  128426
  129373
  129666
  129484
  127653
  127088
  125524
  126632
  125885
  126433
  128062
  129647
  129595
  130459
  128210
  126661
  125074
  124537
  123265
  122908
  123341
  122506
  123748
  124107
  124981
  125646
  125612
  125778
  124370
  124181
  122975
  123864
  125565
  135724
  165147
  230633
  343239
  485680
  611304
  652822
  585260
  441843
  292518
  188955
  140003
  122310
  118273
  116856
  116324
  116161
  116708
  116209
  115842
  116834
  118764
  123107
  129858
  137035
  142499
  143772
  138418
  129893
  122233
  116962
  114916
  114842
  114465
  114613
  114665
  114063
  113375
  113384
  113643
  113866
  116960
  121103
  127774
  135548
  141147
  140916
  135365
  127066
  118992
  113635
  111259
  110009
  109979
  109228
  109414
  109745
  108870
  109625
  108994
  108006
  107778
  108307
  107813
  107156
  107538
  107342
  107231
  106764
  107411
  106866
  107703
  106975
  107516
  107405
  108587
  108694
  108738
  108290
  107800
  107254
  106482
  104917
  104551
  104627
  104676
  104413
  103858
  103741
  104236
  103991
  103993
  103493
  103630
  103602
  103979
  104820
  108182
  113292
  123865
  137944
  153108
  160327
  158983
  146605
  131137
  117767
  110112
  107395
  108039
  109452
  109593
  108601
  105969
  103357
  101353
  100770
   99778
   99876
   99608
   99358
   98936
   99287
   99660
   98941
   99234
   99405
   99110
   98638
   98505
   98230
   99191
   98820
   98903
   99831
   99634
   98988
   98978
   98849
   98530
   98983
   99151
  100022
  103155
  110512
  122620
  139145
  157632
  172105
  173207
  161979
  141757
  121775
  107524
  100091
   96850
   95128
   95937
   94310
   95212
   95207
   96166
   96108
   95927
   96471
   95054
   95113
   94088
   93793
   93707
   93409
   93455
   93276
   93813
   93714
   92667
   93238
   93677
   92572
   92949
   92221
   92433
   92434
   91874
   92136
   92320
   92260
   92759
   93297
   93264
   93741
   93847
   92840
   92857
   91553
   91687
   91249
   90960
   90797
   90568
   91233
   91013
   90745
   90715
   91286
   90937
   89992
   89412
   89124
   89617
   89434
   89159
   89058
   88605
   88579
   88675
   88880
   88206
   89081
   88945
   89657
   91281
   93674
   95760
   97510
   97403
   96916
   93879
   91768
   89585
   88375
   88108
   87563
   87266
   86587
   87946
   88361
   87552
   87755
   87516
   86882
   87283
   86241
   86669
   85708
   85648
   86159
   85655
   85406
   85488
   84756
   85321
   84595
   84224
   84678
   84546
   84706
   84809
   84209
   83784
   83533
   84318
   84321
   84105
   83639
   85122
   84346
   85735
   86702
   88985
   93283
   96402
   99238
   98788
   97058
   93453
   89350
   86089
   83606
   83376
   83001
   82616
   82720
   82965
   82516
   82909
   82632
   81980
   81715
   82416
   82034
   82099
   81904
   82611
   82162
   81940
   81979
   81520
   81246
   81071
   81197
   80963
   80754
   80323
   80183
   79989
   79747
   79882
   79956
   79715
   79924
   79448
   79602
   80122
   79982
   79794
   79438
   79638
   79253
   79458
   79702
   79808
   79805
   79147
   79124
   78645
   78979
   78372
   78152
   78657
   78013
   78270
   78169
   78679
   78782
   78486
   78328
   78468
   77804
   78478
   78351
   77720
   77799
   77332
   77819
   77749
   77439
   77302
   77905
   77587
   77019
   77514
   76986
   77050
   76823
   77191
   77688
   77821
   78111
   77311
   77578
   77063
   77047
   76614
   75835
   76651
   75746
   75886
   75795
   75783
   75514
   75846
   76808
   76133
   75872
   76060
   76329
   75765
   75279
   75697
   75124
   75107
   75729
   75445
   75192
   75130
   74330
   75172
   74905
   75138
   74973
   75060
   74882
   74610
   74829
   74648
   74566
   75077
   74876
   74694
   74714
   74711
   74326
   74550
   73793
   74131
   73499
   74020
   73864
   73357
   73939
   73721
   73598
   73113
   73321
   72984
   72959
   73161
   72861
   72985
   73348
   73047
   73049
   72873
   72782
   72293
   72841
   72826
   73118
   73211
   72816
   72931
   73209
   73131
   72703
   73136
   72566
   72926
   72602
   72171
   73078
   73123
   73234
   72782
   73277
   73164
   72835
   72266
   72684
   72219
   72116
   72474
   71858
   71209
   71546
   71403
   70801
   71422
   71843
   71260
   71377
   71663
   71798
   71989
   71593
   71955
   71397
   71416
   70792
   70843
   70834
   70175
   70230
   70379
   70082
   70395
   69890
   70361
   70674
   70308
   70081
   70439
   70241
   71232
   70920
   71418
   71757
   72652
   72485
   72394
   72538
   71697
   71513
   70173
   70489
   69668
   70080
   69876
   70070
   69884
   69452
   69580
   69675
   69575
   69541
   69850
   69395
   69473
   69131
   68668
   68736
   68836
   68972
   68664
   68211
   68476
   68625
   68203
   68324
   68243
   68363
   67962
   68017
   67634
   67928
   67496
   68102
   67759
   67899
   68511
   68606
   68852
   68966
   68844
   69483
   68844
   68428
   68080
   67906
   67661
   67791
   67713
   67400
   67647
   67560
   67830
   66818
   67548
   67260
   66625
   66744
   66546
   66399
   66461
   67419
   67503
   68655
   68977
   69683
   69224
   69148
   68442
   67430
   66798
   66928
   66513
   66637
   66403
   65990
   65884
   65841
   66108
   65606
   65652
   65303
   65879
   65876
   66063
   66217
   66349
   66381
   67581
   67501
   67554
   68249
   68123
   68104
   67950
   67750
   67387
   67340
   67425
   67224
   67213
   66946
   66817
   66836
   66355
   66035
   66210
   65621
   64911
   65108
   64766
   64559
   64133
   64934
   64234
   64293
   63684
   63635
   64605
   64380
   64385
   64250
   64459
   64481
   64891
   64784
   65245
   65734
   66009
   66661
   67244
   66020
   66075
   66517
   65368
   65255
   65208
   66240
   66899
   67949
   69087
   70608
   72702
   75226
   78690
   84786
   92090
   98403
  104044
  104549
  100844
   93284
   84386
   76371
   70698
   66008
   64340
   63372
   63058
   62901
   63163
   62907
   63533
   63578
   64084
   64544
   64563
   64997
   64513
   64087
   63510
   63238
   62527
   62836
   62622
   62564
   62405
   62302
   62389
   62730
   62826
   62865
   63412
   63203
   63426
   63139
   63235
   63873
   63305
   63692
   63740
   63639
   63077
   63001
   62536
   62349
   61586
   61128
   61253
   61390
   61347
   61035
   61007
   60900
   61239
   61902
   61995
   62210
   63554
   65496
   67623
   70092
   72283
   73283
   74139
   72717
   69769
   66907
   64629
   62780
   61662
   61103
   59985
   60302
   60620
   60112
   60443
   60506
   60300
   60056
   59694
   60347
   59572
   60077
   60142
   60136
   59977
   60169
   60208
   60622
   60088
   60631
   60607
   61182
   61720
   62442
   63249
   63549
   63922
   63250
   62994
   61314
   60794
   59890
   59463
   59491
   58734
   59021
   58996
   58387
   58764
   58205
   58390
   58926
   57837
   58508
   57630
   57726
   58055
   58155
   57450
   57684
   57449
   57087
   57288
   57558
   57720
   57475
   57715
   57028
   57141
   56789
   57176
   57087
   57523
   57158
   57365
   56866
   57383
   56695
   56907
   56907
   56505
   56840
   56959
   56636
   56447
   56527
   56913
   56773
   56587
   56110
   56239
   56271
   56238
   56478
   56029
   56200
   55824
   56068
   55797
   55921
   56341
   55539
   56207
   55463
   55724
   55698
   55477
   56155
   55943
   55681
   55655
   55288
   55240
   55420
   55495
   55796
   55407
   55501
   55150
   55710
   55836
   55715
   55600
   55317
   55073
   55055
   55217
   54890
   54699
   55194
   55016
   55227
   55247
   55741
   55412
   55881
   55632
   55603
   55096
   55190
   54686
   54239
   54218
   54135
   54183
   54089
   53965
   53711
   54443
   53590
   53985
   54147
   53496
   54240
   54238
   53767
   54507
   54470
   54313
   54255
   54262
   53609
   53731
   53693
   53880
   54438
   53734
   53439
   53739
   53520
   53502
   52789
   53197
   53039
   53042
   53082
   52897
   53217
   52974
   52770
   52974
   52979
   53011
   53326
   53253
   53128
   53702
   54192
   54326
   54005
   53992
   54317
   53505
   53638
   53220
   52803
   52295
   52082
   52553
   51677
   51997
   52123
   51897
   52036
   52279
   52435
   52259
   52277
   52089
   51652
   52060
   51826
   51742
   51815
   51764
   52003
   52010
   52177
   52435
   51960
   51834
   51886
   51468
   50889
   51174
   51171
   50945
   51193
   51220
   50749
   51168
   51196
   50981
   51473
   51081
   51182
   50903
   51154
   50695
   50988
   51121
   51259
   52016
   51944
   52033
   52032
   52537
   52782
   52640
   52382
   52717
   54178
   54563
   56502
   58642
   61814
   65852
   70139
   74770
   78265
   79415
   77491
   73608
   68995
   62883
   57338
   54707
   52371
   50574
   50392
   50029
   50154
   50439
   50652
   50848
   52118
   52908
   53511
   54471
   55357
   57474
   59892
   60760
   61864
   62088
   61083
   59713
   57500
   55236
   53569
   52386
   50960
   50260
   49949
   49351
   49328
   49857
   49050
   48930
   49221
   49368
   49131
   49529
   49667
   49373
   49833
   49666
   49735
   49404
   49260
   49413
   48582
   48596
   48602
   48848
   48385
   48143
   48428
   48193
   48362
   48088
   48245
   48296
   48207
   47994
   48146
   47848
   48284
   47980
   48498
   48121
   47921
   48151
   47491
   47468
   47606
   47969
   48115
   48511
   48438
   48502
   49052
   49196
   49155
   48613
   48479
   48798
   47268
   47919
   47659
   47298
   47333
   47036
   47118
   46736
   47322
   47071
   47423
   47236
   47396
   47419
   47853
   48010
   47747
   48076
   48265
   47843
   48181
   48025
   48058
   48253
   47865
   47966
   47675
   47298
   47464
   47732
   47484
   47949
   47967
   48332
   47828
   47929
   47295
   47676
   46895
   46804
   46648
   46697
   46294
   46124
   45424
   46098
   45547
   46141
   45803
   46075
   46278
   46017
   46024
   45571
   45782
   45440
   45794
   45142
   45486
   45393
   45714
   45414
   45384
   45657
   45467
   45425
   45833
   45800
   45750
   45930
   46278
   46671
   46707
   47319
   47433
   48295
   48832
   49379
   49751
   49480
   49833
   49425
   48685
   48108
   46932
   46762
   45727
   45602
   45300
   45523
   44526
   44849
   45117
   45099
   44989
   45152
   45532
   45598
   45808
   45794
   45778
   46309
   46767
   46425
   46178
   45975
   45338
   45381
   45270
   44884
   44821
   45185
   45666
   46126
   47283
   48086
   49397
   50998
   52295
   54507
   56721
   59984
   63347
   68387
   72272
   77142
   79987
   80926
   79962
   76303
   70306
   63650
   57539
   52539
   49045
   47307
   45507
   45428
   44550
   45072
   45375
   46030
   46367
   46608
   46872
   46704
   46084
   45548
   44862
   44665
   43901
   43689
   43543
   43504
   43643
   43608
   43757
   43675
   43737
   43655
   43838
   43566
   43775
   43516
   43069
   43364
   42985
   42874
   42932
   42728
   42679
   43007
   43444
   44227
   45530
   46316
   48549
   51356
   55441
   60913
   67345
   74579
   84183
   91927
   97783
  101136
  100818
   96498
   87823
   76837
   66294
   58763
   53266
   49213
   47247
   45843
   45931
   46362
   47857
   48695
   49102
   49796
   49427
   48655
   47797
   46708
   45080
   44032
   43019
   42620
   42362
   42125
   42396
   42896
   42568
   42835
   42280
   42656
   42447
   42898
   42669
   43111
   42790
   43262
   43201
   43795
   43974
   43689
   44416
   44374
   45805
   46026
   47819
   48513
   49162
   49365
   49642
   49354
   47912
   46382
   44742
   43724
   42023
   41788
   41514
   40824
   40718
   40809
   40785
   40660
   40919
   40632
   40826
   40753
   40744
   40713
   40773
   40746
   41123
   40517
   40704
   40619
   40214
   40630
   40302
   39686
   39800
   39806
   39190
   39208
   39284
   39297
   39031
   38975
   38616
   38899
   39153
   39045
   39125
   39048
   39469
   39380
   39689
   39644
   39758
   39597
   39833
   39836
   39565
   39091
   38792
   38897
   38487
   38761
   38481
   38480
   38316
   38375
   38441
   38418
   38651
   38647
   38372
   38937
   38556
   38289
   38279
   38340
   38181
   37976
   38035
   38138
   38293
   37572
   37440
   37141
   37165
   37518
   37818
   37185
   37262
   37406
   37375
   37061
   37068
   36793
   36763
   36887
   36999
   37045
   37110
   37166
   37105
   37185
   37410
   37208
   36704
   36630
   36657
   36668
   36167
   36484
   36378
   36481
   36115
   36313
   36541
   36669
   36521
   36754
   36680
   36606
   36285
   36460
   36258
   36450
   36024
   35906
   35992
   36233
   36269
   36461
   36288
   36294
   36438
   36300
   36414
   35838
   35623
   35330
   35127
   35247
   35324
   35253
   34933
   34901
   34973
   34622
   34952
   35282
   34789
   35294
   34966
   35051
   35056
   34772
   35071
   35112
   34835
   34773
   35124
   35020
   35039
   34855
   34696
   34750
   35170
   35256
   34885
   35009
   35221
   35068
   34509
   34857
   34914
   34310
   34375
   34164
   33928
   33799
   34011
   33745
   33886
   33791
   33728
   33529
   33591
   33212
   33545
   33261
   33362
   33231
   33118
   33410
   33406
   32988
   33186
   33329
   33367
   32845
   33042
   33386
   33415
   33233
   33169
   32982
   33139
   33208
   32680
   32713
   32667
   32587
   32582
   32387
   32696
   32420
   32472
   32529
   32383
   31858
   32091
   32187
   32327
   32238
   32620
   32785
   32983
   33217
   33221
   33636
   33686
   33661
   33540
   33568
   33710
   33553
   33715
   33585
   33918
   34345
   34455
   34851
   35139
   35396
   35552
   35815
   35553
   35106
   35014
   34740
   34595
   34273
   34097
   33681
   33099
   32704
   32634
   31783
   31647
   31599
   31246
   31259
   31234
   31198
   31101
   31021
   30760
   30687
   30479
   30449
   30389
   30315
   30546
   29997
   29854
   30302
   30417
   30229
   30257
   30363
   30153
   30207
   30555
   30207
   30737
   30869
   30187
   30594
   30810
   30549
   30428
   30493
   30166
   30116
   29808
   29356
   29577
   29572
   29726
   29610
   29460
   29620
   29168
   29222
   29063
   29298
   29257
   29115
   29217
   29065
   28871
   28898
   28961
   28828
   28754
   29091
   28861
   28737
   28917
   28852
   29048
   28966
   29084
   28746
   29044
   28811
   28790
   28715
   28488
   28562
   28603
   28533
   28748
   28193
   28475
   28748
   28401
   28365
   28546
   28916
   28647
   28862
   29247
   29035
   29431
   29393
   30067
   30257
   30253
   30416
   30158
   30785
   30676
   30330
   31144
   31328
   31478
   31375
   31192
   30821
   30644
   30524
   29563
   29383
   28801
   27958
   27835
   27577
   27332
   27626
   27186
   27511
   27271
   27587
   27273
   27521
   27770
   28155
   28192
   27690
   28202
   28286
   27995
   27650
   27628
   27248
   27251
   26967
   27071
   26859
   26787
   26652
   26874
   26890
   27145
   27107
   26959
   27279
   27266
   27607
   27785
   28139
   28472
   29192
   29606
   29744
   30319
   30463
   30557
   30429
   30107
   29505
   28973
   28340
   27403
   27286
   26733
   26679
   26256
   25999
   25988
   26301
   25875
   25856
   26173
   26646
   26831
   26808
   26773
   26639
   26662
   26478
   26726
   26578
   25919
   25825
   25773
   25400
   25488
   25458
   25218
   25350
   25114
   25350
   24906
   25169
   25102
   25156
   25174
   25109
   25018
   25006
   25032
   24811
   25003
   24914
   24979
   24990
   25067
   24904
   25141
   25018
   25027
   24738
   24594
   24783
   24751
   24593
   24766
   24759
   24806
   24872
   24784
   24566
   24622
   24570
   24675
   24684
   24199
   24544
   24374
   24403
   24589
   24402
   24195
   24303
   24233
   24206
   24377
   24544
   24155
   24410
   24490
   24683
   24593
   24453
   24462
   24368
   24379
   24284
   24268
   23992
   23820
   24161
   23884
   23916
   24054
   23860
   23673
   23355
   23697
   23453
   23750
   23376
   23446
   23333
   23331
   22991
   23119
   23292
   23208
   23427
   23308
   23151
   23313
   23635
   23648
   23675
   24223
   24649
   25423
   26198
   27311
   28990
   31997
   34952
   38570
   43168
   49251
   57571
   67114
   78234
   91239
  102569
  113374
  120797
  126991
  128378
  123994
  113772
   99068
   82085
   66021
   53572
   43807
   36764
   32040
   27825
   25208
   23193
   22650
   22067
   22310
   21806
   21799
   21810
   21904
   21838
   22146
   21725
   21513
   21616
   21770
   21929
   21942
   21501
   21627
   21472
   21422
   21502
   21507
   21580
   21357
   21492
   20955
   21265
   21457
   21483
   21484
   21359
   21750
   21714
   21503
   21719
   21679
   21688
   22055
   22122
   22281
   22527
   22687
   23182
   23310
   23654
   23747
   23749
   24028
   24093
   23600
   23176
   22734
   21946
   21739
   21310
   21269
   21009
   20688
   20828
   20849
   20309
   20500
   20446
   20491
   20600
   20198
   20573
   20646
   20410
   20217
   20554
   20252
   20166
   20367
   20431
   20339
   20387
   20463
   20519
   20684
   20601
   20968
   20807
   20825
   21061
   20803
   20900
   20804
   20541
   20568
   20491
   20495
   20436
   20049
   20140
   20418
   20149
   20078
   20039
   19831
   19896
   19674
   19564
   19537
   19270
   19297
   19437
   19160
   19048
   19070
   19674
   19240
   19157
   19487
   19236
   19263
   19439
   19192
   19092
   19349
   19099
   19338
   18835
   19274
   18774
   18821
   19154
   18689
   19045
   19029
   18588
   18720
   18694
   18729
   18941
   18894
   18759
   18948
   18493
   18579
   18613
   18614
   18762
   18716
   18507
   18431
   18366
   18215
   18321
   18420
   18442
   18251
   17993
   18269
   17958
   18297
   18007
   18256
   17804
   18032
   17751
   18071
   17983
   17934
   17820
   17894
   17892
   17878
   18184
   17821
   18156
   17867
   17904
   17667
   17750
   17564
   17829
   17316
   17751
   17608
   17685
   17655
   17532
   17884
   17298
   17551
   17266
   17741
   17488
   17374
   17397
   17359
   17339
   17312
   17506
   17612
   17519
   17412
   17317
   17066
   17150
   17047
   17236
   17223
   17161
   16989
   16994
   17077
   16952
   16787
   16747
   16633
   17019
   16817
   16891
   16784
   16769
   16717
   16742
   16638
   16612
   16505
   16680
   16760
   16712
   16560
   16635
   16588
   16441
   16518
   16535
   16267
   16407
   16462
   16515
   16577
   16579
   16628
   16463
   16365
   16317
   16234
   16251
   16372
   16258
   16313
   16200
   16090
   16205
   15779
   15890
   16041
   15968
   15892
   15967
   15867
   15918
   15633
   15818
   15838
   15962
   15830
   15815
   15683
   15710
   15879
   15724
   15486
   15511
   15805
   15474
   15549
   15445
   15346
   15465
   15353
   15358
   15530
   15234
   15329
   15366
   15179
   15213
   15181
   15313
   15246
   15225
   15218
   15277
   15549
   15338
   15512
   15329
   15358
   15626
   15576
   15733
   15813
   15969
   15729
   15704
   15811
   15738
   15734
   15543
   15351
   15388
   15347
   15421
   15485
   15186
   15658
   15880
   15856
   15992
   16249
   16487
   16332
   16534
   16628
   16113
   16035
   15721
   15608
   15073
   15167
   14918
   14821
   14483
   14657
   14506
   14714
   14326
   14080
   14248
   13992
   14267
   14077
   14225
   14093
   14086
   14053
   14151
   13920
   14061
   13978
   14165
   14087
   14169
   13951
   13992
   13947
   13893
   13741
   14042
   13894
   13939
   13688
   13994
   13839
   13883
   13988
   13964
   13543
   13663
   13679
   13711
   13569
   13581
   13454
   13581
   13391
   13199
   13592
   13401
   13284
   13298
   13104
   13252
   13270
   13142
   13049
   13016
   13229
   13042
   13207
   13191
   13050
   12899
   12789
   12889
   12858
   12853
   12975
   12931
   12721
   12589
   12780
   12832
   12869
   12717
   12892
   12714
   12732
   12594
   12765
   12860
   12644
   12626
   12609
   12808
   12673
   12716
   12440
   12623
   12592
   12526
   12422
   12519
   12503
   12616
   12517
   12553
   12505
   12306
   12099
   12422
   12279
   12227
   12252
   12205
   12204
   11992
   12151
   12159
   11893
   12050
   12148
   12078
   12020
   12039
   11958
   11971
   11886
   12011
   11952
   11831
   11689
   11699
   11859
   11661
   11940
   11587
   11756
   11554
   11681
   11565
   11810
   11782
   11697
   11827
   11825
   11611
   11917
   11892
   12139
   12175
   12150
   12389
   12425
   12501
   12672
   12453
   12527
   12671
   12550
   12055
   12371
   11797
   11988
   11634
   11473
   11165
   11457
   11205
   11196
   11080
   10988
   11058
   10890
   10889
   11101
   10953
   11138
   10898
   10826
   11020
   10798
   10614
   10903
   10866
   10759
   10942
   10851
   10841
   10781
   10682
   10649
   10730
   10670
   10685
   10562
   10655
   10785
   10500
   10399
   10558
   10513
   10505
   10501
   10593
   10492
   10436
   10615
   10408
   10327
   10453
   10494
   10158
   10357
   10358
   10213
   10350
   10189
   10271
   10330
   10042
   10419
   10192
   10210
   10231
   10194
   10228
    9980
   10021
   10030
   10232
   10081
   10143
    9980
    9850
    9922
    9960
    9893
    9858
    9772
    9738
    9908
    9945
    9593
    9718
    9672
    9681
    9658
    9616
    9682
    9576
    9676
    9665
    9567
    9733
    9817
    9860
    9864
    9863
    9574
    9844
    9877
   10093
   10095
   10037
    9860
   10093
   10059
   10242
    9919
    9795
    9704
    9604
    9596
    9456
    9417
    9345
    9210
    9234
    9312
    9174
    9296
    9334
    8951
    9310
    9090
    9062
    9153
    8899
    9001
    8874
    9280
    9003
    9091
    9025
    8911
    8985
    8744
    8763
    8778
    8764
    8762
    8856
    8840
    8744
    8800
    8899
    8790
    8754
    9029
    8859
    8695
    8630
    8875
    8779
    9088
    9120
    9333
    9357
    9671
    9720
    9970
    9934
   10231
   10465
   10435
   10558
   10504
   10714
   10627
    9979
    9775
    9415
    9222
    9045
    8640
    8595
    8275
    8371
    8268
    8004
    8173
    8188
    8242
    8039
    8026
    8180
    7995
    8157
    8028
    8101
    7746
    8114
    7970
    7903
    7997
    7969
    7786
    7895
    7990
    7881
    7981
    7806
    7780
    7981
    7806
    7828
    7711
    7848
    7822
    7981
    7850
    7785
    7806
    7592
    7749
    7700
    7739
    7651
    7615
    7656
    7556
    7516
    7571
    7430
    7680
    7361
    7452
    7433
    7394
    7402
    7480
    7423
    7417
    7356
    7305
    7433
    7228
    7425
    7299
    7286
    7331
    7486
    7333
    7456
    7266
    7454
    7294
    7434
    7455
    7236
    7415
    7344
    7322
    7381
    7432
    7448
    7314
    7434
    7411
    7356
    7323
    7233
    7276
    7227
    7052
    7068
    7087
    6974
    6888
    6795
    6739
    6884
    6806
    6690
    6623
    6720
    6768
    6724
    6660
    6682
    6487
    6587
    6674
    6589
    6631
    6797
    6520
    6556
    6558
    6529
    6534
    6461
    6450
    6452
    6396
    6449
    6438
    6366
    6502
    6395
    6263
    6331
    6368
    6388
    6339
    6328
    6169
    6317
    6413
    6277
    6247
    6359
    6206
    6293
    6170
    6250
    6137
    6119
    6199
    6226
    6131
    6027
    6198
    6145
    6229
    5925
    5936
    6106
    6047
    5955
    6036
    5858
    6004
    5922
    6127
    5763
    6015
    5928
    5694
    5766
    5930
    5854
    5829
    5787
    5940
    5804
    5757
    5745
    5821
    5753
    5742
    5736
    5572
    5817
    5671
    5653
    5688
    5681
    5582
    5571
    5651
    5646
    5532
    5620
    5638
    5560
    5429
    5507
    5432
    5452
    5462
    5355
    5571
    5484
    5519
    5504
    5516
    5280
    5331
    5450
    5276
    5264
    5416
    5363
    5322
    5285
    5341
    5319
    5412
    5345
    5322
    5306
    5387
    5374
    5354
    5327
    5288
    5362
    5334
    5257
    5300
    5252
    5336
    5286
    5220
    5058
    5057
    5141
    5127
    5084
    5113
    4987
    4928
    5052
    5078
    4998
    5021
    4997
    4986
    4997
    5039
    4813
    5015
    5039
    4958
    4989
    4822
    5014
    4924
    4774
    4933
    4784
    4895
    4797
    4816
    4712
    4763
    4732
    4780
    4899
    4811
    4708
    4703
    4632
    4724
    4698
    4793
    4818
    4686
    4745
    4556
    4748
    4512
    4585
    4452
    4490
    4468
    4476
    4626
    4526
    4512
    4504
    4718
    4742
    4754
    4827
    4843
    4886
    4961
    4889
    5346
    5399
    5578
    5730
    5659
    5805
    5847
    5763
    5903
    5637
    5590
    5262
    5049
    4901
    4643
    4532
    4452
    4383
    4391
    4459
    4275
    4278
    4333
    4345
    4364
    4459
    4326
    4411
    4435
    4314
    4386
    4259
    4378
    4380
    4306
    4366
    4344
    4288
    4226
    4118
    4269
    4145
    4192
    4227
    4256
    4179
    4179
    4154
    4084
    3940
    4081
    4006
    3950
    3965
    3928
    4027
    3859
    3928
    3963
    3846
    3886
    3898
    3781
    3871
    3835
    3794
    3823
    3844
    3861
    3748
    3675
    3787
    3712
    3662
    3631
    3721
    3781
    3669
    3809
    3774
    3793
    3705
    3559
    3770
    3656
    3628
    3548
    3660
    3512
    3485
    3505
    3389
    3423
    3421
    3462
    3452
    3335
    3447
    3487
    3308
    3459
    3260
    3432
    3382
    3294
    3377
    3324
    3085
    3220
    3282
    3217
    3220
    3218
    3311
    3384
    3173
    3315
    3332
    3431
    3406
    3367
    3387
    3452
    3361
    3419
    3598
    3560
    3630
    3771
    3706
    3585
    3640
    3686
    3809
    3739
    3689
    3691
    3594
    3515
    3529
    3553
    3414
    3392
    3359
    3362
    3446
    3280
    3256
    3255
    3183
    3193
    3129
    3044
    3099
    3231
    3115
    3047
    3082
    3146
    2913
    3092
    3068
    2965
    2971
    2914
    2931
    2969
    2881
    2912
    2769
    2847
    2908
    2855
    2888
    2899
    2868
    2929
    2920
    2898
    2891
    3025
    2937
    2920
    3084
    2864
    3003
    3028
    3012
    3147
    3218
    3171
    3141
    3251
    3201
    3232
    3102
    3115
    2994
    2933
    2923
    2795
    2832
    2665
    2686
    2574
    2606
    2631
    2585
    2498
    2478
    2597
    2405
    2539
    2449
    2481
    2407
    2460
    2390
    2475
    2470
    2443
    2444
    2466
    2392
    2469
    2418
    2480
    2347
    2365
    2411
    2419
    2434
    2307
    2439
    2341
    2326
    2364
    2305
    2343
    2274
    2277
    2241
    2296
    2237
    2213
    2320
    2239
    2273
    2140
    2207
    2135
    2233
    2225
    2230
    2209
    2224
    2200
    2133
    2241
    2133
    2275
    2154
    2156
    2147
    2135
    2165
    2034
    2118
    2072
    2119
    2037
    2157
    2114
    2148
    2119
    2048
    2074
    2090
    2116
    2137
    2122
    2080
    2106
    2030
    2136
    1988
    1999
    2016
    2082
    2008
    2019
    1978
    2052
    2036
    2013
    1997
    1981
    2016
    2094
    1945
    2030
    2041
    1987
    2021
    2014
    2023
    1983
    2021
    2068
    2075
    2134
    2065
    2157
    2147
    2280
    2175
    2313
    2328
    2453
    2496
    2496
    2555
    2557
    2679
    2695
    2573
    2629
    2567
    2437
    2337
    2195
    2190
    2041
    1972
    1905
    1882
    1859
    1826
    1770
    1738
    1807
    1650
    1714
    1641
    1767
    1661
    1642
    1742
    1696
    1673
    1696
    1719
    1661
    1614
    1599
    1721
    1649
    1637
    1670
    1636
    1687
    1784
    1686
    1693
    1739
    1693
    1787
    1690
    1697
    1807
    1680
    1667
    1748
    1677
    1653
    1593
    1636
    1557
    1617
    1587
    1497
    1577
    1554
    1510
    1531
    1533
    1453
    1568
    1479
    1496
    1406
    1505
    1446
    1473
    1455
    1411
    1428
    1363
    1407
    1363
    1460
    1346
    1383
    1390
    1471
    1471
    1430
    1428
    1392
    1460
    1458
    1446
    1406
    1483
    1411
    1538
    1562
    1517
    1583
    1578
    1516
    1549
    1576
    1664
    1668
    1677
    1639
    1630
    1767
    1741
    1687
    1721
    1763
    1787
    1896
    1825
    1764
    1708
    1724
    1601
    1579
    1509
    1342
    1358
    1368
    1409
    1317
    1349
    1306
    1225
    1223
    1253
    1231
    1196
    1160
    1143
    1216
    1227
    1202
    1245
    1206
    1240
    1195
    1189
    1205
    1218
    1191
    1215
    1176
    1301
    1221
    1220
    1260
    1218
    1179
    1195
    1208
    1247
    1153
    1180
    1073
    1111
    1137
    1210
    1069
    1081
    1120
    1078
    1092
    1030
    1073
    1031
    1063
    1035
    1077
    1028
    1026
    1089
    1077
    1061
    1061
    1032
    1020
     972
    1053
    1018
    1009
    1005
    1020
     995
    1013
    1019
    1008
     997
     984
    1020
    1043
    1067
    1025
    1110
    1102
    1121
    1109
    1132
    1181
    1201
    1228
    1276
    1297
    1389
    1391
    1502
    1557
    1557
    1535
    1688
    1634
    1633
    1656
    1669
    1656
    1638
    1667
    1485
    1448
    1372
    1307
    1219
    1145
    1086
    1031
     997
     923
     892
     936
     926
     903
     866
     916
     881
     853
     817
     785
     847
     831
     858
     821
     782
     798
     823
     760
     768
     749
     758
     757
     772
     771
     806
     741
     734
     767
     729
     807
     734
     756
     773
     767
     752
     765
     769
     814
     709
     749
     756
     780
     749
     744
     767
     720
     766
     705
     764
     810
     748
     722
     720
     750
     757
     731
     712
     709
     710
     729
     717
     673
     725
     721
     747
     675
     716
     692
     634
     659
     676
     681
     653
     674
     628
     713
     643
     654
     655
     651
     625
     609
     647
     641
     627
     677
     602
     642
     652
     623
     611
     616
     602
     637
     645
     636
     605
     573
     608
     589
     572
     612
     563
     591
     578
     602
     591
     614
     631
     587
     610
     592
     554
     542
     610
     588
     584
     582
     585
     552
     554
     548
     484
     553
     575
     533
     573
     509
     540
     568
     575
     584
     528
     552
     521
     534
     558
     572
     522
     532
     543
     531
     512
     515
     480
     524
     509
     524
     465
     466
     451
     490
     468
     504
     508
     493
     502
     519
     468
     518
     493
     509
     473
     513
     479
     498
     507
     529
     545
     494
     477
     519
     504
     543
     480
     522
     583
     551
     475
     553
     519
     591
     566
     616
     639
     652
     730
     751
     807
     842
     897
     905
     936
     879
     944
    1039
     970
    1005
     999
     897
     839
     767
     722
     624
     596
     545
     534
     514
     487
     467
     446
     433
     484
     447
     433
     404
     434
     386
     400
     404
     385
     441
     403
     411
     428
     420
     414
     435
     459
     413
     450
     457
     466
     436
     422
     465
     451
     426
     438
     462
     397
     376
     411
     398
     404
     323
     395
     406
     395
     422
     396
     337
     380
     391
     387
     416
     435
     397
     439
     454
     479
     416
     475
     461
     496
     490
     504
     555
     554
     510
     527
     468
     462
     418
     404
     366
     354
     340
     368
     328
     311
     317
     325
     293
     341
     330
     347
     315
     314
     320
     316
     301
     282
     298
     307
     280
     275
     300
     321
     303
     291
     307
     312
     275
     316
     288
     318
     310
     325
     313
     311
     290
     317
     303
     354
     349
     325
     344
     357
     363
     348
     366
     361
     408
     378
     412
     419
     458
     415
     540
     505
     580
     668
     688
     774
     819
     951
    1058
    1070
    1120
    1178
    1186
    1239
    1302
    1317
    1317
    1391
    1278
    1180
    1132
     942
     887
     726
     656
     544
     495
     421
     407
     404
     343
     296
     304
     316
     264
     249
     258
     275
     237
     284
     252
     243
     271
     293
     246
     295
     268
     292
     292
     284
     304
     278
     316
     271
     263
     297
     287
     300
     273
     304
     282
     336
     288
     288
     289
     384
     311
     336
     358
     328
     329
     386
     396
     392
     414
     486
     452
     489
     499
     512
     534
     566
     548
     570
     564
     558
     600
     571
     575
     538
     484
     463
     438
     356
     347
     331
     307
     289
     254
     280
     263
     231
     195
     214
     206
     194
     176
     194
     166
     206
     188
     196
     197
     198
     197
     198
     170
     181
     210
     223
     235
     220
     213
     209
     176
     195
     192
     217
     183
     216
     214
     248
     220
     229
     215
     231
     234
     280
     253
     305
     318
     346
     367
     420
     426
     447
     431
     481
     485
     512
     505
     525
     555
     538
     503
     527
     502
     432
     408
     355
     373
     272
     275
     298
     252
     263
     246
     228
     180
     208
     185
     200
     194
     176
     199
     211
     196
     209
     229
     208
     239
     216
     219
     245
     252
     276
     270
     287
     295
     331
     331
     307
     339
     331
     335
     359
     321
     337
     352
     291
     304
     262
     260
     220
     228
     186
     199
     192
     181
     194
     183
     204
     179
     199
     189
     180
     200
     163
     172
     220
     213
     215
     198
     207
     210
     203
     225
     210
     219
     235
     254
     249
     290
     279
     303
     311
     368
     393
     419
     431
     487
     572
     669
     668
     714
     742
     817
     847
     920
     893
     992
    1027
    1008
    1055
    1014
     945
     827
     826
     734
     653
     590
     523
     467
     429
     389
     409
     324
     325
     313
     276
     276
     247
     195
     196
     163
     182
     169
     188
     157
     150
     138
     154
     135
     152
     150
     139
     153
     159
     162
     146
     149
     156
     173
     146
     170
     173
     162
     140
     157
     156
     152
     155
     138
     170
     143
     158
     166
     160
     179
     142
     178
     163
     169
     129
     175
     144
     139
     175
     181
     163
     184
     193
     216
     212
     237
     245
     279
     263
     316
     303
     368
     378
     434
     410
     504
     526
     543
     519
     546
     601
     616
     597
     629
     641
     692
     641
     634
     601
     625
     553
     522
     514
     522
     505
     531
     499
     510
     531
     523
     537
     538
     537
     589
     567
     544
     485
     485
     445
     378
     354
     320
     302
     274
     234
     226
     211
     190
     191
     178
     183
     144
     173
     167
     147
     165
     168
     141
     156
     151
     128
     170
     150
     151
     167
     154
     176
     169
     175
     200
     189
     189
     203
     188
     226
     227
     218
     202
     239
     210
     249
     241
     225
     219
     215
     191
     148
     180
     173
     159
     166
     152
     160
     136
     151
     149
     157
     150
     162
     187
     145
     179
     165
     158
     175
     181
     172
     193
     180
     201
     226
     235
     257
     270
     274
     307
     296
     315
     345
     374
     327
     360
     362
     386
     386
     359
     395
     374
     400
     349
     333
     301
     268
     232
     204
     226
     228
     191
     213
     198
     216
     225
     225
     199
     182
     183
     170
     163
     193
     173
     174
     172
     194
     177
     180
     190
     144
     150
     158
     152
     164
     145
     169
     145
     138
     151
     138
     143
     137
     128
     151
     150
     145
     163
     137
     165
     143
     171
     173
     193
     171
     203
     220
     163
     210
     196
     213
     231
     214
     216
     247
     229
     219
     229
     185
     185
     187
     172
     144
     120
     129
     126
     128
     104
     115
     128
      95
     112
     125
     115
     118
     122
     112
     124
     101
     104
     100
     100
      97
     111
     100
     101
     111
     138
     102
     108
     105
     101
     113
     120
     104
     111
     101
     113
     123
      88
     110
      74
     113
     103
     107
     104
     108
     119
     113
     121
     116
     128
      92
     121
     119
     108
     141
     118
     128
     109
     115
     117
     112
     116
     114
     115
     120
     133
     135
     122
     128
     160
     107
     138
     116
     137
     117
     133
     106
     107
     112
     121
      80
      99
      97
      98
     103
     114
     103
      94
     102
      96
      94
      96
      94
      90
     100
     106
     103
     110
      85
     102
     101
      92
      92
      93
      83
     109
      90
      85
     100
     101
      94
     118
      98
      86
      90
      92
      90
      91
      87
      88
      83
      96
      89
      77
      96
      95
      94
     103
     106
      94
      88
      89
      88
     109
      93
      86
     122
      96
     110
     102
      97
      95
     116
     126
     144
     119
     136
     130
     114
     120
     116
     111
     144
     142
     140
     130
     147
     125
     130
     129
     124
     131
     108
     113
     113
     112
     115
     113
     105
      96
      96
     110
     105
      84
      97
      99
      96
      80
     111
      91
      92
      94
     109
      83
      92
      96
      86
     102
      84
      84
      87
     100
      99
      82
     100
      89
      80
      80
      96
      96
      92
      85
     104
     107
     111
     101
     104
     108
     109
      97
     106
     101
     101
     106
     101
     105
     100
     111
     107
     116
     102
     119
     108
     128
     110
     126
     106
     108
     129
     104
     114
     121
     108
     113
     111
     132
     101
      96
     123
     104
     117
     113
      96
     102
     125
     118
     132
      89
     122
     110
     106
      95
     109
     106
     114
     115
     106
     117
     125
     122
     124
     112
     105
     106
     111
     121
     109
     125
     118
     118
     117
     115
     137
     104
      99
      98
      85
     113
      86
      78
      95
     111
     108
      89
      74
     102
      97
      88
      89
      92
      93
      84
      79
      97
      95
     105
      94
      83
      93
     103
     109
      77
      90
      76
      93
      94
      98
      98
      95
      89
      83
      79
      73
      87
      90
      97
     105
     102
     107
      84
      99
      82
      91
      99
     100
      62
      93
      77
      77
      83
      77
      93
      86
      79
      73
      80
      80
     100
      77
     100
      72
      88
      86
      73
      96
      72
      71
      79
      80
      78
      82
      99
      89
      89
      93
      95
      97
      98
     112
      98
     104
      85
      85
      87
      84
      88
      86
      93
      83
      89
      77
      84
      93
      78
      82
      75
      75
      80
      93
      72
      80
      91
      73
      74
      75
      80
      86
      76
      67
      87
      89
     106
      74
      85
      83
      76
      88
      94
      87
      93
      85
      89
      90
      85
      79
     101
      67
     103
      90
      79
      85
      94
      95
      86
     102
      91
      69
      88
      66
      94
      90
      93
      85
      81
      82
      87
      92
      84
      86
      72
      82
      76
      83
      95
      76
      93
      72
      79
      85
      66
      68
      81
      82
      96
      70
      71
      74
      75
      77
      81
      68
      85
      81
      84
      85
      78
      67
      77
      74
      72
      70
      62
     101
      71
      76
      72
      63
      90
      75
      73
      74
      75
      83
      74
      75
      65
      77
      64
      74
      73
      85
      61
      91
      87
      79
      63
      69
      80
      69
      70
      88
      75
      79
      88
      85
      87
      78
      59
      72
      64
      96
      87
      80
      66
      76
      76
      72
      65
      71
      68
      77
      74
      72
      70
      83
      78
      71
      61
      67
      58
      70
      88
      86
      64
      68
      69
      82
      73
      81
      86
      93
      64
      76
      73
      90
      76
      69
      65
      79
      58
      80
      76
      72
      63
      67
      90
      72
      86
      68
      70
      74
      63
      62
      69
      71
      82
      67
      64
      76
      73
      75
      64
      71
      63
      64
      71
      88
      69
      70
      75
      74
      75
      83
      81
      77
      83
      82
      69
      85
      74
      73
      85
      73
      91
      74
      75
      81
      86
      73
      64
      63
      74
      56
      72
      70
      70
      65
      74
      65
      62
      70
      73
      73
      84
      78
      87
      70
      71
      89
      77
      83
      83
      77
      87
     103
      67
      71
      84
      78
      89
      88
      84
     106
      63
     115
      89
      93
     103
      97
      73
     106
      83
      85
      84
      85
     104
     103
      99
      97
     101
     103
     100
     105
     129
     114
     126
     141
     120
     113
     107
     105
     104
      92
     103
      85
      90
      76
      91
      68
      90
      86
      75
      65
      75
      65
      39
      66
      70
      56
      76
      56
      47
      63
      68
      52
      52
      61
      57
      54
      61
      68
      55
      64
      53
      51
      61
      61
      60
      52
      55
      56
      68
      71
      64
      67
      64
      64
      82
      58
      72
      69
      65
      63
      58
      73
      61
      66
      82
      58
      61
      66
      70
      65
      66
      79
      74
      71
      77
      65
      64
      82
      78
      65
      57
      68
      80
      63
      83
      83
      57
      74
      73
      75
      89
      66
      76
      78
      72
      70
      65
      71
      70
      74
      74
      59
      65
      66
      57
      67
      59
      61
      63
      55
      57
      56
      51
      52
      55
      39
      46
      54
      58
      59
      58
      62
      71
      60
      70
      63
      50
      46
      44
      47
      49
      70
      52
      45
      68
      63
      53
      57
      68
      51
      63
      74
      68
      61
      70
      73
      74
      74
      65
      74
      75
      83
      89
      77
      93
      84
      74
      72
      79
      79
      59
      67
      69
      53
      46
      58
      66
      62
      69
      47
      49
      49
      55
      38
      41
      41
      54
      56
      59
      53
      47
      47
      47
      61
      54
      50
      57
      75
      58
      52
      61
      58
      51
      39
      47
      52
      44
      40
      50
      47
      44
      49
      51
      54
      46
      47
      41
      56
      45
      40
      58
      47
      51
      53
      49
      41
      52
      62
      58
      44
      44
      48
      48
      50
      46
      55
      48
      58
      43
      41
      55
      50
      57
      44
      48
      47
      45
      51
      49
      51
      55
      55
      45
      44
      47
      53
      50
      52
      45
      47
      63
      51
      43
      42
      46
      54
      43
      49
      43
      43
      52
      47
      49
      52
      44
      49
      50
      48
      59
      42
      60
      43
      38
      49
      48
      59
      50
      39
      51
      45
      38
      54
      50
      35
      44
      44
      40
      51
      45
      43
      51
      45
      54
      46
      48
      51
      43
      42
      41
      39
      33
      44
      59
      55
      26
      39
      48
      47
      49
      46
      46
      47
      47
      41
      37
      29
      54
      43
      41
      41
      39
      40
      42
      42
      38
      50
      32
      38
      45
      35
      42
      44
      43
      45
      44
      44
      46
      41
      38
      51
      59
      54
      39
      40
      36
      55
      50
      50
      44
      46
      41
      45
      48
      49
      44
      46
      39
      40
      42
      47
      55
      45
      52
      65
      46
      52
      51
      48
      43
      40
      49
      47
      47
      60
      46
      40
      52
      44
      57
      52
      45
      54
      49
      39
      52
      57
      63
      44
      46
      48
      57
      55
      40
      53
      44
      43
      44
      44
      52
      38
      41
      53
      36
      33
      42
      57
      55
      50
      47
      35
      49
      38
      38
      39
      42
      55
      41
      41
      37
      45
      43
      48
      58
      39
      40
      41
      39
      47
      46
      46
      59
      40
      46
      45
      44
      41
      49
      38
      40
      34
      38
      43
      50
      49
      38
      52
      39
      43
      34
      38
      30
      34
      40
      43
      30
      43
      40
      34
      38
      44
      44
      39
      36
      43
      55
      51
      43
      49
      47
      61
      50
      59
      52
      65
      62
      64
      63
      70
      83
      97
     106
      80
     105
      95
     122
     123
     135
     148
     162
     146
     147
     136
     155
     169
     177
     199
     178
     198
     197
     205
     206
     165
     154
     170
     149
     153
     114
     110
      96
      86
      81
      96
      84
      91
      97
      74
      73
      78
      92
      58
      52
      62
      53
      40
      64
      65
      58
      66
      59
      51
      58
      72
      68
      58
      67
      84
      59
      66
      69
      74
      71
      66
      76
      73
      63
      75
      50
      51
      40
      47
      44
      44
      49
      33
      45
      34
      35
      42
      46
      33
      33
      32
      37
      35
      28
      34
      36
      38
      26
      27
      29
      25
      27
      38
      32
      34
      39
      23
      29
      47
      40
      38
      32
      39
      29
      35
      35
      32
      29
      52
      26
      37
      41
      29
      33
      32
      47
      31
      41
      28
      34
      32
      32
      33
      38
      34
      44
      38
      42
      37
      28
      35
      44
      29
      37
      31
      38
      27
      35
      42
      41
      36
      37
      37
      30
      41
      39
      28
      32
      41
      29
      29
      35
      33
      30
      30
      28
      42
      39
      28
      33
      27
      37
      38
      32
      37
      31
      45
      34
      35
      32
      35
      29
      40
      34
      21
      37
      33
      39
      40
      28
      34
      26
      24
      40
      35
      34
      50
      34
      29
      32
      33
      37
      42
      32
      31
      40
      34
      35
      31
      28
      42
      34
      48
      27
      35
      30
      46
      40
      29
      38
      32
      29
      34
      37
      34
      36
      26
      34
      26
      23
      34
      37
      34
      23
      35
      30
      22
      40
      23
      29
      35
      25
      30
      28
      26
      32
      33
      24
      26
      27
      28
      30
      41
      33
      27
      34
      33
      32
      38
      33
      37
      37
      23
      34
      25
      31
      34
      37
      32
      35
      37
      30
      35
      24
      25
      38
      28
      30
      33
      30
      34
      42
      31
      25
      39
      41
      28
      34
      21
      37
      34
      32
      37
      39
      25
      27
      32
      30
      35
      25
      41
      41
      36
      21
      26
      35
      21
      34
      23
      23
      27
      25
      30
      38
      32
      32
      26
      38
      28
      38
      27
      35
      29
      33
      31
      21
      34
      32
      22
      31
      38
      42
      30
      47
      35
      39
      34
      40
      40
      33
      37
      45
      41
      39
      35
      36
      40
      56
      41
      47
      50
      44
      51
      45
      47
      38
      30
      39
      40
      45
      34
      21
      37
      28
      29
      38
      35
      16
      20
      27
      35
      35
      29
      25
      24
      38
      29
      25
      39
      27
      24
      31
      32
      20
      29
      35
      44
      33
      27
      41
      34
      31
      34
      36
      33
      42
      42
      47
      43
      48
      45
      34
      43
      54
      46
      38
      41
      40
      46
      52
      42
      56
      38
      42
      51
      41
      42
      38
      32
      31
      35
      31
      36
      35
      32
      39
      32
      32
      39
      28
      25
      27
      31
      21
      35
      20
      36
      32
      38
      26
      32
      38
      30
      24
      29
      29
      34
      24
      26
      22
      34
      18
      22
      27
      26
      25
      28
      26
      23
      30
      30
      21
      24
      32
      24
      29
      21
      29
      27
      21
      20
      30
      26
      22
      28
      17
      21
      24
      19
      36
      21
      25
      30
      29
      25
      26
      25
      28
      22
      34
      28
      27
      17
      28
      27
      25
      25
      30
      33
      30
      17
      20
      24
      20
      26
      25
      23
      21
      21
      33
      26
      19
      20
      24
      32
      27
      27
      30
      30
      23
      22
      27
      26
      22
      22
      25
      27
      21
      38
      19
      29
      21
      35
      23
      25
      29
      23
      17
      32
      31
      26
      29
      23
      21
      32
      22
      31
      23
      23
      21
      24
      22
      33
      26
      22
      18
      26
      23
      25
      24
      22
      23
      23
      28
      22
      32
      33
      31
      36
      34
      33
      33
      44
      36
      37
      30
      46
      40
      30
      33
      34
      55
      39
      43
      44
      48
      35
      41
      42
      41
      44
      44
      20
      40
      22
      27
      26
      22
      30
      21
      21
      26
      29
      18
      26
      24
      19
      29
      28
      24
      23
      23
      24
      19
      15
      24
      25
      23
      18
      32
      27
      17
      18
      14
      23
      20
      18
      28
      27
      26
      22
      32
      11
      28
      28
      23
      22
      20
      23
      28
      21
      19
      22
      29
      29
      24
      26
      27
      22
      19
      23
      18
      16
      23
      19
      22
      25
      16
      26
      22
      21
      21
      25
      26
      30
      16
      18
      12
      20
      13
      24
      13
      14
      22
      26
      30
      29
      32
      18
      19
      24
      22
      22
      19
      21
      27
      18
      26
      20
      18
      19
      18
      33
      25
      35
      23
      18
      24
      22
      19
      29
      20
      33
      19
      27
      29
      30
      32
      22
      21
      19
      23
      33
      20
      24
      27
      28
      28
      27
      24
      20
      28
      24
      25
      32
      35
      18
      30
      17
      33
      26
      29
      33
      24
      21
      27
      28
      27
      26
      34
      20
      23
      22
      31
      30
      22
      26
      38
      36
      27
      29
      36
      32
      27
      32
      29
      23
      30
      21
      25
      22
      15
      23
      37
      20
      23
      30
      19
      20
      15
      19
      30
      22
      15
      18
      20
      25
      22
      22
      22
      21
      15
      29
      19
      19
      24
      18
      17
      29
      18
      21
      31
      24
      21
      17
      32
      17
      20
      22
      20
      27
      24
      28
      19
      23
      16
      18
      17
      22
      20
      24
      23
      18
      18
      23
      15
      17
      16
      28
      32
      18
      17
      19
      20
      21
      24
      18
      23
      13
      22
      13
      17
      19
      18
      23
      22
      23
      24
      28
      14
      18
      15
      12
      19
      25
      17
      26
      17
      21
      17
      18
      17
      20
      20
      26
      18
      22
      15
      15
      25
      17
      21
      29
      18
      24
      17
      22
      15
      27
      24
      21
      20
      26
      22
      26
      18
      26
      24
      25
      14
       6
      22
      22
      19
      29
      26
      29
      22
      28
      19
      25
      17
      24
      21
      11
      27
      13
      18
      23
      22
      10
      26
      16
      17
      13
      14
      28
      25
      18
      24
      13
      31
      19
      22
      18
      16
      24
      11
      13
      19
      22
      27
      25
      23
      21
      26
      19
      25
      26
      17
      21
      20
      15
      25
      20
      24
      25
      24
      21
      23
      19
      15
      21
      30
      24
      14
      23
      24
      16
      16
      18
      17
      15
      18
      27
      17
      16
      26
      20
       8
      13
      13
      20
      27
      16
      18
      12
      25
      18
      22
      26
      12
      21
      21
      22
      14
      17
      13
      20
      25
      23
      16
      15
      23
      23
      22
      19
      23
      18
      26
      16
      15
      10
      17
      15
      19
      19
      18
      13
      17
      19
      24
      26
      20
      18
       9
      19
      10
      17
      21
      19
      26
      18
      21
      24
      21
      15
      13
      20
      13
      13
      20
      23
      23
      16
      21
      20
      18
      15
      15
      17
      23
      17
      16
      22
      14
      17
      21
      13
      18
      24
      11
      20
      16
      20
      12
      25
      12
      15
      19
      15
      15
      21
      16
      14
      20
      17
      12
      15
      15
      11
      15
      10
      19
      18
      14
      17
      12
      14
      21
      15
      15
      17
      20
      15
      14
      16
      20
      23
      21
      15
      22
      22
      18
      23
      16
      13
      18
      13
      18
      21
      22
      21
      14
      20
      20
      13
      23
      11
      22
      15
      16
      19
      18
      15
      13
      17
      20
       9
      17
      18
      22
      19
      15
      16
      14
      23
       8
      22
      13
      17
      17
      29
      23
      14
      23
      14
      17
      17
      16
      22
      14
      14
      19
      19
      16
      18
      22
      19
      14
      21
      17
      18
      14
      23
      14
      12
      17
      23
      12
      15
      22
      21
      21
      13
      16
      18
      16
      17
      13
      12
      19
      15
      12
      19
      16
      24
      18
      19
      11
      17
      23
      13
      12
      20
       9
      16
      19
      15
      15
      13
      18
      16
      21
      11
      17
      12
      17
      26
      16
      16
      12
      19
      14
      15
      18
      19
      17
      20
      14
      20
      18
      10
      11
      11
       9
      18
      16
      19
      12
      24
      20
      19
      13
      19
      16
      14
      15
      19
       9
      11
      14
      15
      17
      16
      10
      12
      14
      10
      16
      21
      17
      17
      13
      20
      14
      17
      11
      15
      18
      19
      21
      12
      19
      12
      16
      11
      12
       9
      16
      17
      22
      11
      13
      17
      11
      12
      19
      21
      16
      11
      14
      17
      21
      16
      22
      11
      17
      12
      18
      13
      10
      18
      12
      17
      18
      16
      17
      10
      16
      14
      10
      17
      18
      13
      14
      21
      14
      14
      20
      19
      14
      18
      15
      20
      10
      14
      13
      17
      10
       7
      12
      12
      16
      10
      14
      17
      14
      23
      15
      12
      14
      13
      22
      11
      17
      13
      10
      16
      18
      16
      19
      13
      18
       9
      20
      16
      19
      11
      16
      11
      10
      16
      18
      13
       6
      12
      14
      19
      14
      17
      16
       9
      22
      12
      11
      13
      10
      21
       7
      13
      22
      17
       7
      18
      20
      21
       7
      15
      12
      13
      12
      22
       6
      12
      11
      18
      13
      14
      12
      14
      14
      16
      11
      13
      17
      14
      13
      16
      16
      15
      11
      12
       9
      16
       8
      12
      14
      10
      14
      11
       8
       8
      15
      13
      18
      12
      10
      20
      16
       9
      12
      16
      17
      13
      22
      11
      13
      18
      12
      17
      15
       9
      14
      13
      18
      15
      17
       9
      15
      17
      18
      11
      13
      10
      17
      17
      18
      13
       8
      13
      18
      15
      14
      18
      16
      13
       7
       8
      17
      12
      12
      16
      12
      12
      13
      18
       7
      11
      18
      13
      16
      11
      17
      16
      17
      10
      16
      22
      14
      16
      15
      15
      14
      20
      13
      16
      12
      24
      14
      16
      19
      17
      13
       8
      12
      23
      16
      30
      13
      16
      18
      18
      27
      23
      23
      17
      19
      27
      16
      20
      16
       8
      22
      12
      11
      20
      20
      13
      11
      11
      19
      17
      18
      16
      14
      21
      11
      12
      16
       9
      15
      13
      11
      13
      12
       7
      20
      14
      12
       8
      12
       9
      18
       9
       9
       6
      12
      16
      17
      19
      11
      17
      16
      14
      20
      15
      16
      24
      14
      18
      14
      18
       9
      13
       5
      13
       9
      14
      17
      16
      13
      16
      18
      15
      16
       9
      11
      13
      11
       7
      16
      15
      12
      16
      15
      15
      10
      15
      17
      11
      14
      15
      13
      15
      20
      15
       9
      18
      18
      17
      13
      19
      18
      13
      13
      12
      11
       9
      22
      14
      12
      15
      20
      15
      11
      10
      15
      16
      12
      15
      18
       9
      18
      15
      13
      21
      15
      11
      12
      10
      12
      14
      16
       6
      15
      17
      18
      12
      14
       8
      14
       6
      12
      10
      17
      10
      18
       9
      20
      13
      14
       7
      14
      16
       9
      12
      12
      16
       9
       8
       9
      12
      11
      12
       8
      13
      15
      15
      11
      15
      14
      11
       7
      15
      17
      14
      14
      18
      16
      12
      16
       5
      11
      21
      16
      10
      12
      11
       7
      15
      11
       8
      11
      13
      12
      10
      13
      14
      20
      19
       9
       8
      16
      15
      12
      18
       8
      12
      12
      10
      12
       7
      18
      10
       9
      14
      12
      12
      12
      10
      15
      16
      14
       7
      19
       9
       8
      13
      11
      23
      14
      11
      13
      12
      20
      17
      16
      10
      12
      12
      14
       5
      17
      13
       8
      10
      16
      13
      11
      11
      15
      14
       9
      10
      11
      11
      15
       9
      12
      12
      12
       9
       8
       9
      12
      11
      18
      10
      12
      13
      19
       8
      12
      12
      23
      14
      20
       8
      11
       9
       7
      16
      15
      17
      13
      13
      16
       8
      14
      14
      10
       9
      13
       7
      14
      11
       5
       9
      14
      14
      10
      14
      11
      11
      11
      10
      10
      13
       8
      17
      12
      16
      11
      16
      15
      14
      10
      10
       5
      19
      14
      12
       8
       8
       8
      12
       8
      10
       7
      14
      17
      11
       6
      17
      12
      16
      15
      12
      10
      10
      14
      15
       9
      11
      10
      12
      12
       8
       7
      12
       8
      10
      15
      14
      11
      17
      20
      14
      11
      11
      11
      14
      16
      12
      11
      11
      16
      15
      14
      12
      10
      14
      15
       7
       6
       9
      10
       8
      15
       8
      16
      13
      20
       9
      12
      15
      12
       9
      14
      17
      15
       8
       9
      13
      10
      10
      14
      14
      10
       8
      15
      16
       6
      13
      18
      13
       9
       8
      15
      10
      13
      12
      12
      14
      16
       9
      18
      10
      11
      11
      17
      11
       9
      14
      14
       9
      15
      11
      14
      13
      12
       8
       7
       9
      16
       7
      12
       9
      14
      15
      14
       9
       7
      14
       9
       8
      17
       9
      10
      12
       8
      12
      18
       7
       8
      15
      14
       4
       9
      16
       7
      11
      15
      13
       7
      13
      10
      10
      13
      11
      14
       7
       9
       7
      11
      14
      10
      10
      14
       7
       9
      12
      14
      12
      17
       6
      16
       8
      17
       8
      11
      16
       7
      15
       7
      15
       8
      10
      13
       9
      13
      11
      13
      10
      12
       8
      12
      17
      11
      11
       9
       7
      10
      13
       9
      19
      12
      12
      10
       5
       1
       0
       0
       0
       0
       0
       0
       0
       0
       0
       0
       0
       0
       0
       0
       0
       0
       0
       0
       0
       0
       0
       0
       0
       0
       0
       0
       0
       0
       0
       0
       0
       0
       0
       0
       0
       0
       0
       0
       0
       0
       0
       1
       0
       0
       0
       0
       0
       0
       0
       0
       0
       0
       0
       0
       0
       0
       0
       0
       0
       0
       0
       0
       0
       0
       0
       0
       0
       0
       0
       0
       0
       0
       0
       0
       0
       0
       0
       0
       0
       0
       0
       0
       0
       0
       0
       0
       0
       0
       0
       0
       0
       0
       0
       0
       0
       0
       0
       0
       0
       0
       0
       0
       0
       0
       0
       0
       0
       0
       0
       0
       0
       0
       0
       0
       0
       0
       0
       0
       0
       0
       0
       0
       0
       0
       0
       0
       0
       0
       0
       0
       0
       0
       0
       0
       0
       0
       0
       0
       0
       0
       0
       0
       0
       0
       0
       0
       0
       0
       0
       0
       0
       0
       0
       0
       0
       0
       0
       0
       0
       0
       0
       0
       0
       0
       0
       0
       0
       0
       0
       0
       0
       0
       0
       0
       0
       0
       0
       0
       0
       0
       0
       0
       0
       0
$ROI:
2
841 861
3244 3286
$PRESETS:
None
0
0
$ENER_FIT:
-0.340452 0.397081
$MCA_CAL:
3
-3.404519E-001 3.970808E-001 2.454251E-008 keV
$SHAPE_CAL:
3
2.851998E+000 3.101786E-003 -4.032600E-008
