$SPEC_ID:
Pulser
$SPEC_REM:
DET# 2
DETDESC# DETECTOR 2
AP# GammaVision Version 7.01.03
$DATE_MEA:
03/31/2017 01:33:47
$MEAS_TIM:
232 263
$DATA:
0 8191
       0
       0
       0
       0
       0
       0
       0
       0
       0
       0
       0
       0
       0
       0
       0
       0
       0
       0
       0
       0
       0
       0
       0
      94
    3255
    3323
    2075
    1786
    1642
    1658
    1605
    1668
    1810
    1764
    1855
    1857
    1983
    1926
    1896
    1778
    1750
    1810
    1929
    1675
    1855
    1880
    1806
    1810
    1857
    1813
    1802
    1762
    1807
    1832
    1810
    1991
    1994
    2205
    2744
    3974
    5281
    6016
    5284
    4233
    3247
    2646
    2418
    2651
    2902
    3067
    2893
    2381
    2151
    1841
    1796
    1768
    1781
    1791
    1726
    1799
    1775
    1728
    1814
    1711
    1766
    1778
    1770
    1775
    1833
    1838
    1852
    1816
    1798
    1799
    1790
    1839
    1815
    1846
    1844
    1938
    1894
    1858
    1940
    1843
    1842
    1880
    1870
    1905
    1930
    1824
    1905
    1984
    1833
    1824
    1858
    1878
    1969
    1955
    1931
    1966
    1976
    2017
    2074
    1945
    2000
    1995
    2005
    1978
    2059
    2083
    2078
    2028
    2049
    2106
    2079
    2069
    2204
    2092
    2174
    2156
    2145
    2214
    2189
    2260
    2256
    2344
    2331
    2380
    2477
    2521
    2440
    2443
    2460
    2438
    2665
    2509
    2537
    2568
    2506
    2579
    2555
    2602
    2614
    2651
    2659
    2669
    2720
    2694
    2713
    2720
    2736
    2733
    2817
    2794
    2836
    2793
    2880
    2876
    2935
    2991
    3340
    4370
    6273
    8146
    8741
    7498
    6696
    7956
   11244
   13400
   12052
    8487
    5352
    3573
    2792
    2488
    2407
    2425
    2304
    2408
    2404
    2372
    2422
    2465
    2559
    2424
    2448
    2449
    2520
    2577
    2921
    3529
    4610
    6073
    6750
    6066
    4852
    3746
    3309
    3417
    3684
    3607
    3223
    2788
    2603
    2426
    2397
    2435
    2496
    2478
    2477
    2452
    2475
    2529
    2562
    2468
    2512
    2514
    2503
    2589
    2508
    2543
    2582
    2609
    2630
    2614
    2666
    2527
    2607
    2645
    2576
    2566
    2655
    2670
    2577
    2638
    2633
    2619
    2705
    2630
    2567
    2654
    2733
    2619
    2659
    2716
    2621
    2760
    2747
    2657
    2716
    2736
    2659
    2693
    2740
    2719
    2592
    2677
    2682
    2863
    2796
    2857
    2762
    2701
    2792
    2740
    2716
    2695
    2786
    2851
    2844
    2751
    2836
    2699
    2881
    2782
    2820
    2813
    2838
    2811
    2905
    2842
    2848
    2882
    2799
    2824
    2873
    2880
    2832
    2803
    2743
    2834
    2872
    2796
    2851
    2824
    2927
    2897
    2956
    2827
    2817
    2837
    2911
    2852
    2870
    2922
    2760
    2809
    2835
    2971
    2916
    2885
    2855
    2835
    2907
    2902
    2925
    2899
    2864
    2834
    2912
    2902
    2835
    2806
    2955
    3365
    4521
    6729
    9279
   10683
    9841
    7738
    5404
    3953
    3142
    3005
    2887
    2853
    2723
    2864
    2803
    2855
    2801
    2783
    2782
    2735
    2865
    2753
    2683
    2827
    2808
    2823
    2789
    2733
    2748
    2736
    2695
    2763
    2669
    2876
    2843
    2764
    2792
    2883
    2744
    2903
    2825
    2808
    2827
    2818
    2863
    2760
    2798
    2845
    2851
    2796
    2813
    2857
    2860
    2948
    2920
    2941
    2930
    2924
    2916
    2909
    3000
    2926
    2926
    3043
    2983
    3088
    3086
    2977
    2967
    3010
    2978
    3066
    2990
    2953
    3040
    3098
    2979
    2990
    3032
    3028
    3033
    3115
    3056
    3080
    2959
    3004
    3004
    2972
    3009
    2922
    2918
    2802
    2904
    3043
    2976
    2841
    3015
    2910
    2889
    2881
    2977
    2916
    2903
    2938
    2956
    2903
    3066
    3009
    2885
    3010
    2987
    2975
    2904
    2931
    2986
    2900
    2916
    2890
    2943
    2938
    2982
    3003
    2877
    2932
    2994
    2929
    2920
    2903
    3010
    2848
    2857
    2882
    2734
    2750
    2828
    2797
    2741
    2828
    2787
    2799
    2657
    2696
    2710
    2744
    2709
    2676
    2714
    2677
    2706
    2615
    2627
    2556
    2627
    2612
    2666
    2589
    2496
    2602
    2594
    2585
    2538
    2638
    2494
    2578
    2562
    2689
    2663
    2562
    2602
    2592
    2559
    2631
    2597
    2451
    2437
    2553
    2479
    2520
    2506
    2480
    2524
    2646
    2559
    2681
    2614
    2622
    2606
    2610
    2698
    2691
    2772
    2745
    2680
    2668
    2784
    2736
    2741
    2831
    2783
    2685
    2749
    2838
    2724
    2785
    2780
    2789
    2863
    2839
    2831
    2765
    2768
    2758
    2694
    2823
    2841
    2835
    2812
    2857
    2789
    2813
    2832
    2803
    2840
    2767
    2754
    2752
    2768
    2856
    2834
    2788
    2810
    2862
    2862
    2769
    2780
    2807
    2790
    2772
    2864
    2822
    2862
    2814
    2791
    2792
    2862
    2834
    2709
    2805
    2867
    2822
    2763
    2814
    2764
    2795
    2847
    2778
    2757
    2799
    2859
    2808
    2803
    2751
    2865
    2802
    2813
    2897
    2832
    2791
    2813
    2759
    2886
    2883
    2814
    2813
    2890
    2770
    2850
    2828
    2835
    2791
    2844
    2810
    2899
    2855
    2884
    2836
    2833
    2902
    2836
    2740
    2876
    2793
    2804
    2765
    2779
    2756
    2790
    2732
    2827
    2733
    2613
    2748
    2646
    2840
    2663
    2688
    2646
    2647
    2631
    2709
    2547
    2567
    2540
    2536
    2579
    2717
    2641
    2599
    2597
    2570
    2593
    2457
    2443
    2505
    2476
    2390
    2371
    2382
    2414
    2341
    2330
    2434
    2299
    2337
    2366
    2205
    2295
    2301
    2328
    2294
    2307
    2342
    2205
    2165
    2082
    2219
    2078
    2173
    2133
    2067
    2086
    2074
    2069
    2124
    2199
    2163
    2130
    2201
    2160
    2108
    1946
    1975
    1972
    1954
    1914
    1875
    1864
    1870
    1919
    1864
    1872
    1820
    1861
    1832
    1753
    1827
    1757
    1708
    1679
    1690
    1760
    1722
    1728
    1671
    1720
    1616
    1592
    1629
    1656
    1598
    1600
    1737
    1581
    1604
    1646
    1487
    1516
    1516
    1521
    1582
    1575
    1584
    1564
    1548
    1488
    1484
    1513
    1388
    1448
    1446
    1416
    1375
    1443
    1384
    1434
    1446
    1422
    1480
    1473
    1549
    1542
    1493
    1448
    1422
    1384
    1362
    1313
    1347
    1364
    1348
    1418
    1351
    1350
    1341
    1253
    1306
    1319
    1267
    1324
    1300
    1247
    1251
    1278
    1211
    1278
    1277
    1273
    1261
    1192
    1227
    1289
    1260
    1193
    1203
    1217
    1215
    1193
    1175
    1177
    1252
    1125
    1224
    1172
    1170
    1119
    1150
    1144
    1236
    1090
    1091
    1189
    1173
    1099
    1115
    1139
    1144
    1187
    1147
    1122
    1118
    1187
    1143
    1117
    1095
    1116
    1117
    1151
    1032
    1101
    1088
    1090
    1120
    1085
    1091
    1165
    1104
    1118
    1280
    1558
    1991
    2242
    2820
    3015
    2873
    2483
    1877
    1435
    1256
    1091
    1090
    1094
    1063
    1083
    1000
    1031
     974
    1047
    1009
    1077
    1061
    1004
     984
    1056
    1025
    1013
    1017
     963
    1046
    1046
     976
    1032
    1000
     984
     982
     976
    1029
    1018
    1030
     970
    1005
     988
     956
     959
    1003
     980
    1090
    1153
    1289
    1430
    1658
    1702
    1763
    1596
    1394
    1190
    1019
    1000
     944
     906
     957
     936
     956
     967
     983
     972
     864
     884
     946
     886
     944
     924
     919
     955
     901
     934
     945
     884
     930
     901
     903
     880
     890
     954
     887
     933
     940
     923
     859
     957
     894
     858
     850
     923
     927
     895
     858
     848
     825
     862
     915
     891
     895
     898
     830
     826
     905
     945
     867
     834
     841
     925
     851
     833
     849
     891
     872
     884
     866
     822
     826
     853
     839
     825
     852
     873
     837
     859
     803
     792
     800
     812
     758
     809
     848
     823
     819
     825
     826
     829
     901
     927
     964
     984
     946
     942
     860
     865
     762
     855
     817
     828
     750
     818
     755
     790
     829
     767
     780
     762
     821
     788
     838
     777
     826
     784
     778
     782
     810
     791
     786
     707
     799
     766
     812
     740
     789
     804
     755
     779
     739
     704
     751
     771
     714
     747
     768
     784
     807
     824
     855
     841
     780
     755
     767
     781
     801
     810
    1045
    1445
    2344
    4247
    7322
   11940
   17419
   22259
   24573
   22964
   18494
   12750
    7732
    4275
    2392
    1341
    1002
     806
     750
     701
     739
     709
     752
     744
     690
     746
     709
     692
     740
     773
     739
     720
     710
     710
     675
     731
     705
     727
     680
     717
     716
     722
     709
     673
     678
     747
     730
     701
     708
     737
     680
     708
     701
     686
     741
     680
     675
     691
     662
     635
     706
     725
     685
     696
     734
     692
     711
     639
     699
     663
     681
     693
     676
     625
     684
     633
     686
     649
     707
     635
     710
     661
     704
     678
     644
     705
     669
     712
     664
     638
     632
     618
     616
     724
     645
     627
     651
     668
     607
     694
     664
     670
     698
     655
     607
     697
     669
     702
     695
     678
     673
     655
     620
     706
     670
     671
     670
     634
     709
     654
     770
     858
     985
    1036
    1242
    1188
    1080
    1023
     951
     753
     727
     665
     654
     583
     618
     630
     660
     596
     660
     634
     668
     652
     628
     650
     637
     676
     669
     635
     589
     618
     634
     653
     615
     647
     625
     634
     608
     616
     654
     626
     627
     610
     657
     657
     625
     581
     700
     660
     655
     549
     657
     652
     626
     604
     622
     604
     637
     643
     637
     684
     658
     670
     612
     641
     605
     661
     660
     631
     640
     598
     606
     597
     620
     632
     606
     632
     591
     617
     570
     642
     647
     583
     610
     636
     595
     668
     603
     593
     614
     585
     632
     594
     605
     628
     603
     596
     605
     645
     639
     594
     604
     571
     630
     602
     579
     624
     609
     614
     622
     598
     585
     606
     609
     576
     590
     643
     659
     660
     785
     831
     967
    1021
    1166
    1335
    1385
    1446
    1341
    1296
    1204
     984
     921
     769
     739
     679
     650
     617
     604
     593
     582
     617
     590
     569
     649
     570
     604
     597
     598
     605
     647
     603
     550
     545
     594
     578
     594
     549
     577
     567
     619
     592
     556
     575
     567
     574
     532
     581
     586
     585
     548
     537
     565
     563
     583
     592
     561
     595
     589
     583
     550
     602
     621
     575
     575
     583
     582
     607
     624
     618
     597
     598
     617
     621
     534
     586
     551
     565
     591
     620
     577
     588
     603
     580
     550
     594
     600
     601
     571
     576
     606
     543
     609
     590
     542
     605
     562
     587
     549
     577
     582
     595
     582
     584
     585
     589
     565
     605
     534
     556
     569
     561
     594
     555
     542
     582
     564
     561
     552
     621
     591
     581
     639
     609
     550
     563
     565
     603
     578
     557
     563
     581
     585
     605
     558
     549
     557
     594
     590
     598
     580
     575
     630
     578
     602
     563
     520
     588
     587
     561
     601
     583
     581
     591
     576
     596
     563
     629
     563
     618
     622
     629
     587
     581
     547
     613
     582
     542
     586
     619
     609
     571
     580
     562
     564
     556
     602
     584
     596
     586
     583
     552
     582
     567
     610
     609
     614
     584
     593
     609
     554
     561
     556
     622
     560
     578
     570
     639
     600
     607
     584
     537
     626
     590
     591
     601
     612
     527
     571
     576
     593
     588
     543
     601
     588
     588
     593
     600
     585
     612
     597
     642
     579
     640
     598
     623
     592
     628
     556
     572
     557
     550
     568
     629
     623
     577
     612
     601
     602
     580
     585
     601
     646
     643
     585
     560
     624
     574
     579
     626
     594
     623
     593
     598
     616
     581
     637
     580
     573
     574
     563
     593
     542
     578
     606
     580
     613
     551
     599
     582
     574
     599
     603
     565
     615
     636
     600
     566
     572
     554
     598
     566
     546
     566
     581
     581
     592
     614
     573
     559
     603
     552
     559
     531
     560
     578
     610
     567
     536
     585
     551
     547
     561
     528
     533
     585
     522
     562
     561
     563
     564
     563
     523
     521
     525
     536
     540
     543
     547
     528
     537
     554
     574
     494
     534
     540
     525
     555
     563
     512
     495
     539
     530
     514
     549
     543
     536
     510
     525
     547
     551
     545
     540
     560
     495
     556
     558
     517
     520
     521
     527
     485
     531
     517
     536
     505
     555
     565
     549
     572
     556
     565
     540
     561
     571
     530
     515
     575
     581
     611
     577
     564
     600
     541
     550
     589
     508
     542
     538
     546
     546
     523
     513
     510
     524
     533
     485
     532
     507
     545
     554
     527
     552
     533
     505
     563
     548
     551
     508
     525
     512
     510
     523
     550
     534
     550
     495
     521
     541
     506
     507
     481
     579
     529
     498
     532
     498
     509
     507
     506
     519
     560
     515
     563
     520
     544
     546
     499
     523
     529
     516
     539
     501
     564
     604
     537
     526
     513
     516
     575
     530
     561
     568
     533
     556
     588
     527
     518
     550
     536
     504
     568
     578
     563
     567
     634
     619
     596
     564
     533
     555
     500
     545
     517
     531
     557
     488
     508
     519
     509
     527
     504
     538
     528
     517
     534
     513
     525
     524
     540
     498
     513
     509
     553
     532
     546
     545
     533
     506
     524
     559
     538
     594
     558
     572
     566
     541
     565
     588
     567
     608
     581
     560
     529
     523
     506
     499
     544
     587
     516
     562
     510
     522
     507
     506
     515
     495
     523
     524
     555
     555
     547
     489
     505
     530
     517
     540
     514
     498
     510
     531
     520
     545
     498
     517
     511
     533
     529
     564
     537
     510
     527
     531
     479
     516
     516
     517
     551
     536
     510
     531
     521
     544
     553
     564
     543
     496
     505
     537
     549
     523
     584
     542
     571
     528
     520
     531
     521
     582
     593
     574
     540
     488
     559
     554
     536
     549
     512
     529
     561
     566
     574
     601
     527
     545
     538
     536
     551
     542
     535
     549
     566
     550
     534
     511
     559
     551
     534
     513
     597
     499
     571
     546
     554
     558
     542
     580
     526
     520
     531
     541
     528
     554
     551
     542
     534
     528
     556
     557
     566
     558
     533
     571
     532
     567
     518
     513
     534
     554
     537
     525
     546
     488
     542
     583
     572
     586
     547
     520
     571
     546
     569
     558
     526
     556
     540
     541
     536
     612
     564
     543
     527
     558
     584
     606
     554
     551
     555
     540
     564
     542
     561
     555
     546
     549
     551
     571
     557
     609
     621
     615
     534
     602
     527
     590
     610
     593
     598
     595
     590
     638
     621
     641
     684
     659
     678
     710
     699
     688
     668
     668
     679
     612
     625
     602
     600
     602
     625
     554
     577
     544
     593
     610
     608
     593
     584
     567
     563
     558
     608
     564
     594
     587
     565
     590
     594
     599
     568
     626
     597
     621
     638
     627
     584
     608
     595
     576
     635
     594
     607
     621
     620
     604
     558
     630
     621
     592
     607
     601
     640
     608
     597
     593
     628
     591
     640
     620
     618
     650
     577
     627
     599
     626
     627
     628
     621
     599
     658
     662
     654
     587
     657
     608
     625
     621
     650
     663
     619
     682
     698
     725
     820
     898
    1018
    1198
    1519
    1952
    2412
    3002
    3739
    4244
    4718
    4902
    4826
    4294
    3630
    2891
    2094
    1535
    1188
     973
     796
     762
     694
     662
     652
     665
     648
     654
     656
     646
     663
     657
     677
     692
     667
     661
     713
     742
     673
     683
     654
     687
     700
     690
     712
     731
     717
     665
     666
     666
     687
     680
     687
     661
     678
     695
     675
     718
     710
     690
     715
     743
     696
     639
     696
     698
     657
     656
     700
     670
     693
     668
     688
     693
     715
     688
     673
     685
     748
     724
     709
     736
     697
     668
     731
     709
     725
     766
     688
     712
     728
     711
     705
     698
     714
     724
     719
     695
     758
     725
     717
     691
     762
     773
     686
     760
     805
     756
     757
     754
     762
     738
     736
     749
     713
     749
     731
     758
     729
     708
     760
     746
     769
     787
     719
     772
     784
     751
     776
     765
     693
     780
     750
     722
     773
     757
     737
     780
     783
     753
     799
     742
     728
     793
     762
     792
     784
     758
     757
     746
     786
     767
     839
     779
     764
     814
     769
     714
     799
     734
     784
     798
     801
     848
     799
     785
     760
     792
     772
     773
     764
     774
     820
     750
     751
     737
     780
     704
     777
     740
     728
     805
     745
     711
     701
     674
     696
     722
     697
     705
     721
     722
     645
     671
     617
     648
     682
     673
     636
     652
     719
     660
     653
     635
     646
     604
     624
     604
     630
     605
     641
     625
     646
     636
     603
     632
     625
     609
     609
     633
     637
     616
     617
     588
     581
     598
     611
     616
     591
     610
     577
     558
     599
     613
     626
     594
     588
     604
     566
     584
     615
     569
     574
     648
     551
     604
     542
     566
     562
     570
     592
     609
     603
     566
     581
     588
     566
     578
     563
     557
     584
     586
     594
     556
     599
     603
     574
     568
     513
     576
     611
     587
     580
     587
     561
     562
     598
     610
     587
     583
     601
     566
     592
     612
     548
     558
     539
     573
     556
     616
     577
     578
     579
     565
     535
     598
     608
     584
     590
     585
     586
     549
     578
     584
     569
     569
     565
     547
     575
     581
     573
     587
     535
     598
     540
     593
     519
     524
     596
     537
     608
     564
     521
     556
     527
     595
     576
     531
     568
     564
     531
     534
     559
     518
     527
     529
     600
     565
     550
     556
     545
     564
     515
     515
     542
     588
     528
     575
     548
     541
     524
     556
     563
     550
     499
     575
     514
     557
     516
     523
     548
     537
     548
     595
     538
     585
     517
     530
     547
     553
     557
     562
     533
     545
     536
     532
     479
     542
     564
     564
     538
     550
     563
     533
     534
     517
     525
     533
     572
     541
     540
     553
     569
     587
     630
     646
     651
     664
     669
     669
     687
     675
     640
     609
     610
     593
     575
     532
     555
     532
     524
     501
     515
     497
     508
     484
     536
     538
     534
     530
     548
     512
     485
     547
     516
     521
     517
     560
     531
     496
     532
     517
     552
     539
     490
     546
     517
     492
     521
     493
     497
     515
     532
     510
     574
     538
     538
     555
     557
     520
     512
     538
     526
     531
     528
     554
     538
     561
     530
     568
     539
     567
     524
     524
     538
     545
     498
     544
     529
     507
     505
     554
     537
     505
     543
     545
     521
     510
     520
     564
     509
     551
     557
     532
     532
     499
     569
     540
     551
     499
     518
     530
     532
     556
     550
     525
     531
     565
     524
     520
     525
     521
     547
     553
     497
     555
     538
     591
     564
     554
     504
     540
     559
     568
     553
     567
     546
     570
     570
     587
     593
     541
     562
     556
     560
     533
     555
     545
     547
     510
     553
     543
     543
     583
     558
     574
     557
     632
     575
     590
     575
     561
     626
     577
     542
     556
     603
     595
     591
     565
     581
     540
     608
     580
     587
     592
     613
     618
     590
     622
     583
     585
     563
     584
     595
     591
     554
     599
     594
     606
     594
     629
     617
     613
     613
     607
     601
     617
     609
     601
     582
     623
     627
     598
     622
     627
     587
     581
     627
     607
     615
     649
     599
     598
     618
     649
     622
     639
     590
     646
     649
     653
     627
     615
     583
     649
     625
     616
     652
     646
     633
     639
     641
     642
     626
     650
     632
     639
     640
     595
     590
     673
     632
     656
     613
     652
     626
     628
     661
     648
     649
     692
     665
     634
     644
     671
     607
     673
     656
     641
     618
     621
     683
     664
     665
     641
     629
     638
     685
     678
     617
     604
     638
     645
     628
     595
     648
     649
     634
     602
     600
     589
     561
     517
     617
     534
     507
     528
     531
     504
     597
     532
     557
     536
     496
     507
     498
     479
     513
     479
     470
     511
     486
     451
     509
     526
     461
     490
     519
     545
     549
     528
     538
     562
     588
     609
     619
     777
     870
    1090
    1261
    1562
    1895
    2415
    3154
    3888
    5245
    6719
    8306
    9881
   11277
   12253
   12991
   13314
   13083
   12068
   10866
    8576
    6388
    4519
    3120
    2057
    1495
    1055
     840
     619
     529
     469
     423
     447
     479
     392
     418
     417
     449
     415
     413
     430
     393
     393
     440
     409
     394
     404
     413
     376
     420
     395
     411
     401
     378
     389
     358
     370
     371
     354
     389
     370
     377
     405
     388
     381
     397
     365
     376
     354
     374
     382
     328
     345
     321
     391
     361
     371
     386
     347
     364
     371
     362
     306
     352
     343
     319
     367
     336
     365
     310
     324
     355
     323
     322
     338
     358
     324
     365
     321
     343
     350
     315
     336
     338
     362
     313
     343
     332
     295
     359
     321
     327
     308
     312
     306
     296
     293
     330
     317
     345
     298
     323
     289
     321
     277
     305
     307
     306
     315
     308
     297
     276
     294
     293
     272
     301
     294
     292
     260
     275
     257
     301
     276
     315
     268
     292
     304
     266
     281
     287
     260
     247
     260
     276
     285
     266
     272
     269
     265
     268
     254
     252
     242
     260
     268
     259
     259
     245
     242
     260
     253
     259
     265
     268
     228
     247
     249
     270
     216
     266
     218
     208
     258
     238
     225
     245
     254
     248
     230
     208
     228
     243
     238
     221
     212
     224
     217
     230
     176
     221
     190
     218
     208
     213
     203
     230
     242
     178
     199
     216
     210
     172
     162
     180
     205
     193
     204
     205
     216
     194
     201
     213
     220
     208
     213
     212
     164
     193
     181
     173
     177
     171
     197
     163
     167
     157
     185
     184
     175
     190
     157
     177
     184
     156
     170
     166
     165
     177
     174
     170
     177
     169
     176
     165
     154
     154
     162
     134
     168
     163
     149
     171
     152
     163
     166
     166
     156
     158
     159
     152
     147
     143
     153
     153
     138
     143
     144
     157
     146
     146
     154
     142
     162
     143
     147
     149
     141
     148
     142
     139
     137
     143
     146
     141
     143
     139
     143
     129
     138
     154
     127
     129
     146
     142
     150
     120
     146
     159
     157
     136
     130
     157
     142
     144
     145
     139
     141
     136
     116
     124
     154
     147
     147
     133
     132
     133
     136
     139
     139
     139
     124
     134
     121
     153
     131
     135
     143
     142
     138
     133
     138
     148
     112
     154
     134
     140
     144
     147
     157
     139
     149
     156
     172
     146
     158
     132
     143
     163
     149
     130
     137
     146
     151
     157
     161
     136
     141
     167
     157
     153
     132
     132
     156
     135
     165
     138
     152
     140
     166
     148
     144
     143
     131
     144
     128
     140
     137
     138
     141
     125
     119
     126
     151
     136
     114
     135
     130
     147
     118
     128
     147
     136
     144
     139
     149
     131
     149
     149
     119
     134
     138
     156
     146
     149
     130
     135
     159
     149
     140
     140
     159
     132
     129
     137
     160
     152
     124
     149
     131
     151
     145
     150
     149
     142
     139
     147
     131
     152
     163
     146
     138
     149
     135
     110
     122
     144
     137
     162
     131
     152
     150
     114
     141
     147
     132
     141
     139
     137
     151
     157
     150
     155
     141
     140
     156
     141
     134
     144
     151
     151
     145
     163
     141
     146
     138
     149
     142
     157
     136
     153
     166
     136
     172
     165
     174
     174
     195
     236
     207
     259
     304
     334
     461
     570
     764
     947
    1208
    1537
    1849
    2279
    2886
    3752
    4837
    6115
    7997
    9542
   10995
   12245
   12900
   13976
   14288
   14479
   14113
   13295
   11881
    9390
    7187
    4946
    3324
    2169
    1500
    1096
     891
     535
     373
     289
     189
     187
     168
     142
     153
     137
     147
     132
     125
     134
     128
     138
     135
     122
     136
     136
     156
     114
     123
     136
     124
     101
     123
     120
     120
     119
     123
     128
     124
     118
     129
     118
     125
     122
     122
     103
     138
     119
      99
     120
     129
     131
     123
     106
     106
     120
     112
     119
     124
      99
     111
     111
     133
     120
      90
     102
     100
     110
      98
     122
      96
     127
     109
     105
     113
      94
     126
      99
     109
     106
     100
     109
      98
     104
      94
     108
     110
     112
     117
      97
     108
      92
     100
      98
      83
      77
     105
     104
     108
     102
     104
     119
      98
     116
     103
      91
      93
      87
     105
      96
     102
      78
      92
      92
      96
      93
      94
     101
      96
     102
     101
     104
      86
      85
      85
      95
     101
     128
      82
      81
      97
     104
     103
      91
      93
      93
      90
      90
      80
      87
     105
      95
      96
     105
      92
      89
      79
      88
      88
      88
      87
      84
      89
      77
      97
      92
      76
      84
     102
      97
     101
      88
     100
      91
      85
      90
     109
     103
      97
      75
      88
      87
      87
      71
     116
      99
      87
      66
      94
      98
      83
      85
      83
      72
      78
     101
      81
      96
      82
      76
      78
      83
      81
      85
      71
      76
      74
      85
      97
      81
      81
      88
      68
      73
      80
      74
      69
      89
      93
      79
     101
      73
      68
      73
      76
      87
      62
      70
      82
      71
      61
      75
      61
      77
      87
      78
      72
      58
      77
      65
      81
      66
      54
      82
      85
      76
      79
      66
      75
      76
      78
      75
      85
      71
      78
      67
      58
      65
      76
      68
      67
      65
      71
      53
      67
      74
      83
      68
      51
      68
      75
      55
      57
      66
      82
      66
      79
      52
      68
      66
      78
      68
      66
      81
      60
      68
      63
      63
      50
      75
      52
      70
      68
      75
      65
      61
      70
      78
      60
      66
      76
      80
      89
      64
      71
      83
      67
      64
      64
      86
      72
      66
      63
      72
      66
      59
      65
      53
      53
      68
      57
      61
      77
      56
      85
      68
      77
      70
      63
      62
      62
      68
      69
      68
      79
      76
      60
      66
      57
      75
      61
      67
      63
      64
      63
      67
      64
      92
      60
      73
      73
      69
      70
      62
      66
      64
      54
      66
      73
      70
      47
      75
      52
      62
      70
      57
      46
      53
      56
      66
      59
      55
      75
      63
      64
      72
      55
      68
      73
      67
      62
      77
      61
      77
      68
      65
      59
      48
      53
      69
      64
      72
      63
      62
      61
      68
      60
      54
      43
      52
      62
      73
      52
      68
      66
      52
      54
      58
      55
      49
      59
      48
      54
      67
      58
      68
      73
      60
      75
      56
      82
      49
      67
      67
      63
      60
      55
      57
      54
      53
      64
      61
      59
      58
      63
      64
      65
      53
      52
      65
      60
      54
      64
      54
      58
      68
      76
      61
      54
      56
      57
      67
      57
      63
      60
      47
      61
      68
      56
      70
      65
      64
      60
      61
      54
      76
      68
      52
      58
      58
      64
      36
      56
      69
      44
      63
      67
      66
      67
      58
      71
      57
      46
      58
      48
      58
      69
      56
      53
      56
      59
      49
      65
      61
      64
      58
      53
      59
      68
      53
      52
      70
      69
      61
      75
      46
      65
      67
      64
      65
      63
      55
      61
      77
      60
      69
      81
      71
      64
      70
     100
      85
      74
     103
     109
     121
     142
     150
     177
     200
     225
     273
     323
     423
     473
     629
     711
     897
    1036
    1092
    1140
    1285
    1289
    1388
    1364
    1347
    1282
    1269
    1118
     902
     668
     487
     345
     232
     190
     171
     141
     113
      93
      95
      73
      61
      68
      68
      67
      77
      69
      61
      50
      60
      70
      68
      58
      73
      61
      48
      69
      56
      71
      51
      56
      65
      56
      62
      66
      55
      60
      68
      64
      71
      60
      75
      58
      65
      68
      62
      58
      54
      66
      59
      58
      49
      56
      61
      55
      60
      52
      54
      52
      71
      53
      63
      63
      50
      55
      61
      51
      60
      59
      58
      52
      58
      53
      59
      56
      48
      65
      66
      51
      61
      57
      51
      56
      46
      44
      60
      49
      63
      61
      57
      61
      40
      48
      49
      52
      60
      64
      52
      49
      62
      60
      48
      48
      61
      45
      48
      54
      41
      50
      34
      49
      57
      54
      52
      51
      40
      51
      51
      61
      39
      47
      47
      68
      54
      71
      58
      53
      59
      58
      55
      47
      57
      33
      55
      42
      60
      48
      52
      49
      61
      41
      51
      47
      63
      48
      64
      52
      56
      54
      41
      59
      52
      41
      54
      42
      59
      53
      47
      42
      39
      47
      62
      45
      56
      52
      52
      49
      58
      56
      46
      49
      60
      70
      54
      39
      52
      53
      65
      53
      45
      57
      58
      46
      52
      52
      38
      45
      61
      45
      40
      58
      51
      50
      46
      56
      44
      47
      63
      39
      46
      36
      55
      58
      55
      46
      55
      59
      39
      65
      48
      68
      50
      62
      63
      71
      60
      79
      76
      85
      73
      97
      98
     108
     103
     128
     153
     124
     120
     134
     130
     113
     120
     125
     114
      94
      83
      96
      93
      70
      78
      64
      72
      57
      57
      53
      48
      49
      47
      70
      47
      50
      57
      64
      43
      50
      64
      48
      53
      53
      53
      33
      46
      63
      47
      40
      64
      48
      54
      49
      49
      55
      46
      59
      47
      48
      45
      45
      43
      49
      60
      44
      43
      44
      50
      57
      58
      43
      42
      52
      46
      48
      48
      52
      58
      40
      54
      67
      47
      57
      42
      45
      51
      49
      56
      56
      42
      47
      47
      37
      41
      41
      37
      55
      65
      43
      42
      46
      51
      42
      45
      48
      42
      44
      35
      36
      45
      52
      50
      38
      54
      51
      45
      45
      56
      41
      56
      53
      44
      45
      38
      33
      43
      47
      54
      62
      48
      48
      47
      57
      46
      59
      55
      42
      52
      55
      55
      61
      56
      44
      40
      45
      49
      43
      54
      50
      52
      45
      45
      54
      42
      46
      48
      60
      38
      33
      44
      53
      39
      51
      48
      48
      50
      43
      33
      43
      56
      57
      42
      49
      37
      46
      55
      51
      44
      49
      56
      54
      58
      48
      53
      52
      44
      44
      50
      56
      47
      58
      44
      51
      40
      48
      62
      42
      46
      47
      43
      35
      33
      44
      47
      28
      50
      44
      53
      54
      46
      61
      36
      52
      55
      53
      44
      41
      56
      53
      61
      48
      38
      51
      48
      46
      50
      55
      56
      46
      46
      43
      55
      52
      45
      42
      38
      51
      37
      51
      48
      47
      46
      44
      46
      39
      41
      46
      49
      52
      57
      51
      44
      41
      55
      50
      55
      49
      58
      50
      55
      38
      54
      47
      47
      45
      55
      50
      60
      53
      51
      48
      40
      43
      55
      45
      50
      47
      49
      57
      64
      49
      63
      58
      61
      48
      55
      49
      48
      53
      69
      50
      50
      55
      50
      45
      75
      54
      38
      46
      46
      44
      40
      59
      56
      58
      48
      48
      47
      55
      52
      44
      47
      55
      53
      47
      47
      46
      52
      35
      49
      54
      47
      54
      47
      46
      49
      44
      40
      53
      44
      55
      57
      62
      53
      48
      48
      51
      43
      51
      30
      40
      55
      70
      51
      57
      48
      64
      46
      60
      50
      55
      40
      58
      48
      36
      44
      60
      57
      46
      52
      52
      55
      58
      56
      43
      56
      69
      59
      52
      42
      70
      49
      58
      64
      56
      70
      67
      84
      74
      87
      77
      88
      97
     112
     138
     169
     191
     195
     214
     268
     263
     248
     261
     257
     282
     308
     315
     315
     300
     243
     210
     185
     190
     114
     108
      85
      92
      68
      66
      75
      76
      61
      58
      59
      45
      62
      59
      56
      60
      50
      41
      66
      45
      52
      41
      65
      61
      41
      67
      54
      48
      63
      66
      49
      60
      50
      59
      53
      59
      57
      66
      60
      56
      70
      61
      50
      55
      64
      50
      56
      54
      68
      59
      59
      54
      55
      59
      59
      52
      57
      47
      60
      61
      52
      49
      70
      55
      68
      48
      48
      50
      57
      62
      58
      66
      54
      66
      62
      59
      55
      60
      56
      62
      70
      55
      58
      50
      62
      60
      56
      56
      66
      56
      59
      56
      47
      45
      62
      52
      62
      60
      68
      58
      45
      57
      60
      50
      50
      53
      61
      44
      54
      56
      68
      54
      49
      66
      54
      71
      72
      60
      47
      62
      54
      55
      63
      56
      61
      61
      46
      59
      69
      70
      64
      69
      61
      68
      58
      54
      65
      56
      61
      56
      66
      62
      72
      66
      64
      69
      55
      53
      49
      58
      68
      62
      73
      59
      65
      65
      65
      64
      56
      75
      59
      77
      64
      71
      75
      55
      69
      59
      60
      70
      75
      59
      66
      58
      72
      52
      55
      96
      65
      79
      62
      65
      52
      73
      56
      63
      69
      59
      62
      61
      65
      60
      71
      69
      69
      80
      84
      65
      69
      58
      58
      63
      84
      62
      75
      63
      64
      83
      67
      61
      60
      62
      78
      59
      63
      74
      64
      71
      64
      76
      70
      68
      75
      69
      81
      70
      64
      58
      75
      61
      64
      69
      70
      79
      72
      69
      62
      65
      78
      81
      64
      71
      62
      66
      76
      60
      71
      67
      67
      63
      63
      70
      88
      67
      65
      71
      67
      71
      75
      73
      82
      63
      84
      68
      65
      68
      69
      78
      75
      58
      73
      79
      60
      65
      82
      64
      66
      60
      87
      86
      82
      58
      66
      87
      77
      79
      63
      78
      85
      80
      68
      74
      77
      63
      66
      90
      71
      71
      76
      67
      83
      69
      60
      58
      77
      61
      83
      66
      67
      65
      69
      74
      72
      56
      80
      70
      71
      40
      64
      54
      79
      66
      64
      44
      59
      65
      51
      55
      71
      59
      51
      65
      60
      46
      59
      53
      58
      52
      63
      54
      58
      40
      54
      46
      53
      56
      51
      64
      45
      47
      61
      52
      51
      48
      55
      47
      51
      39
      53
      58
      54
      46
      54
      52
      52
      46
      58
      47
      44
      51
      41
      58
      50
      54
      42
      45
      42
      46
      43
      54
      36
      37
      47
      35
      44
      61
      42
      42
      45
      36
      38
      50
      41
      61
      46
      44
      39
      60
      42
      45
      37
      35
      42
      43
      42
      37
      34
      42
      50
      40
      40
      39
      49
      30
      45
      41
      49
      45
      41
      35
      40
      44
      45
      42
      39
      46
      52
      41
      43
      54
      45
      39
      53
      38
      36
      43
      53
      49
      36
      43
      39
      41
      48
      29
      36
      33
      29
      43
      33
      48
      42
      41
      41
      42
      39
      37
      36
      40
      39
      36
      41
      34
      49
      38
      36
      40
      47
      45
      36
      46
      32
      39
      34
      45
      26
      32
      43
      28
      30
      42
      36
      37
      34
      35
      35
      29
      47
      24
      40
      28
      43
      38
      42
      30
      42
      36
      41
      31
      32
      41
      35
      37
      44
      24
      30
      28
      30
      36
      33
      37
      27
      33
      30
      31
      31
      37
      41
      29
      35
      33
      31
      27
      24
      30
      27
      28
      34
      36
      28
      34
      25
      26
      22
      23
      41
      34
      27
      27
      27
      31
      28
      29
      31
      24
      36
      22
      32
      19
      30
      37
      25
      28
      29
      30
      17
      19
      27
      23
      25
      38
      36
      31
      28
      35
      24
      33
      29
      23
      19
      15
      27
      20
      22
      23
      28
      22
      21
      22
      25
      29
      14
      25
      21
      23
      24
      17
      19
      17
      17
      21
      15
      18
      18
      15
      21
      20
      27
      19
      18
      27
      12
      20
      20
      16
      29
      14
      15
      24
      20
      17
      12
      12
      12
      14
      20
      16
      16
      15
      14
       8
      18
      13
      15
      23
      15
      14
      22
      12
      19
      12
      13
      17
      15
      25
      14
      18
      16
       8
      19
      16
      15
      12
      20
       8
      14
      19
      15
      16
      19
      13
      19
      16
      19
      16
      14
      11
      19
      15
       6
      11
      10
       7
      10
      11
      18
      22
      15
      16
      12
       8
      13
      12
      10
      12
      13
      19
       8
       9
      13
       6
       9
      11
      14
      13
       9
      12
      14
      14
      11
       6
       8
       6
      10
       5
      13
      10
      16
       9
       9
      16
      13
       9
      11
       7
       9
       8
      12
       8
      19
       9
      10
      13
      15
       5
      13
      16
      19
      10
       6
      16
      15
      13
      16
      11
      15
       7
      16
       6
       8
       9
       8
      11
      16
       8
      11
      11
       8
       5
      16
      10
      11
      13
      15
       9
      13
      11
       9
      13
       6
      12
      12
       8
       9
       9
       9
       5
      11
       9
      11
       8
       6
       9
      10
      12
       8
       9
      11
      17
      10
      17
       8
      15
      10
      11
      16
      11
      14
      12
      10
      11
       9
      11
      10
       6
       7
      12
       7
      11
       7
      17
      10
      12
      12
       5
      12
       9
       5
      11
       9
      15
       8
      13
      14
       9
      10
      15
      11
      14
      11
      11
      12
       9
       5
       6
      10
       5
      15
       8
       4
      17
      11
      11
      10
      13
      13
       8
       9
      12
      15
       6
       8
       8
       9
      16
      14
       5
      11
      15
      10
      10
      13
       9
      11
       9
       9
      14
       8
      14
       6
      10
      14
      13
       8
      10
      13
       8
      12
      15
      11
      10
      17
      22
      18
      18
      21
      20
      20
      35
      45
      48
      51
      44
      62
      80
      92
      94
     115
     121
     129
     157
     161
     188
     266
     273
     348
     414
     466
     561
     599
     777
     800
     873
     959
     960
     958
    1011
    1023
    1104
    1101
    1115
    1218
    1215
    1106
    1004
     907
     720
     591
     417
     325
     225
     158
     126
      88
      93
      83
      67
      44
      38
      36
      29
      13
      21
      17
      14
      19
      13
      18
      10
      10
      14
      17
       6
      15
       5
       9
      11
      14
       9
      11
       3
       8
       8
      12
      16
       9
       9
       8
      14
      11
      15
      11
      14
       9
      14
      13
       6
       8
      10
       8
       8
      12
       7
      11
       7
       5
      10
       8
       6
       8
       6
      10
      12
       5
       8
      13
       9
      19
      13
      13
       4
       7
      11
       8
       7
      10
      12
       7
       9
       9
       7
       7
       3
       4
      10
      12
       6
      11
       4
       7
       9
      13
       9
       3
      16
       9
       7
       7
       7
       4
      12
       5
       5
      12
       7
       7
       9
       8
       9
       5
       5
       9
       5
       9
       6
       8
       5
       3
      11
       7
       8
       6
       8
       4
       7
       5
       6
       6
      13
      11
      14
       6
      10
      10
       6
       8
      11
       5
       5
       7
       8
       7
       9
       6
       5
       4
       4
       5
       7
       1
       7
       2
       6
       8
       4
      11
       7
       5
       7
       7
       4
       8
       6
      11
       7
       5
       3
       8
      11
       7
       9
       2
       6
       8
       9
      11
       7
       6
       5
       5
       7
       6
       8
       9
       7
       5
       9
       6
       6
       6
      10
       5
       5
       9
       4
       4
       4
       2
       3
       4
       4
       7
       3
       7
       6
       8
       6
       0
       6
       4
       4
       7
       5
      12
       7
       1
       4
       4
       4
       7
       3
       7
       4
       4
       2
       5
       3
       9
       6
       7
       9
       5
       8
       5
       5
       5
       7
       6
       6
       5
       2
       3
       3
       7
       5
      11
       6
       4
       4
       4
       7
       8
       2
       5
       6
       7
       5
       6
       7
       4
       4
       6
       7
       8
       5
      13
       9
       5
      10
       6
       5
       8
       4
      10
      14
      10
       8
      11
       7
       3
       2
       2
       8
       6
       7
       6
       9
       5
       5
       8
       6
       4
       6
       4
       3
       8
       3
       7
       5
       7
       4
       6
       6
       5
       4
       4
       5
       4
       4
       5
       7
       5
       2
       7
       7
       6
       2
       5
       7
       5
       4
       2
       5
       1
       2
       4
       6
       4
       3
       9
       2
       3
       1
       4
       4
       8
       2
       2
       8
       5
       4
       6
       3
      11
       6
       3
       6
       3
       3
       5
       7
       5
       7
       8
       6
       2
       5
       4
       1
       3
       6
       7
       2
       1
       3
       4
       2
       3
       4
       3
       3
       5
       4
       2
       7
       9
       6
       3
       4
       6
       9
       5
       5
       2
       4
       2
       6
       6
       6
       2
       4
       2
       4
       6
       0
       3
      10
       8
       5
       5
       3
       2
       4
       4
       5
       5
       8
       4
       3
       5
       5
       5
       6
       4
       1
       4
       4
       5
       6
       1
       3
       7
       2
       3
       6
       3
       8
       3
       4
       4
       5
       4
       8
       2
       9
       3
       3
       3
       3
       5
       2
       4
       4
       7
       5
       1
       4
       1
       5
       6
       1
       4
       4
       4
       3
       5
       4
       4
       3
       4
       4
       2
       1
       2
       6
       4
       1
       8
       5
       2
       6
       6
       4
       5
       5
       2
       4
       4
       3
       6
       2
       5
       3
       3
       4
       2
       3
       2
       4
       4
       7
       5
       4
       6
       3
       1
       3
       3
       7
       3
       2
       1
       4
       3
       5
       2
       4
       5
       7
       3
       4
       4
       1
       6
       4
       5
       3
       4
       3
       6
       1
       7
       4
       4
       7
       3
       4
       5
       4
       6
       1
       3
       0
       5
       5
       4
       0
       1
       5
       1
       3
       3
       2
       5
       2
       3
       6
       1
       5
       0
       5
       4
       6
       3
       1
       2
       4
       5
       6
       5
       6
       6
       4
       5
       4
       1
       6
       3
       4
       5
       2
       5
       5
       0
       1
       3
       4
       4
       7
       3
       2
       2
       4
       1
       3
       3
       1
       2
       5
       5
       3
       4
       4
       3
       3
       6
       6
       3
       7
       1
       3
       2
       7
       4
       3
       1
       4
       5
       4
       5
       3
       0
       5
       5
       6
       1
       2
       4
       3
       3
       3
       1
       3
       5
       1
       1
       6
       4
       3
       2
       2
       6
       3
       3
       3
       2
       1
       2
       3
       1
       4
       3
       1
       0
       6
       1
       1
       5
       2
       4
       4
       3
       2
       1
       7
       4
       1
       5
       2
       4
       3
       6
       4
       5
       3
       5
       3
       4
       3
       5
       4
       6
       3
       1
       5
      10
       6
       6
      11
       9
      10
       7
      13
       7
      13
      14
      13
       8
      14
      13
      16
      12
       7
      11
      10
       5
       8
       6
       6
       2
       2
       5
       4
       5
       5
       3
       3
       3
       2
       2
       4
       3
       0
       0
       5
       3
       1
       5
       0
       2
       2
       1
       4
       2
       4
       5
       3
       2
       2
       3
       5
       0
       5
       2
       4
       5
       2
       1
       0
       0
       3
       2
       0
       2
       2
       1
       2
       2
       0
       2
       3
       2
       1
       2
       1
       1
       2
       1
       3
       1
       0
       1
       2
       3
       0
       2
       5
       2
       2
       2
       1
       3
       1
       3
       0
       5
       3
       1
       3
       2
       1
       1
       3
       1
       2
       1
       0
       0
       1
       1
       1
       2
       3
       1
       0
       0
       1
       4
       1
       1
       1
       2
       2
       0
       1
       1
       0
       1
       1
       3
       3
       4
       1
       0
       3
       1
       3
       1
       3
       0
       2
       3
       3
       1
       6
       2
       1
       2
       0
       2
       1
       3
       1
       3
       2
       1
       1
       2
       1
       3
       3
       1
       1
       1
       2
       2
       1
       1
       4
       1
       3
       0
       1
       0
       3
       4
       1
       0
       3
       3
       1
       1
       0
       2
       2
       2
       1
       2
       0
       1
       2
       1
       2
       0
       1
       3
       1
       2
       4
       2
       0
       3
       2
       1
       1
       2
       0
       1
       0
       1
       0
       1
       3
       2
       1
       1
       2
       4
       0
       2
       5
       1
       0
       2
       0
       0
       4
       0
       2
       3
       1
       1
       2
       0
       1
       1
       1
       2
       1
       2
       1
       2
       1
       1
       0
       1
       1
       1
       2
       2
       1
       2
       3
       3
       2
       1
       0
       3
       1
       2
       2
       1
       3
       3
       1
       4
       4
       3
       2
       0
       0
       3
       2
       1
       0
       0
       3
       1
       3
       0
       4
       2
       4
       1
       0
       0
       3
       1
       2
       1
       0
       0
       2
       1
       1
       0
       2
       3
       0
       3
       0
       1
       2
       1
       2
       2
       3
       2
       0
       0
       1
       1
       5
       2
       2
       2
       0
       1
       2
       1
       0
       1
       1
       1
       4
       3
       1
       2
       1
       3
       2
       3
       1
       2
       4
       2
       0
       4
       3
       3
       0
       0
       4
       2
       6
       3
       5
       6
       2
       8
       2
       5
       3
       6
       3
       9
       2
       3
       6
       8
       4
       4
       5
       6
       5
       5
       4
       1
       1
       1
       0
       3
       3
       4
       1
       1
       2
       1
       2
       3
       0
       2
       0
       2
       0
       1
       3
       0
       1
       3
       1
       3
       2
       0
       1
       1
       0
       1
       0
       1
       0
       3
       2
       2
       4
       1
       1
       0
       3
       2
       3
       2
       4
       1
       0
       4
       0
       0
       3
       1
       1
       2
       2
       1
       2
       3
       4
       2
       4
       2
       4
       0
       3
       4
       1
       3
       0
       0
       3
       2
       1
       1
       3
       0
       4
       4
       1
       1
       0
       0
       3
       1
       2
       2
       3
       2
       1
       3
       1
       1
       0
       3
       1
       0
       2
       3
       1
       3
       4
       3
       3
       1
       2
       5
       0
       3
       2
       0
       2
       1
       0
       2
       2
       1
       1
       3
       0
       3
       1
       2
       0
       0
       1
       6
       2
       1
       3
       2
       5
       2
       3
       6
       3
       2
       3
       2
       1
       2
       1
       2
       0
       1
       1
       4
       0
       1
       2
       1
       1
       0
       1
       1
       2
       1
       0
       3
       0
       4
       2
       0
       3
       1
       1
       1
       0
       2
       1
       1
       1
       2
       0
       1
       1
       3
       1
       2
       0
       2
       0
       0
       1
       2
       1
       1
       2
       1
       0
       4
       0
       1
       2
       0
       1
       1
       1
       0
       4
       1
       0
       1
       2
       1
       2
       2
       0
       1
       0
       0
       2
       1
       0
       1
       1
       0
       1
       1
       2
       1
       3
       2
       0
       1
       2
       0
       2
       1
       1
       2
       1
       2
       2
       2
       1
       2
       2
       0
       1
       0
       2
       1
       2
       2
       0
       1
       2
       0
       2
       0
       2
       1
       2
       1
       1
       2
       1
       0
       1
       1
       3
       1
       0
       3
       1
       0
       0
       2
       0
       0
       0
       0
       1
       0
       2
       1
       1
       0
       0
       0
       1
       0
       2
       0
       1
       1
       1
       0
       0
       2
       2
       1
       1
       0
       2
       2
       0
       0
       0
       2
       0
       2
       3
       1
       0
       1
       0
       1
       1
       1
       2
       3
       1
       1
       0
       0
       2
       1
       2
       0
       1
       0
       0
       2
       1
       0
       2
       0
       1
       0
       1
       0
       0
       1
       0
       1
       2
       3
       0
       1
       0
       1
       0
       1
       0
       0
       1
       1
       5
       0
       0
       1
       0
       0
       1
       0
       3
       1
       0
       1
       0
       1
       2
       0
       1
       0
       2
       1
       2
       0
       1
       2
       0
       0
       1
       2
       1
       0
       2
       2
       0
       1
       1
       0
       3
       1
       1
       2
       0
       1
       3
       2
       0
       4
       1
       0
       1
       3
       1
       1
       1
       1
       0
       1
       1
       1
       1
       0
       0
       1
       3
       0
       0
       2
       1
       1
       0
       0
       1
       0
       2
       1
       0
       1
       1
       2
       1
       2
       1
       0
       2
       1
       5
       2
       1
       0
       4
       2
       1
       3
       1
       0
       0
       0
       0
       0
       0
       3
       1
       0
       0
       1
       1
       0
       2
       1
       0
       2
       1
       0
       1
       1
       0
       2
       0
       0
       1
       0
       1
       1
       4
       0
       2
       1
       0
       2
       0
       3
       0
       0
       1
       0
       0
       1
       0
       2
       1
       1
       0
       0
       0
       0
       2
       1
       1
       0
       1
       0
       1
       1
       1
       0
       1
       1
       1
       2
       1
       1
       1
       0
       1
       1
       0
       0
       1
       3
       0
       0
       1
       1
       0
       1
       0
       0
       1
       0
       0
       2
       2
       2
       2
       2
       0
       0
       0
       1
       0
       2
       1
       1
       1
       0
       0
       2
       1
       0
       1
       0
       1
       0
       1
       0
       0
       1
       1
       0
       1
       0
       0
       1
       0
       2
       0
       0
       2
       1
       0
       0
       1
       1
       1
       1
       3
       1
       0
       0
       1
       0
       1
       0
       0
       1
       0
       1
       0
       0
       0
       0
       0
       0
       0
       1
       0
       1
       0
       1
       1
       0
       0
       0
       1
       0
       2
       0
       1
       0
       0
       1
       1
       0
       2
       1
       1
       0
       1
       0
       1
       1
       0
       1
       0
       1
       1
       1
       2
       0
       0
       0
       1
       0
       0
       0
       3
       0
       2
       1
       2
       1
       2
       3
       2
       1
       0
       1
       1
       1
       1
       0
       2
       2
       0
       1
       1
       0
       0
       1
       1
       0
       0
       3
       0
       0
       4
       2
       0
       1
       1
       1
       4
       3
       1
       0
       1
       2
       0
       1
       4
       3
       2
       2
       3
       1
       1
       3
       1
       0
       0
       1
       0
       0
       1
       1
       1
       1
       3
       0
       0
       0
       0
       0
       1
       2
       1
       0
       0
       0
       2
       3
       1
       1
       1
       0
       1
       1
       0
       0
       0
       0
       0
       2
       3
       1
       0
       0
       0
       0
       1
       1
       1
       1
       0
       0
       0
       1
       0
       0
       0
       0
       2
       1
       1
       2
       1
       0
       0
       0
       0
       0
       1
       2
       1
       1
       1
       1
       0
       0
       0
       1
       0
       1
       0
       0
       1
       0
       0
       1
       0
       1
       1
       1
       1
       0
       0
       3
       1
       1
       0
       1
       1
       1
       1
       1
       0
       2
       0
       1
       1
       1
       0
       0
       0
       1
       0
       0
       1
       2
       0
       1
       1
       1
       1
       0
       1
       0
       1
       0
       1
       0
       0
       1
       2
       0
       2
       2
       0
       0
       0
       1
       0
       0
       0
       1
       1
       0
       0
       2
       2
       0
       0
       0
       1
       0
       0
       0
       0
       0
       0
       0
       0
       1
       0
       0
       0
       1
       1
       0
       1
       0
       0
       1
       1
       0
       0
       2
       0
       1
       0
       0
       0
       0
       3
       0
       1
       0
       0
       1
       0
       1
       1
       0
       1
       2
       0
       1
       0
       1
       0
       0
       0
       0
       0
       1
       0
       1
       0
       1
       1
       2
       0
       0
       1
       2
       2
       1
       1
       0
       2
       0
       0
       2
       0
       1
       2
       0
       0
       0
       1
       1
       1
       0
       1
       0
       0
       0
       2
       0
       1
       3
       0
       1
       0
       1
       1
       0
       1
       0
       1
       0
       0
       0
       1
       0
       1
       0
       0
       0
       0
       1
       1
       1
       0
       0
       0
       0
       0
       0
       0
       1
       0
       0
       0
       0
       1
       0
       0
       1
       1
       1
       0
       1
       0
       0
       0
       0
       1
       0
       1
       1
       1
       1
       0
       0
       0
       0
       0
       0
       2
       0
       0
       0
       0
       1
       0
       1
       0
       1
       0
       0
       1
       1
       0
       0
       0
       0
       0
       0
       0
       2
       0
       1
       0
       0
       1
       0
       0
       3
       2
       3
       0
       0
       1
       0
       0
       0
       0
       0
       0
       0
       1
       1
       0
       0
       0
       0
       1
       0
       1
       1
       0
       0
       1
       1
       0
       2
       0
       0
       0
       0
       0
       0
       1
       0
       0
       0
       3
       0
       0
       1
       0
       0
       0
       0
       1
       5
       0
       0
       0
       1
       0
       1
       0
       1
       1
       0
       0
       0
       0
       1
       0
       0
       0
       0
       0
       0
       2
       0
       1
       0
       0
       0
       1
       0
       0
       0
       0
       0
       2
       1
       1
       0
       0
       0
       0
       0
       0
       1
       0
       1
       2
       1
       0
       2
       2
       0
       0
       0
       1
       0
       0
       1
       0
       1
       0
       0
       1
       0
       0
       0
       2
       2
       1
       1
       0
       2
       0
       1
       0
       1
       0
       1
       1
       1
       1
       0
       0
       0
       1
       1
       1
       0
       0
       0
       0
       0
       0
       0
       0
       1
       1
       0
       0
       0
       0
       0
       0
       0
       0
       1
       1
       1
       1
       0
       0
       0
       0
       2
       1
       0
       0
       0
       0
       1
       0
       0
       0
       2
       1
       0
       2
       0
       0
       0
       0
       0
       1
       1
       0
       0
       2
       0
       0
       2
       0
       1
       1
       0
       0
       1
       0
       0
       0
       0
       1
       0
       0
       0
       2
       0
       1
       0
       0
       1
       0
       0
       0
       1
       0
       0
       0
       0
       1
       0
       0
       0
       2
       0
       0
       0
       0
       0
       0
       1
       0
       0
       0
       2
       0
       0
       0
       0
       2
       0
       1
       0
       0
       1
       0
       0
       2
       1
       0
       0
       0
       1
       0
       0
       0
       0
       0
       0
       2
       0
       2
       1
       1
       0
       0
       0
       0
       0
       0
       1
       1
       0
       0
       0
       0
       0
       1
       0
       0
       0
       1
       0
       0
       1
       0
       0
       0
       0
       0
       1
       0
       0
       0
       0
       0
       0
       1
       0
       0
       1
       0
       0
       0
       1
       0
       0
       0
       0
       0
       0
       0
       0
       0
       0
       0
       0
       0
       0
       0
       1
       0
       2
       0
       0
       0
       0
       1
       0
       0
       0
       0
       1
       2
       0
       0
       0
       0
       0
       1
       0
       0
       0
       0
       1
       0
       0
       1
       0
       0
       0
       0
       0
       0
       0
       0
       0
       1
       0
       0
       0
       1
       0
       0
       0
       2
       0
       1
       0
       0
       0
       0
       1
       1
       1
       0
       1
       0
       0
       0
       0
       1
       0
       0
       0
       1
       0
       0
       0
       0
       0
       1
       0
       1
       1
       0
       0
       2
       0
       0
       0
       0
       0
       0
       0
       0
       1
       1
       0
       0
       1
       0
       0
       1
       0
       0
       0
       0
       0
       0
       1
       0
       0
       1
       0
       0
       1
       1
       1
       1
       0
       1
       0
       0
       1
       0
       0
       0
       0
       0
       1
       0
       0
       1
       0
       0
       0
       0
       1
       0
       1
       0
       0
       0
       1
       0
       1
       0
       0
       0
       1
       2
       0
       0
       0
       2
       0
       0
       0
       0
       0
       0
       1
       0
       0
       1
       1
       1
       2
       0
       0
       0
       0
       0
       0
       0
       0
       0
       1
       0
       0
       0
       0
       1
       0
       0
       0
       0
       0
       1
       0
       0
       1
       1
       0
       0
       0
       0
       0
       1
       0
       0
       1
       1
       1
       0
       1
       0
       0
       1
       0
       0
       0
       0
       0
       0
       0
       0
       0
       0
       1
       0
       0
       0
       0
       0
       0
       1
       0
       0
       0
       0
       0
       1
       0
       0
       0
       0
       0
       0
       0
       0
       0
       0
       0
       1
       0
       0
       0
       0
       0
       0
       0
       1
       0
       0
       0
       0
       1
       1
       0
       1
       0
       1
       0
       0
       0
       0
       0
       0
       0
       0
       0
       1
       0
       0
       0
       0
       0
       0
       0
       0
       0
       1
       0
       0
       0
       0
       0
       0
       0
       1
       2
       0
       0
       1
       1
       0
       0
       0
       2
       0
       0
       0
       0
       0
       0
       0
       0
       0
       0
       1
       0
       0
       0
       0
       0
       0
       0
       0
       0
       0
       0
       0
       0
       0
       0
       0
       0
       0
       0
       0
       0
       0
       0
       0
       0
       0
       0
       0
       0
       0
       0
       0
       0
       0
       0
       0
       0
       0
       0
       0
       0
       0
       0
       0
       0
       0
       0
       0
       0
       0
       0
       1
       0
       0
       0
       0
       0
       0
       0
       0
       0
       0
       0
       0
       0
       0
       0
       0
       0
       0
       0
       0
       0
       0
       0
       0
       0
       0
       0
       0
       0
       0
       0
       0
       0
       0
       0
       0
       0
       0
       0
       0
       0
       0
       0
       0
       0
       0
       0
       0
       0
       0
       0
       0
       0
       0
       0
       0
       0
       0
       0
       0
       0
       0
       0
       0
       0
       0
       0
       0
       0
       0
       0
       0
       0
       0
       0
       0
       0
       0
       0
       0
       0
       0
       0
       0
       0
       0
       0
       0
       0
       0
       0
       0
       0
       0
       0
       0
       0
       0
       0
       0
       0
       0
       0
       0
       0
       0
       0
       0
       0
       0
       0
       0
       0
       0
       0
       0
       0
       0
       0
       0
       0
       0
       0
       0
       0
       0
       0
       0
       0
       0
       0
       0
       0
       0
       0
       0
$ROI:
2
838 858
3236 3276
$PRESETS:
None
0
0
$ENER_FIT:
-0.424353 0.397073
$MCA_CAL:
3
-4.243525E-001 3.970730E-001 5.315366E-009 keV
$SHAPE_CAL:
3
3.010011E+000 2.331489E-003 1.175190E-007
