$SPEC_ID:
Pulser
$SPEC_REM:
DET# 2
DETDESC# DETECTOR 2
AP# GammaVision Version 7.01.03
$DATE_MEA:
03/31/2017 01:40:28
$MEAS_TIM:
34 235
$DATA:
0 8191
       0
       0
       0
       0
       0
       0
       0
       0
       0
       0
       2
       0
       2
       6
      10
      15
      57
     104
     179
     321
     476
     636
     805
    1651
    8937
    7750
    4821
    4221
    4111
    4102
    4112
    4022
    4229
    4217
    4197
    4458
    4474
    4400
    4369
    4295
    4293
    4360
    4421
    4383
    4295
    4268
    4337
    4296
    4327
    4360
    4495
    4587
    4695
    5049
    5258
    5770
    6368
    6742
    7094
    7384
    7731
    7564
    7658
    7408
    7357
    6998
    6757
    6489
    6143
    6000
    5653
    5307
    5129
    4948
    4600
    4560
    4406
    4399
    4261
    4155
    4128
    3876
    3952
    3945
    4048
    3983
    3986
    3981
    3948
    4034
    4003
    3928
    4023
    4030
    4023
    4045
    4107
    4045
    4060
    4062
    4094
    4013
    3976
    4010
    4057
    4068
    4118
    3921
    4026
    3996
    4035
    4053
    4131
    4046
    4139
    4119
    4062
    4031
    3961
    4069
    4076
    4046
    4049
    4101
    4160
    4037
    4093
    4090
    4066
    4029
    3848
    3935
    4045
    4009
    4123
    4057
    4140
    4026
    4136
    3946
    4144
    4013
    4053
    4035
    4010
    4116
    4061
    4114
    4051
    4022
    4144
    4170
    4119
    3927
    4071
    4192
    4163
    4079
    4093
    4162
    4154
    4178
    4097
    4247
    4184
    4110
    4383
    4021
    4069
    4137
    4256
    4151
    4252
    4288
    4217
    4289
    4270
    4289
    4387
    4499
    4599
    4589
    4668
    4715
    4810
    4857
    4803
    4947
    4969
    5001
    4913
    4735
    4650
    4550
    4473
    4471
    4462
    4392
    4376
    4302
    4201
    4226
    4188
    4202
    4095
    4200
    4157
    4280
    4348
    4266
    4505
    4431
    4602
    4447
    4534
    4608
    4489
    4534
    4474
    4549
    4559
    4532
    4348
    4424
    4359
    4391
    4369
    4438
    4453
    4361
    4293
    4355
    4433
    4326
    4442
    4220
    4528
    4331
    4501
    4374
    4348
    4455
    4229
    4512
    4224
    4409
    4349
    4382
    4471
    4358
    4361
    4382
    4360
    4440
    4501
    4384
    4411
    4517
    4597
    4422
    4433
    4551
    4471
    4504
    4653
    4685
    4677
    4625
    4665
    4710
    4740
    4823
    4862
    5025
    4948
    5011
    5059
    5167
    5104
    5094
    5163
    5127
    5136
    5264
    5323
    5281
    5323
    5223
    5315
    5324
    5449
    5313
    5165
    5346
    5217
    5372
    5453
    5257
    5225
    5293
    5188
    5177
    5274
    5197
    5268
    5341
    5224
    5114
    5264
    5335
    5250
    5300
    5223
    5220
    5278
    5097
    5221
    5194
    5215
    5340
    5141
    5210
    5224
    5212
    5080
    5192
    5048
    5135
    5029
    4969
    5046
    5069
    5203
    5103
    5167
    4932
    5104
    5032
    5207
    5234
    5663
    6072
    6628
    7469
    8674
    9701
   10930
   11730
   11973
   12349
   12213
   11833
   10970
   10117
    9400
    8487
    7792
    6859
    6518
    5820
    5401
    5133
    4975
    4865
    4594
    4583
    4419
    4307
    4493
    4326
    4301
    4397
    4362
    4197
    4192
    4288
    4210
    4263
    4335
    4242
    4298
    4236
    4400
    4295
    4229
    4314
    4217
    4375
    4342
    4204
    4412
    4308
    4239
    4287
    4356
    4364
    4366
    4342
    4430
    4374
    4368
    4498
    4433
    4486
    4434
    4548
    4467
    4480
    4580
    4426
    4572
    4439
    4759
    4535
    4461
    4572
    4633
    4512
    4598
    4477
    4463
    4489
    4462
    4439
    4416
    4447
    4585
    4432
    4498
    4471
    4404
    4524
    4407
    4423
    4421
    4414
    4444
    4420
    4393
    4414
    4398
    4422
    4512
    4348
    4502
    4386
    4354
    4415
    4367
    4325
    4272
    4290
    4480
    4389
    4371
    4425
    4386
    4338
    4353
    4472
    4337
    4354
    4353
    4285
    4366
    4326
    4281
    4408
    4471
    4425
    4474
    4374
    4281
    4314
    4351
    4343
    4333
    4428
    4300
    4366
    4400
    4280
    4439
    4338
    4297
    4388
    4375
    4241
    4384
    4438
    4314
    4344
    4368
    4334
    4378
    4375
    4347
    4347
    4536
    4348
    4331
    4247
    4319
    4387
    4441
    4383
    4242
    4330
    4420
    4421
    4348
    4405
    4386
    4477
    4292
    4410
    4278
    4414
    4490
    4539
    4387
    4607
    4521
    4476
    4384
    4438
    4491
    4459
    4654
    4582
    4631
    4575
    4627
    4610
    4655
    4794
    4697
    4748
    4867
    4767
    4742
    4717
    4734
    4850
    4748
    4853
    4840
    4794
    4733
    4685
    4777
    4931
    4806
    4826
    4843
    4840
    4880
    4769
    4745
    4879
    4857
    4884
    4742
    4819
    4889
    4884
    4927
    4707
    4880
    4868
    4790
    4792
    4920
    4865
    4728
    4903
    4655
    4852
    4793
    4758
    4669
    4820
    4782
    4818
    4773
    4815
    4682
    4785
    4715
    4803
    4741
    4840
    4744
    4749
    4866
    4722
    4734
    4832
    4782
    4736
    4701
    4686
    4722
    4667
    4758
    4956
    4701
    4796
    4885
    4617
    4686
    4861
    4658
    4665
    4805
    4696
    4861
    4763
    4723
    4842
    4788
    4745
    4744
    4783
    4721
    4681
    4641
    4877
    4729
    4590
    4756
    4649
    4624
    4560
    4714
    4720
    4561
    4640
    4554
    4761
    4662
    4624
    4620
    4604
    4680
    4530
    4535
    4578
    4423
    4457
    4525
    4459
    4502
    4307
    4417
    4370
    4221
    4143
    4230
    4283
    4291
    4358
    4254
    4287
    4314
    4285
    4277
    4212
    4152
    4169
    4102
    4075
    4014
    3953
    3943
    4101
    4047
    3929
    3994
    3824
    3850
    3993
    3948
    3829
    4045
    4101
    4023
    3962
    3835
    3869
    3994
    3937
    3718
    3864
    3763
    3920
    3881
    3912
    3996
    3763
    3966
    3999
    3984
    4094
    3867
    3993
    3867
    3949
    3727
    3935
    3792
    3779
    3811
    3618
    3727
    3810
    3651
    3783
    3671
    3694
    3517
    3733
    3613
    3673
    3605
    3621
    3606
    3586
    3706
    3555
    3504
    3564
    3555
    3534
    3578
    3692
    3627
    3621
    3604
    3477
    3588
    3558
    3603
    3553
    3593
    3601
    3580
    3487
    3602
    3622
    3557
    3420
    3482
    3541
    3585
    3562
    3638
    3510
    3555
    3554
    3676
    3517
    3753
    3592
    3640
    3614
    3702
    3622
    3717
    3606
    3697
    3604
    3540
    3679
    3609
    3627
    3596
    3544
    3533
    3521
    3507
    3517
    3499
    3488
    3354
    3524
    3592
    3560
    3391
    3616
    3619
    3494
    3510
    3529
    3562
    3460
    3435
    3476
    3527
    3555
    3635
    3434
    3539
    3523
    3598
    3468
    3453
    3574
    3451
    3431
    3463
    3561
    3469
    3455
    3455
    3443
    3438
    3466
    3501
    3435
    3476
    3429
    3431
    3446
    3592
    3366
    3406
    3416
    3481
    3431
    3364
    3394
    3435
    3409
    3546
    3466
    3463
    3537
    3615
    3761
    3827
    4062
    4365
    4706
    5108
    5692
    5890
    6093
    6391
    6377
    6215
    6133
    5718
    5471
    5113
    4785
    4635
    4435
    4089
    4067
    3886
    3848
    3726
    3494
    3528
    3498
    3440
    3416
    3403
    3376
    3343
    3345
    3336
    3497
    3373
    3407
    3309
    3424
    3422
    3421
    3421
    3350
    3504
    3383
    3511
    3403
    3470
    3479
    3487
    3611
    3705
    3649
    3762
    3842
    4048
    4075
    4123
    4139
    4059
    4058
    4029
    3988
    3840
    3847
    3721
    3645
    3629
    3572
    3461
    3520
    3450
    3428
    3472
    3489
    3399
    3485
    3354
    3422
    3443
    3445
    3438
    3425
    3378
    3439
    3414
    3470
    3377
    3375
    3333
    3416
    3369
    3318
    3334
    3272
    3257
    3239
    3415
    3269
    3448
    3348
    3276
    3301
    3291
    3384
    3363
    3217
    3297
    3335
    3365
    3324
    3320
    3279
    3268
    3404
    3378
    3202
    3289
    3288
    3284
    3276
    3218
    3236
    3232
    3306
    3294
    3319
    3275
    3272
    3268
    3267
    3265
    3300
    3323
    3396
    3250
    3300
    3295
    3262
    3339
    3352
    3334
    3309
    3300
    3332
    3362
    3446
    3404
    3448
    3490
    3457
    3472
    3419
    3354
    3519
    3416
    3289
    3426
    3324
    3359
    3238
    3399
    3348
    3365
    3298
    3319
    3312
    3293
    3325
    3352
    3282
    3257
    3372
    3355
    3393
    3337
    3276
    3334
    3275
    3327
    3375
    3415
    3447
    3406
    3374
    3338
    3322
    3449
    3429
    3430
    3447
    3470
    3523
    3520
    3504
    3506
    3586
    3559
    3610
    3904
    4001
    4419
    5112
    6184
    7681
    9688
   12717
   15951
   19539
   23533
   27156
   29932
   31625
   31916
   31239
   30229
   28282
   25566
   22603
   20326
   17109
   14714
   12639
   10475
    8816
    7695
    6723
    5818
    5167
    4622
    4334
    3917
    3780
    3722
    3535
    3500
    3539
    3389
    3453
    3344
    3256
    3253
    3344
    3245
    3282
    3254
    3248
    3279
    3195
    3232
    3246
    3157
    3109
    3262
    3143
    3080
    3179
    3187
    3122
    3157
    3189
    3169
    3181
    3222
    3157
    3175
    3168
    3081
    3176
    3214
    3155
    3215
    3048
    3088
    3107
    3145
    3132
    3013
    3052
    3142
    2999
    3139
    3097
    3049
    3005
    3071
    2949
    2994
    3033
    3097
    3041
    3025
    2944
    2899
    3029
    2925
    3030
    2999
    3016
    3023
    3007
    3018
    2974
    2990
    2986
    2966
    2978
    3009
    3018
    3033
    3059
    3007
    3090
    2994
    2999
    3052
    3052
    3115
    2996
    2931
    3052
    2970
    3083
    3134
    3264
    3259
    3381
    3382
    3382
    3477
    3439
    3423
    3542
    3408
    3338
    3286
    3251
    3120
    3091
    3150
    3048
    2967
    2977
    2974
    2976
    3066
    2991
    2884
    3023
    2900
    2999
    3011
    2916
    2886
    2987
    2925
    2938
    3002
    2990
    2952
    2942
    2940
    3006
    2961
    2849
    2905
    2943
    2892
    2944
    2825
    2994
    2972
    2924
    2977
    3015
    3087
    2962
    2955
    3004
    2953
    2899
    2916
    3063
    3006
    3010
    2982
    3000
    2921
    2964
    2983
    2942
    2938
    2963
    3068
    2962
    2972
    2852
    2971
    2963
    3050
    2940
    2876
    2992
    2948
    3000
    2848
    2904
    2971
    2899
    2914
    2872
    2935
    2892
    2885
    2985
    2879
    3035
    2998
    2904
    2935
    2888
    2921
    2873
    2876
    2832
    3010
    3027
    2929
    2933
    2959
    2959
    2863
    2923
    2925
    2979
    3007
    2874
    2794
    2925
    3081
    2942
    3078
    3012
    3012
    3005
    3106
    3143
    3212
    3190
    3121
    3175
    3114
    3228
    3287
    3136
    3096
    3059
    3139
    3135
    3049
    3044
    3012
    3065
    3036
    2958
    2977
    2909
    3053
    3046
    2915
    2863
    2910
    2978
    3033
    2912
    2904
    2935
    2988
    3015
    2834
    2914
    2915
    2843
    2946
    2915
    2952
    2927
    3040
    2969
    3009
    2989
    2947
    2964
    2850
    3035
    2923
    2833
    3097
    2956
    2960
    2935
    2894
    2977
    2948
    3007
    2972
    2978
    3065
    2927
    2901
    2909
    2999
    2934
    3034
    2872
    2944
    2918
    2930
    2884
    2920
    2959
    2970
    2945
    2996
    2972
    2948
    2866
    2989
    2998
    3081
    2936
    3008
    3061
    3055
    2996
    2989
    2923
    2996
    2954
    2960
    2915
    2978
    3026
    2940
    2980
    2915
    2935
    2855
    2984
    2964
    3005
    2977
    2928
    3041
    2954
    2958
    2907
    3060
    3131
    2950
    3053
    3083
    3007
    3007
    2912
    2992
    3010
    3010
    2836
    3044
    2972
    3089
    2931
    3025
    2957
    3077
    2980
    3049
    2967
    2939
    2984
    3005
    3052
    3022
    3019
    2974
    2974
    2989
    3022
    3031
    2930
    3083
    2948
    3072
    3022
    3094
    3082
    3073
    3086
    2974
    3011
    2940
    3040
    3060
    3055
    2962
    2956
    2973
    3071
    3042
    3010
    2887
    2961
    2974
    2993
    2928
    3025
    3001
    2966
    3053
    2942
    3169
    3029
    3000
    3034
    3084
    3051
    3100
    2940
    2993
    3027
    2966
    2980
    3047
    3048
    3023
    3102
    3114
    3125
    3102
    3017
    3028
    3115
    3005
    3028
    3061
    3120
    2993
    3049
    3005
    3058
    2988
    3061
    3022
    3069
    3078
    3027
    3094
    3089
    3092
    3043
    3040
    3032
    3031
    3039
    3194
    3051
    3077
    3070
    3178
    3067
    2959
    3048
    3071
    3113
    3016
    3049
    3126
    3073
    3068
    3032
    3055
    3091
    3141
    3138
    3086
    3142
    3070
    2993
    3057
    3220
    3109
    2959
    3090
    3026
    3138
    3028
    3060
    3117
    3111
    3005
    3112
    3071
    3157
    3161
    3164
    3146
    3189
    3078
    3020
    3075
    3031
    3105
    3047
    3147
    3014
    3125
    3135
    3106
    3121
    3143
    3205
    3073
    3052
    3042
    3146
    3059
    3038
    3175
    3051
    3088
    3049
    3044
    3090
    3134
    3177
    3125
    3091
    3101
    3124
    3153
    3030
    3067
    3006
    3037
    2987
    3072
    3078
    2948
    2936
    2935
    3088
    3085
    3021
    3106
    3096
    3046
    2988
    3007
    2986
    3042
    3034
    2969
    3051
    3078
    3006
    2969
    3066
    3129
    2985
    3007
    3033
    2993
    3083
    2909
    3126
    3027
    3002
    2956
    3135
    2976
    3053
    2954
    3021
    2932
    2970
    3036
    2979
    2995
    3035
    3041
    3027
    3081
    2999
    2994
    3000
    3057
    3173
    3012
    3021
    3031
    3019
    2940
    3071
    3073
    3072
    3046
    3039
    3128
    3012
    3064
    3021
    3101
    3076
    3111
    3038
    3195
    3045
    2982
    3168
    3049
    3155
    2977
    3000
    2991
    3035
    3091
    3025
    2959
    3036
    3004
    2966
    3003
    3043
    2982
    2966
    3071
    2984
    2953
    2926
    3026
    2975
    3031
    2990
    3061
    2988
    3089
    3019
    3090
    2991
    3000
    3006
    3034
    3059
    3020
    2996
    2903
    3016
    3054
    3071
    3070
    2989
    2886
    2985
    3090
    2989
    3016
    3032
    2939
    2962
    3004
    3017
    3037
    2986
    3100
    3010
    3064
    2980
    3016
    3064
    3079
    3033
    2971
    2927
    3050
    3059
    2956
    2922
    3104
    3064
    2981
    3066
    3134
    3040
    3101
    3028
    2961
    3162
    3049
    3064
    3216
    3060
    3105
    3074
    3087
    3104
    3035
    3012
    3108
    3110
    2978
    3025
    2997
    3044
    3075
    3029
    3015
    2948
    3074
    3093
    3128
    3046
    3014
    3060
    2990
    2981
    2988
    3058
    3081
    3027
    3069
    3086
    3005
    3001
    3000
    3031
    3028
    3101
    3091
    3094
    3068
    3267
    3040
    3144
    3092
    3225
    3124
    3141
    3161
    3063
    3183
    3058
    3089
    3083
    3076
    3074
    3153
    3021
    3072
    3141
    3146
    3080
    3114
    2983
    3169
    3063
    3032
    3097
    3092
    3221
    3083
    3205
    3167
    3146
    3187
    3026
    3109
    3050
    3076
    3050
    3119
    3080
    3181
    3120
    3138
    3125
    3221
    3245
    3097
    3158
    3084
    3119
    3068
    3095
    3254
    3187
    3044
    3168
    3135
    3144
    3298
    3221
    3196
    3218
    3241
    3145
    3162
    3226
    3231
    3174
    3196
    3120
    3290
    3099
    3093
    3239
    3195
    3289
    3111
    3209
    3160
    3200
    3214
    3251
    3185
    3202
    3200
    3208
    3138
    3283
    3108
    3314
    3148
    3255
    3179
    3264
    3118
    3204
    3293
    3321
    3338
    3196
    3218
    3250
    3278
    3296
    3288
    3249
    3329
    3278
    3228
    3147
    3117
    3287
    3314
    3260
    3280
    3200
    3246
    3254
    3264
    3373
    3322
    3317
    3273
    3266
    3419
    3358
    3161
    3224
    3264
    3222
    3255
    3324
    3218
    3352
    3452
    3307
    3433
    3320
    3339
    3442
    3331
    3323
    3394
    3271
    3281
    3209
    3408
    3353
    3315
    3317
    3358
    3390
    3356
    3319
    3389
    3507
    3395
    3260
    3324
    3550
    3344
    3359
    3412
    3433
    3344
    3474
    3425
    3423
    3427
    3436
    3477
    3437
    3472
    3435
    3434
    3359
    3374
    3427
    3438
    3331
    3386
    3481
    3562
    3479
    3494
    3519
    3522
    3652
    3583
    3541
    3553
    3512
    3506
    3556
    3585
    3551
    3523
    3589
    3557
    3515
    3394
    3419
    3341
    3503
    3363
    3404
    3476
    3427
    3440
    3488
    3423
    3466
    3463
    3550
    3442
    3394
    3401
    3478
    3522
    3388
    3424
    3446
    3414
    3452
    3416
    3446
    3358
    3376
    3396
    3409
    3441
    3448
    3483
    3624
    3415
    3644
    3452
    3449
    3440
    3511
    3486
    3481
    3543
    3372
    3395
    3628
    3546
    3484
    3500
    3485
    3515
    3523
    3459
    3511
    3534
    3569
    3481
    3498
    3599
    3530
    3601
    3494
    3562
    3601
    3665
    3524
    3586
    3659
    3640
    3773
    3911
    3966
    4119
    4459
    4654
    5018
    5361
    5917
    6482
    7026
    7614
    8216
    8494
    8968
    9086
    9190
    8959
    8532
    8328
    7857
    7572
    6996
    6497
    6206
    5555
    5378
    4888
    4634
    4524
    4344
    4243
    3956
    3944
    4027
    3912
    3876
    3836
    3820
    3755
    3704
    3884
    3801
    3818
    3720
    3921
    3781
    3748
    3837
    3824
    3716
    3693
    3830
    3689
    3704
    3791
    3797
    3686
    3681
    3766
    3778
    3698
    3625
    3754
    3697
    3627
    3785
    3691
    3768
    3784
    3640
    3628
    3745
    3590
    3698
    3735
    3789
    3657
    3719
    3660
    3755
    3684
    3734
    3740
    3824
    3760
    3663
    3657
    3766
    3745
    3787
    3682
    3735
    3887
    3857
    3782
    3663
    3765
    3727
    3754
    3772
    3756
    3714
    3774
    3744
    3874
    3854
    3705
    3834
    3718
    3800
    3779
    3672
    3818
    3819
    3807
    3906
    3824
    3900
    3666
    3842
    3775
    3791
    3780
    3741
    3763
    3814
    3903
    3868
    3807
    3873
    3853
    3850
    3868
    3860
    3897
    3750
    3853
    3800
    3849
    3908
    3915
    3930
    3981
    3934
    3896
    3850
    3852
    3892
    3900
    3929
    3815
    4013
    3883
    3814
    3978
    3882
    3895
    3964
    3993
    3873
    3945
    3977
    3953
    4026
    4047
    3915
    3952
    4029
    3836
    3985
    4049
    3934
    3829
    3948
    4084
    3964
    3894
    3924
    4060
    3988
    4007
    3975
    3983
    3986
    3790
    4013
    3840
    3829
    3840
    3789
    3908
    3883
    3726
    3844
    3798
    3789
    3764
    3725
    3652
    3658
    3716
    3709
    3594
    3590
    3613
    3560
    3607
    3583
    3605
    3615
    3617
    3639
    3558
    3549
    3518
    3618
    3437
    3444
    3584
    3537
    3514
    3462
    3544
    3411
    3411
    3379
    3470
    3453
    3410
    3348
    3361
    3514
    3358
    3308
    3396
    3290
    3389
    3392
    3416
    3494
    3372
    3512
    3366
    3390
    3456
    3485
    3463
    3451
    3333
    3496
    3445
    3409
    3299
    3412
    3324
    3343
    3377
    3375
    3334
    3250
    3428
    3447
    3525
    3382
    3316
    3373
    3316
    3297
    3336
    3278
    3268
    3257
    3365
    3325
    3410
    3242
    3383
    3386
    3335
    3311
    3395
    3392
    3278
    3270
    3319
    3348
    3352
    3411
    3349
    3258
    3263
    3351
    3351
    3379
    3410
    3436
    3368
    3370
    3352
    3300
    3391
    3450
    3446
    3363
    3315
    3233
    3375
    3328
    3318
    3318
    3380
    3382
    3288
    3306
    3311
    3267
    3348
    3246
    3283
    3289
    3336
    3324
    3381
    3346
    3211
    3260
    3384
    3259
    3215
    3221
    3295
    3294
    3212
    3420
    3315
    3248
    3297
    3358
    3269
    3251
    3258
    3282
    3327
    3387
    3308
    3321
    3292
    3347
    3349
    3223
    3223
    3175
    3276
    3275
    3328
    3344
    3289
    3121
    3300
    3295
    3310
    3311
    3271
    3279
    3281
    3270
    3232
    3234
    3315
    3316
    3320
    3264
    3165
    3180
    3270
    3246
    3281
    3254
    3370
    3152
    3256
    3298
    3236
    3173
    3201
    3283
    3191
    3317
    3401
    3321
    3233
    3437
    3238
    3404
    3320
    3325
    3291
    3343
    3425
    3526
    3513
    3504
    3577
    3428
    3410
    3387
    3439
    3353
    3425
    3445
    3349
    3413
    3314
    3244
    3317
    3410
    3350
    3301
    3266
    3384
    3354
    3305
    3323
    3280
    3243
    3492
    3265
    3182
    3346
    3348
    3360
    3288
    3280
    3314
    3329
    3396
    3278
    3360
    3348
    3298
    3307
    3369
    3364
    3289
    3364
    3460
    3401
    3354
    3489
    3374
    3405
    3441
    3467
    3443
    3489
    3402
    3449
    3514
    3424
    3478
    3505
    3536
    3489
    3607
    3541
    3358
    3543
    3641
    3412
    3405
    3522
    3481
    3606
    3529
    3365
    3571
    3427
    3505
    3490
    3475
    3550
    3530
    3451
    3442
    3506
    3599
    3558
    3494
    3388
    3432
    3576
    3458
    3427
    3508
    3493
    3531
    3459
    3607
    3500
    3500
    3391
    3477
    3560
    3403
    3542
    3578
    3608
    3511
    3474
    3593
    3600
    3435
    3500
    3504
    3535
    3476
    3608
    3502
    3605
    3607
    3603
    3470
    3533
    3553
    3538
    3573
    3646
    3475
    3546
    3597
    3575
    3579
    3579
    3581
    3575
    3605
    3603
    3572
    3600
    3611
    3504
    3598
    3676
    3628
    3602
    3548
    3620
    3624
    3659
    3630
    3586
    3688
    3608
    3525
    3666
    3721
    3656
    3555
    3635
    3669
    3703
    3636
    3624
    3679
    3603
    3621
    3723
    3555
    3599
    3734
    3748
    3674
    3663
    3669
    3690
    3646
    3677
    3759
    3688
    3711
    3659
    3714
    3774
    3736
    3652
    3769
    3814
    3773
    3816
    3720
    3740
    3787
    3815
    3740
    3719
    3762
    3830
    3680
    3726
    3823
    3734
    3739
    3835
    3837
    3769
    3753
    3829
    3747
    3721
    3730
    3864
    3680
    3824
    3826
    3814
    3731
    3840
    3805
    3789
    3795
    3777
    3835
    3830
    3897
    3837
    3773
    3847
    3785
    3864
    3983
    3749
    3839
    3755
    3823
    3729
    3823
    3790
    3786
    3897
    3898
    3794
    3860
    3876
    3808
    3856
    3990
    3834
    3903
    3924
    3871
    3884
    3959
    3791
    3891
    3808
    3835
    3867
    3833
    3850
    3854
    3838
    3916
    3880
    3682
    3876
    3687
    3880
    3785
    3753
    3757
    3815
    3804
    3679
    3629
    3702
    3656
    3689
    3566
    3563
    3669
    3562
    3595
    3546
    3644
    3491
    3539
    3566
    3549
    3574
    3539
    3692
    3705
    3660
    3642
    3674
    3790
    3864
    3900
    4181
    4233
    4573
    4926
    5309
    6089
    6718
    7521
    8697
   10013
   11310
   12939
   14573
   16377
   18370
   19981
   21351
   22695
   23354
   24016
   23889
   23639
   22666
   21593
   20182
   18431
   16814
   15189
   13490
   12282
   10807
    9578
    8745
    7521
    6999
    6158
    5707
    5250
    5019
    4572
    4461
    4281
    4132
    3999
    3901
    3796
    3783
    3723
    3562
    3703
    3547
    3654
    3460
    3517
    3480
    3310
    3455
    3358
    3366
    3328
    3239
    3255
    3272
    3262
    3210
    3263
    3349
    3243
    3230
    3255
    3157
    3270
    3187
    3247
    3153
    3243
    3144
    3282
    3114
    3156
    3050
    3104
    3040
    3156
    3120
    3156
    3073
    3042
    3153
    3010
    3127
    3170
    2935
    3013
    3074
    2883
    2841
    2929
    3062
    2925
    2888
    2999
    2964
    2915
    2876
    2789
    2887
    2858
    2914
    2845
    2851
    2812
    2815
    2802
    2828
    2776
    2839
    2752
    2832
    2849
    2703
    2732
    2758
    2748
    2713
    2805
    2811
    2677
    2747
    2755
    2773
    2705
    2696
    2711
    2753
    2639
    2591
    2639
    2703
    2772
    2708
    2683
    2699
    2681
    2653
    2610
    2703
    2611
    2761
    2640
    2556
    2609
    2579
    2582
    2642
    2624
    2607
    2557
    2514
    2627
    2557
    2590
    2638
    2607
    2556
    2604
    2586
    2600
    2595
    2529
    2678
    2526
    2574
    2597
    2498
    2502
    2563
    2559
    2542
    2551
    2487
    2595
    2566
    2573
    2449
    2584
    2520
    2499
    2526
    2489
    2413
    2411
    2413
    2549
    2436
    2511
    2473
    2431
    2456
    2425
    2484
    2345
    2509
    2432
    2433
    2481
    2423
    2469
    2318
    2460
    2418
    2395
    2356
    2395
    2419
    2445
    2369
    2475
    2455
    2305
    2390
    2399
    2440
    2290
    2365
    2433
    2412
    2424
    2409
    2382
    2417
    2432
    2422
    2517
    2387
    2424
    2501
    2345
    2419
    2355
    2465
    2473
    2402
    2492
    2507
    2483
    2495
    2393
    2479
    2469
    2474
    2417
    2443
    2464
    2426
    2447
    2377
    2505
    2498
    2499
    2471
    2531
    2557
    2538
    2456
    2486
    2528
    2443
    2512
    2570
    2498
    2490
    2425
    2471
    2503
    2384
    2402
    2504
    2481
    2577
    2452
    2407
    2420
    2439
    2434
    2509
    2416
    2444
    2380
    2377
    2529
    2398
    2421
    2425
    2365
    2431
    2427
    2403
    2459
    2304
    2393
    2420
    2401
    2458
    2293
    2373
    2387
    2355
    2428
    2415
    2422
    2438
    2476
    2313
    2415
    2316
    2409
    2407
    2333
    2430
    2340
    2445
    2389
    2438
    2368
    2316
    2451
    2385
    2299
    2488
    2398
    2391
    2367
    2413
    2374
    2383
    2437
    2466
    2405
    2343
    2439
    2384
    2399
    2435
    2351
    2504
    2349
    2430
    2417
    2386
    2499
    2465
    2539
    2457
    2479
    2634
    2436
    2563
    2594
    2675
    2699
    2743
    2841
    2922
    2876
    2876
    2885
    2927
    2867
    2887
    2855
    2879
    2801
    2768
    2762
    2596
    2637
    2658
    2483
    2560
    2469
    2491
    2525
    2564
    2588
    2565
    2494
    2482
    2408
    2432
    2426
    2487
    2413
    2390
    2439
    2428
    2456
    2364
    2406
    2350
    2417
    2375
    2442
    2401
    2479
    2339
    2486
    2337
    2494
    2388
    2446
    2348
    2386
    2451
    2457
    2438
    2394
    2389
    2354
    2414
    2316
    2317
    2421
    2391
    2452
    2466
    2405
    2412
    2348
    2432
    2431
    2396
    2454
    2366
    2344
    2426
    2335
    2322
    2345
    2377
    2389
    2346
    2373
    2354
    2363
    2302
    2443
    2535
    2469
    2441
    2396
    2382
    2387
    2528
    2465
    2384
    2393
    2437
    2437
    2403
    2383
    2388
    2486
    2368
    2427
    2437
    2474
    2486
    2476
    2458
    2425
    2386
    2398
    2504
    2515
    2566
    2553
    2414
    2443
    2496
    2473
    2455
    2482
    2466
    2460
    2552
    2552
    2586
    2613
    2713
    2672
    2966
    2952
    3141
    3411
    3670
    4010
    4361
    4914
    5531
    6199
    7113
    8282
    9364
   10884
   12436
   14191
   15950
   17731
   19428
   21172
   22676
   24496
   25191
   26136
   26031
   25678
   24816
   24135
   22459
   20844
   19287
   17332
   15677
   14006
   12513
   10985
    9658
    8565
    7595
    6827
    5895
    5343
    4934
    4516
    4180
    4014
    3636
    3549
    3356
    3332
    3216
    3169
    3083
    2927
    2935
    2955
    2830
    2776
    2737
    2763
    2719
    2618
    2665
    2588
    2711
    2583
    2637
    2630
    2667
    2578
    2587
    2549
    2549
    2601
    2460
    2486
    2419
    2454
    2367
    2638
    2478
    2354
    2388
    2498
    2482
    2429
    2453
    2367
    2335
    2434
    2372
    2287
    2357
    2315
    2383
    2338
    2288
    2336
    2274
    2276
    2199
    2236
    2251
    2251
    2210
    2230
    2247
    2212
    2140
    2149
    2295
    2173
    2113
    2213
    2202
    2189
    2128
    2210
    2236
    2231
    2129
    2194
    2221
    2095
    2122
    2138
    2162
    2106
    2130
    2181
    2119
    2144
    2099
    2072
    2112
    2089
    2094
    2084
    2093
    2085
    2073
    2117
    1978
    2055
    1989
    2005
    1985
    2081
    2051
    2040
    1991
    2011
    2059
    2025
    2072
    1963
    2050
    2058
    2009
    2039
    2022
    1965
    1974
    2028
    1975
    2004
    2067
    1966
    2111
    1975
    1943
    1914
    1983
    1987
    1972
    1832
    1956
    1948
    2071
    1983
    1899
    1955
    1930
    1966
    1959
    1942
    1851
    1918
    1848
    1930
    1940
    1908
    1942
    1913
    1941
    1918
    1890
    1924
    2032
    1928
    1923
    1866
    1884
    1956
    1911
    1815
    1918
    1902
    1892
    1832
    1871
    1861
    1842
    1900
    1825
    1857
    1871
    1843
    1788
    1892
    1851
    1817
    1851
    1887
    1863
    1859
    1816
    1858
    1844
    1921
    1839
    1870
    1795
    1841
    1823
    1874
    1852
    1881
    1870
    1867
    1887
    1838
    1769
    1781
    1848
    1845
    1763
    1731
    1812
    1809
    1814
    1766
    1778
    1724
    1844
    1738
    1746
    1796
    1850
    1724
    1866
    1733
    1770
    1873
    1769
    1707
    1719
    1854
    1813
    1711
    1815
    1795
    1810
    1804
    1801
    1836
    1783
    1774
    1778
    1801
    1729
    1738
    1757
    1814
    1731
    1811
    1844
    1797
    1745
    1716
    1717
    1761
    1757
    1703
    1766
    1806
    1755
    1746
    1819
    1713
    1746
    1727
    1757
    1811
    1777
    1792
    1746
    1788
    1737
    1799
    1833
    1712
    1652
    1736
    1670
    1735
    1672
    1710
    1892
    1711
    1732
    1715
    1731
    1664
    1683
    1712
    1704
    1740
    1673
    1707
    1728
    1757
    1755
    1699
    1615
    1765
    1647
    1736
    1761
    1734
    1665
    1687
    1682
    1744
    1709
    1668
    1756
    1720
    1751
    1750
    1600
    1728
    1681
    1690
    1761
    1689
    1634
    1735
    1698
    1696
    1695
    1813
    1736
    1774
    1779
    1793
    1810
    1803
    1794
    1773
    1884
    1841
    1807
    1771
    1747
    1818
    1699
    1758
    1743
    1784
    1756
    1768
    1731
    1680
    1671
    1705
    1716
    1702
    1708
    1720
    1708
    1656
    1680
    1692
    1560
    1695
    1668
    1698
    1616
    1704
    1690
    1612
    1577
    1675
    1685
    1648
    1581
    1712
    1607
    1562
    1585
    1649
    1600
    1624
    1611
    1626
    1665
    1695
    1679
    1620
    1601
    1641
    1608
    1631
    1612
    1590
    1708
    1645
    1647
    1714
    1729
    1682
    1670
    1650
    1624
    1671
    1595
    1585
    1637
    1635
    1655
    1576
    1566
    1703
    1654
    1608
    1586
    1601
    1640
    1617
    1684
    1677
    1631
    1643
    1540
    1574
    1553
    1593
    1613
    1563
    1621
    1618
    1599
    1594
    1570
    1585
    1631
    1581
    1612
    1599
    1692
    1556
    1551
    1577
    1607
    1487
    1558
    1701
    1594
    1660
    1589
    1584
    1610
    1587
    1551
    1578
    1554
    1564
    1571
    1572
    1623
    1596
    1565
    1527
    1595
    1592
    1610
    1621
    1541
    1642
    1554
    1563
    1569
    1572
    1523
    1581
    1557
    1621
    1636
    1473
    1515
    1577
    1606
    1558
    1596
    1551
    1623
    1583
    1539
    1553
    1610
    1613
    1580
    1626
    1582
    1575
    1536
    1561
    1557
    1660
    1554
    1651
    1630
    1596
    1601
    1528
    1560
    1616
    1678
    1702
    1644
    1669
    1783
    1736
    1781
    1856
    1912
    2044
    1985
    2079
    2164
    2335
    2407
    2555
    2688
    2906
    3069
    3066
    3326
    3424
    3537
    3706
    3898
    3902
    3901
    3765
    3780
    3830
    3531
    3419
    3365
    3101
    2909
    2822
    2699
    2502
    2334
    2301
    2276
    2144
    1992
    1928
    1956
    1839
    1762
    1726
    1741
    1735
    1666
    1668
    1665
    1636
    1565
    1580
    1656
    1505
    1621
    1524
    1578
    1532
    1529
    1534
    1592
    1584
    1582
    1572
    1473
    1492
    1529
    1593
    1534
    1447
    1528
    1510
    1536
    1503
    1542
    1463
    1530
    1486
    1508
    1482
    1432
    1470
    1543
    1501
    1473
    1455
    1464
    1445
    1490
    1529
    1430
    1440
    1414
    1501
    1466
    1388
    1484
    1359
    1368
    1465
    1414
    1502
    1406
    1478
    1489
    1447
    1418
    1421
    1401
    1475
    1424
    1379
    1415
    1470
    1371
    1457
    1384
    1410
    1360
    1413
    1420
    1429
    1394
    1386
    1472
    1466
    1393
    1396
    1448
    1366
    1392
    1429
    1425
    1368
    1393
    1332
    1430
    1380
    1469
    1398
    1346
    1356
    1427
    1379
    1375
    1354
    1431
    1323
    1459
    1343
    1296
    1348
    1372
    1351
    1341
    1399
    1401
    1336
    1386
    1358
    1410
    1384
    1342
    1409
    1381
    1405
    1351
    1355
    1407
    1393
    1297
    1363
    1360
    1279
    1323
    1346
    1397
    1411
    1362
    1370
    1371
    1321
    1325
    1339
    1296
    1365
    1373
    1367
    1360
    1359
    1372
    1310
    1348
    1340
    1291
    1300
    1322
    1387
    1300
    1347
    1367
    1331
    1317
    1337
    1350
    1279
    1314
    1390
    1357
    1403
    1341
    1265
    1366
    1331
    1345
    1316
    1299
    1360
    1307
    1231
    1375
    1394
    1249
    1346
    1277
    1304
    1323
    1355
    1278
    1329
    1275
    1310
    1333
    1310
    1309
    1269
    1374
    1293
    1303
    1373
    1319
    1316
    1398
    1351
    1399
    1414
    1338
    1450
    1332
    1347
    1416
    1424
    1384
    1520
    1461
    1422
    1439
    1457
    1384
    1443
    1461
    1464
    1461
    1379
    1376
    1342
    1386
    1393
    1320
    1333
    1303
    1293
    1300
    1324
    1344
    1283
    1300
    1291
    1386
    1340
    1297
    1329
    1296
    1263
    1327
    1265
    1263
    1288
    1266
    1276
    1296
    1232
    1313
    1256
    1255
    1308
    1332
    1281
    1260
    1269
    1287
    1319
    1292
    1274
    1277
    1306
    1253
    1221
    1333
    1269
    1264
    1283
    1242
    1252
    1282
    1246
    1277
    1298
    1241
    1319
    1275
    1194
    1324
    1261
    1286
    1283
    1307
    1268
    1203
    1220
    1291
    1230
    1281
    1259
    1207
    1280
    1310
    1217
    1266
    1250
    1275
    1246
    1258
    1247
    1257
    1309
    1237
    1229
    1218
    1247
    1198
    1290
    1272
    1157
    1283
    1211
    1240
    1243
    1248
    1224
    1191
    1239
    1303
    1212
    1263
    1263
    1337
    1208
    1238
    1202
    1257
    1258
    1255
    1265
    1237
    1274
    1309
    1272
    1265
    1135
    1234
    1293
    1288
    1283
    1256
    1259
    1192
    1288
    1242
    1283
    1190
    1195
    1224
    1221
    1264
    1215
    1225
    1259
    1248
    1257
    1250
    1271
    1228
    1227
    1228
    1207
    1294
    1299
    1269
    1233
    1204
    1181
    1243
    1223
    1190
    1256
    1209
    1252
    1221
    1208
    1177
    1213
    1161
    1204
    1232
    1156
    1184
    1220
    1185
    1233
    1295
    1229
    1153
    1225
    1220
    1200
    1270
    1249
    1179
    1206
    1225
    1166
    1184
    1244
    1174
    1156
    1198
    1211
    1218
    1172
    1219
    1164
    1212
    1189
    1274
    1217
    1165
    1144
    1164
    1179
    1231
    1205
    1176
    1359
    1209
    1216
    1209
    1252
    1160
    1279
    1216
    1201
    1211
    1184
    1237
    1227
    1237
    1195
    1263
    1231
    1162
    1166
    1190
    1210
    1232
    1190
    1157
    1226
    1252
    1198
    1176
    1229
    1179
    1215
    1216
    1182
    1254
    1184
    1203
    1283
    1244
    1222
    1180
    1204
    1247
    1184
    1185
    1184
    1233
    1169
    1172
    1217
    1224
    1231
    1240
    1227
    1288
    1265
    1325
    1241
    1289
    1329
    1279
    1345
    1321
    1384
    1461
    1367
    1342
    1329
    1392
    1421
    1414
    1373
    1356
    1357
    1345
    1360
    1344
    1308
    1215
    1296
    1249
    1239
    1231
    1241
    1246
    1197
    1156
    1222
    1194
    1186
    1144
    1236
    1144
    1123
    1179
    1093
    1231
    1122
    1136
    1095
    1120
    1143
    1160
    1157
    1143
    1145
    1131
    1177
    1130
    1114
    1120
    1203
    1178
    1127
    1167
    1131
    1169
    1154
    1185
    1203
    1166
    1165
    1160
    1152
    1113
    1157
    1167
    1169
    1160
    1163
    1101
    1170
    1142
    1131
    1139
    1147
    1118
    1101
    1156
    1140
    1153
    1155
    1126
    1128
    1176
    1125
    1168
    1235
    1133
    1141
    1094
    1172
    1206
    1128
    1129
    1160
    1222
    1177
    1191
    1240
    1175
    1193
    1255
    1284
    1272
    1314
    1340
    1427
    1331
    1406
    1426
    1491
    1419
    1502
    1540
    1520
    1615
    1620
    1560
    1592
    1534
    1591
    1589
    1481
    1400
    1427
    1386
    1385
    1452
    1338
    1328
    1294
    1264
    1202
    1226
    1209
    1251
    1191
    1114
    1153
    1184
    1218
    1164
    1153
    1135
    1093
    1153
    1152
    1161
    1138
    1186
    1135
    1051
    1149
    1140
    1174
    1115
    1129
    1154
    1109
    1092
    1117
    1129
    1093
    1114
    1195
    1127
    1133
    1134
    1112
    1194
    1093
    1199
    1125
    1135
    1197
    1136
    1078
    1094
    1137
    1062
    1121
    1048
    1144
    1122
    1134
    1169
    1138
    1114
    1088
    1107
    1102
    1072
    1139
    1099
    1141
    1065
    1040
    1093
    1093
    1053
    1164
    1124
    1082
    1110
    1104
    1091
    1069
    1133
    1098
    1171
    1166
    1122
    1128
    1096
    1166
    1077
    1139
    1043
    1104
    1059
    1117
    1121
    1154
    1131
    1129
    1080
    1079
    1130
    1095
    1039
    1104
    1076
    1084
    1110
    1069
    1066
    1161
    1001
    1168
    1112
    1103
    1067
    1151
    1114
    1123
    1147
    1101
    1051
    1071
    1075
    1100
    1101
    1098
    1144
    1091
    1113
    1134
    1156
    1098
    1042
    1077
    1071
    1137
    1068
    1097
    1078
    1085
    1108
    1141
    1092
    1097
    1095
    1103
    1069
    1053
    1054
    1069
    1048
    1103
    1117
    1118
    1121
    1127
    1163
    1091
    1129
    1082
    1087
    1161
    1075
    1161
    1114
    1084
    1083
    1075
    1093
    1062
    1090
    1094
    1077
    1075
    1074
    1084
    1135
    1109
    1102
    1078
    1096
    1096
    1020
    1100
    1126
    1130
    1107
    1093
    1095
    1140
    1123
    1156
    1097
    1090
    1128
    1119
    1068
    1073
    1114
    1126
    1093
    1126
    1082
    1059
    1114
    1095
    1100
    1123
    1133
    1039
    1110
    1090
    1048
    1056
    1112
    1077
    1044
    1119
    1087
    1087
    1092
    1083
    1025
    1112
    1095
    1124
    1060
    1080
    1028
    1044
    1023
    1074
    1069
    1111
    1126
    1080
    1111
    1099
    1050
    1111
    1084
    1138
    1138
    1081
    1048
    1076
    1070
    1070
    1153
    1089
    1064
    1048
    1114
    1056
    1092
    1118
    1056
    1083
    1086
    1114
    1075
    1099
    1025
    1111
    1057
    1092
    1030
    1072
    1095
    1128
    1052
    1122
    1089
    1049
    1087
    1069
    1070
    1092
    1044
    1103
    1105
    1055
    1076
    1075
    1091
    1090
    1060
    1035
    1118
    1095
    1052
    1099
    1009
    1088
    1049
    1045
    1027
    1034
    1060
    1082
    1058
    1108
    1052
    1062
    1089
    1062
    1012
    1076
    1100
    1078
    1043
    1061
    1091
    1039
    1127
    1084
    1035
    1039
    1008
    1065
     994
    1089
    1002
     985
    1054
    1009
    1088
    1012
    1014
     978
    1024
    1035
    1049
    1003
    1051
     983
     958
    1033
    1008
     996
     971
    1034
     994
     988
     997
    1090
     981
     986
    1022
    1036
     980
    1048
     975
    1016
     990
    1045
    1020
    1007
     988
     995
    1021
    1008
    1008
     945
     970
     982
     934
    1052
     968
    1009
    1021
    1019
     981
     982
     963
    1007
     905
     951
     996
     956
    1012
    1015
    1008
     975
    1012
    1020
     989
     962
     901
    1016
     970
     973
     967
     990
     992
     941
    1051
     965
     962
     924
    1006
     975
     982
     985
     964
    1011
     916
     916
     965
     963
     993
     964
     939
     952
     927
     966
     951
     950
     996
     957
     956
     928
     944
     909
     923
     953
     970
     952
     942
     960
    1002
     941
     890
     959
     922
     904
     927
     941
     942
     907
     948
     978
     912
     941
     936
     888
     946
     923
     937
     942
     938
     907
     948
     934
     950
     944
     908
     936
     887
     964
     921
     900
     932
     914
     864
     924
     928
     886
     909
     896
     887
     924
     908
     921
     960
     947
     899
     882
     874
     879
     894
     895
     928
     882
     905
     896
     883
     906
     911
     894
     897
     880
     872
     914
     928
     919
     894
     930
     879
     850
     851
     894
     888
     948
     874
     860
     847
     888
     881
     923
     820
     884
     896
     850
     870
     865
     872
     910
     860
     833
     836
     821
     870
     893
     817
     833
     887
     845
     839
     862
     876
     888
     837
     852
     858
     840
     893
     857
     836
     859
     889
     844
     866
     923
     864
     851
     882
     843
     836
     858
     855
     848
     818
     844
     857
     823
     827
     809
     901
     854
     843
     832
     835
     867
     805
     895
     856
     836
     839
     867
     832
     885
     799
     827
     844
     806
     856
     801
     832
     807
     866
     856
     822
     810
     841
     858
     783
     777
     789
     824
     846
     814
     835
     834
     848
     836
     809
     802
     816
     820
     727
     795
     815
     800
     787
     780
     835
     797
     787
     821
     785
     772
     838
     847
     827
     808
     787
     836
     855
     808
     853
     777
     838
     752
     824
     812
     756
     768
     792
     808
     796
     796
     812
     856
     838
     802
     856
     810
     839
     816
     764
     834
     842
     872
     822
     840
     844
     864
     833
     787
     830
     825
     798
     826
     829
     838
     839
     828
     793
     822
     831
     802
     850
     816
     875
     848
     825
     835
     790
     817
     785
     802
     810
     840
     806
     792
     784
     835
     794
     858
     792
     814
     817
     789
     847
     816
     801
     803
     810
     769
     769
     790
     742
     831
     766
     758
     763
     809
     826
     758
     794
     819
     808
     750
     816
     791
     784
     774
     800
     772
     788
     809
     767
     817
     795
     714
     777
     774
     763
     777
     771
     798
     759
     756
     741
     793
     804
     780
     767
     765
     839
     812
     774
     755
     816
     801
     754
     744
     791
     816
     752
     813
     770
     745
     790
     789
     786
     805
     778
     790
     796
     778
     764
     795
     809
     762
     801
     730
     765
     787
     794
     779
     785
     768
     767
     732
     751
     805
     810
     725
     789
     767
     787
     777
     810
     730
     770
     776
     751
     813
     787
     760
     739
     813
     791
     809
     765
     763
     804
     803
     786
     766
     747
     774
     771
     779
     749
     724
     757
     798
     790
     770
     761
     827
     749
     765
     703
     803
     764
     748
     772
     764
     814
     769
     788
     819
     752
     759
     781
     750
     729
     708
     775
     792
     823
     787
     724
     748
     779
     789
     791
     780
     770
     780
     746
     755
     751
     784
     743
     759
     796
     718
     788
     726
     745
     735
     730
     817
     804
     778
     793
     769
     778
     799
     749
     770
     728
     764
     811
     745
     822
     852
     781
     774
     783
     810
     820
     835
     872
     850
     887
     998
     922
     978
    1029
    1107
    1128
    1201
    1193
    1360
    1296
    1426
    1520
    1600
    1744
    1778
    1941
    2024
    2097
    2191
    2356
    2555
    2579
    2510
    2623
    2721
    2822
    2772
    2866
    2895
    2833
    2791
    2607
    2588
    2498
    2227
    2207
    2157
    1995
    1859
    1713
    1736
    1532
    1444
    1351
    1260
    1245
    1191
    1115
    1101
     994
     982
     975
     952
     924
     897
     865
     892
     850
     874
     849
     824
     825
     834
     775
     851
     807
     845
     810
     799
     788
     841
     751
     742
     774
     799
     732
     772
     819
     817
     794
     734
     790
     811
     828
     799
     796
     751
     753
     759
     780
     784
     749
     814
     766
     733
     824
     748
     687
     747
     767
     696
     707
     767
     711
     756
     740
     708
     753
     739
     737
     758
     709
     710
     699
     774
     727
     748
     698
     723
     701
     713
     725
     706
     733
     730
     757
     696
     725
     734
     707
     721
     705
     755
     711
     681
     711
     717
     729
     733
     669
     732
     729
     741
     721
     699
     702
     722
     734
     743
     720
     746
     694
     703
     674
     681
     676
     674
     700
     749
     690
     677
     660
     718
     708
     769
     683
     713
     642
     709
     708
     671
     686
     697
     705
     688
     665
     677
     628
     678
     672
     684
     673
     662
     670
     685
     650
     663
     651
     670
     663
     675
     694
     699
     649
     726
     647
     677
     627
     701
     652
     676
     680
     656
     699
     618
     650
     665
     630
     653
     620
     690
     633
     642
     654
     661
     637
     655
     644
     663
     655
     636
     719
     682
     641
     641
     682
     619
     672
     654
     667
     674
     651
     682
     672
     657
     667
     653
     581
     586
     642
     620
     615
     654
     594
     603
     617
     586
     632
     668
     606
     610
     609
     649
     625
     637
     579
     654
     570
     622
     564
     596
     657
     610
     612
     599
     603
     605
     659
     599
     635
     638
     620
     636
     641
     607
     634
     632
     592
     605
     608
     612
     642
     631
     611
     545
     639
     601
     591
     604
     599
     618
     549
     615
     580
     591
     608
     570
     560
     580
     622
     550
     573
     639
     608
     571
     611
     591
     603
     610
     632
     570
     598
     572
     588
     560
     596
     551
     548
     583
     555
     598
     546
     549
     595
     568
     549
     591
     560
     559
     604
     554
     583
     576
     578
     569
     570
     609
     563
     585
     577
     554
     573
     548
     583
     582
     551
     587
     559
     564
     626
     573
     540
     592
     555
     570
     550
     570
     564
     567
     542
     636
     543
     545
     607
     525
     586
     563
     576
     586
     562
     538
     560
     525
     552
     573
     530
     556
     562
     564
     556
     552
     557
     546
     547
     523
     540
     555
     547
     554
     558
     563
     552
     542
     553
     554
     533
     551
     537
     516
     570
     519
     525
     564
     547
     538
     512
     529
     560
     536
     551
     544
     557
     505
     536
     521
     517
     537
     562
     534
     539
     551
     548
     536
     552
     551
     539
     537
     550
     522
     523
     557
     513
     532
     546
     512
     500
     566
     529
     522
     583
     514
     515
     509
     565
     496
     489
     542
     519
     529
     568
     530
     534
     519
     523
     505
     538
     545
     531
     489
     514
     523
     506
     507
     483
     506
     513
     522
     550
     513
     520
     452
     520
     546
     486
     529
     560
     471
     510
     495
     503
     494
     525
     534
     529
     491
     511
     510
     487
     557
     530
     490
     530
     533
     526
     525
     523
     478
     497
     499
     483
     508
     491
     513
     510
     487
     477
     503
     512
     497
     448
     509
     513
     492
     480
     487
     494
     498
     483
     473
     499
     472
     496
     497
     440
     482
     505
     523
     494
     508
     492
     489
     505
     471
     478
     511
     497
     480
     490
     510
     489
     516
     445
     506
     450
     485
     497
     464
     493
     479
     475
     503
     512
     478
     468
     459
     487
     483
     457
     506
     431
     503
     478
     494
     481
     453
     443
     484
     509
     479
     475
     470
     501
     513
     458
     452
     484
     493
     468
     493
     441
     457
     477
     453
     488
     506
     487
     481
     546
     462
     464
     494
     511
     483
     490
     482
     419
     494
     464
     446
     470
     487
     466
     474
     475
     444
     471
     484
     468
     467
     479
     523
     494
     476
     480
     441
     482
     502
     489
     466
     462
     480
     444
     487
     482
     472
     468
     499
     424
     468
     459
     480
     438
     431
     452
     480
     480
     480
     461
     460
     488
     467
     482
     420
     456
     499
     439
     443
     447
     440
     485
     473
     438
     431
     485
     434
     398
     478
     481
     408
     475
     480
     457
     436
     454
     486
     472
     440
     476
     470
     503
     451
     463
     396
     445
     447
     430
     448
     449
     424
     475
     476
     430
     484
     451
     408
     488
     461
     469
     453
     466
     479
     498
     464
     445
     430
     459
     439
     464
     477
     488
     549
     481
     520
     543
     532
     550
     557
     501
     565
     558
     542
     627
     561
     648
     672
     608
     695
     691
     675
     702
     757
     722
     716
     755
     784
     827
     800
     783
     781
     743
     754
     720
     722
     737
     719
     704
     672
     614
     546
     539
     523
     544
     547
     543
     442
     477
     461
     453
     472
     410
     464
     443
     445
     416
     420
     376
     400
     411
     422
     441
     413
     388
     390
     407
     399
     422
     375
     399
     394
     400
     392
     422
     385
     384
     402
     371
     428
     366
     363
     411
     403
     395
     368
     374
     408
     411
     367
     396
     359
     389
     401
     382
     363
     369
     392
     382
     420
     379
     382
     385
     357
     416
     362
     374
     358
     411
     414
     413
     417
     373
     358
     360
     388
     365
     362
     382
     383
     400
     383
     379
     374
     400
     385
     376
     381
     387
     351
     373
     395
     367
     402
     391
     390
     404
     366
     370
     383
     362
     365
     367
     383
     388
     344
     359
     359
     423
     351
     352
     369
     361
     340
     363
     384
     368
     369
     328
     361
     384
     384
     343
     353
     400
     358
     347
     357
     366
     354
     336
     351
     390
     381
     382
     353
     335
     355
     371
     335
     331
     391
     376
     349
     334
     372
     352
     319
     339
     321
     332
     317
     346
     365
     366
     341
     369
     368
     381
     353
     331
     335
     356
     344
     317
     337
     390
     363
     335
     325
     345
     332
     361
     339
     365
     325
     351
     348
     361
     381
     366
     356
     347
     344
     342
     357
     369
     366
     368
     362
     329
     358
     323
     330
     369
     318
     333
     342
     357
     352
     358
     376
     311
     349
     384
     347
     315
     364
     310
     341
     365
     368
     367
     315
     360
     318
     338
     348
     309
     341
     314
     308
     358
     349
     349
     322
     338
     344
     331
     341
     327
     319
     290
     317
     338
     289
     332
     339
     347
     334
     330
     315
     353
     349
     330
     355
     310
     391
     306
     347
     334
     354
     323
     331
     325
     366
     322
     332
     321
     336
     327
     313
     298
     344
     270
     344
     338
     312
     336
     336
     345
     353
     347
     327
     317
     313
     339
     323
     311
     344
     336
     305
     319
     324
     304
     348
     334
     350
     343
     336
     342
     292
     292
     306
     337
     311
     338
     317
     328
     327
     352
     351
     360
     314
     344
     369
     290
     362
     325
     316
     309
     335
     354
     327
     336
     336
     325
     360
     348
     334
     365
     388
     332
     372
     381
     374
     378
     410
     393
     421
     383
     402
     416
     405
     435
     415
     478
     418
     409
     422
     465
     468
     469
     439
     429
     447
     416
     436
     427
     372
     404
     377
     379
     371
     348
     371
     353
     343
     304
     340
     336
     337
     308
     331
     304
     306
     325
     320
     311
     336
     322
     342
     324
     340
     323
     324
     315
     319
     288
     311
     278
     303
     287
     305
     343
     323
     334
     295
     343
     323
     268
     298
     359
     315
     291
     319
     341
     336
     299
     300
     301
     337
     276
     289
     301
     312
     310
     310
     301
     302
     278
     312
     286
     299
     301
     305
     290
     324
     310
     305
     320
     286
     287
     283
     284
     316
     288
     307
     307
     277
     307
     290
     320
     296
     314
     338
     318
     286
     295
     338
     319
     306
     337
     278
     273
     288
     319
     304
     320
     284
     293
     286
     295
     297
     296
     309
     303
     303
     260
     306
     320
     305
     291
     300
     305
     289
     307
     288
     290
     307
     302
     360
     285
     285
     291
     354
     299
     329
     302
     299
     322
     282
     337
     320
     296
     318
     327
     290
     309
     311
     281
     301
     313
     279
     266
     253
     278
     267
     247
     297
     279
     258
     284
     265
     269
     295
     264
     286
     310
     278
     263
     248
     272
     273
     294
     266
     285
     259
     299
     265
     276
     281
     282
     267
     254
     274
     270
     261
     248
     257
     253
     281
     247
     257
     269
     281
     271
     274
     246
     263
     253
     281
     261
     265
     264
     242
     248
     296
     264
     238
     314
     256
     273
     268
     261
     263
     255
     263
     241
     249
     257
     242
     275
     268
     247
     266
     213
     244
     256
     241
     238
     230
     252
     239
     252
     246
     251
     278
     242
     240
     246
     245
     266
     244
     241
     271
     262
     207
     229
     251
     236
     231
     255
     258
     249
     239
     245
     237
     255
     228
     242
     235
     257
     255
     266
     232
     255
     232
     233
     235
     235
     237
     236
     235
     256
     242
     253
     229
     244
     225
     249
     248
     247
     227
     247
     245
     232
     228
     241
     259
     236
     264
     255
     237
     238
     235
     225
     225
     261
     216
     229
     232
     232
     253
     255
     253
     230
     219
     243
     237
     230
     202
     249
     209
     244
     256
     244
     232
     246
     215
     240
     231
     215
     222
     222
     204
     245
     221
     229
     238
     238
     259
     234
     242
     203
     245
     228
     226
     235
     211
     251
     244
     236
     244
     225
     242
     246
     238
     223
     227
     227
     249
     247
     241
     227
     227
     227
     213
     208
     206
     224
     239
     236
     215
     218
     241
     211
     205
     226
     235
     211
     212
     212
     217
     262
     236
     214
     206
     245
     249
     226
     223
     217
     219
     229
     246
     220
     227
     185
     207
     229
     233
     216
     211
     211
     228
     253
     212
     207
     223
     225
     225
     235
     220
     247
     239
     236
     208
     213
     220
     214
     231
     240
     235
     224
     241
     209
     231
     227
     204
     218
     210
     224
     233
     223
     219
     233
     204
     214
     242
     219
     218
     207
     223
     234
     213
     218
     212
     211
     235
     195
     240
     235
     200
     208
     212
     199
     207
     226
     228
     241
     200
     212
     192
     215
     214
     206
     210
     216
     205
     192
     229
     202
     232
     237
     222
     214
     220
     192
     223
     204
     204
     197
     205
     197
     219
     217
     203
     204
     205
     187
     213
     200
     225
     202
     217
     201
     183
     218
     205
     221
     215
     187
     220
     193
     194
     198
     214
     225
     212
     205
     203
     227
     183
     230
     232
     190
     200
     211
     219
     224
     208
     191
     196
     217
     210
     212
     183
     232
     230
     201
     195
     239
     202
     216
     204
     177
     213
     241
     186
     201
     205
     200
     211
     213
     210
     209
     195
     206
     218
     220
     188
     189
     200
     178
     214
     179
     195
     201
     228
     198
     204
     199
     201
     183
     229
     192
     207
     215
     218
     199
     187
     208
     201
     194
     202
     200
     213
     191
     188
     200
     204
     182
     192
     206
     206
     218
     203
     192
     173
     191
     206
     182
     208
     194
     207
     187
     179
     191
     194
     187
     180
     179
     201
     190
     197
     181
     173
     201
     208
     170
     188
     205
     220
     199
     192
     197
     213
     177
     187
     198
     216
     183
     205
     191
     204
     199
     195
     195
     211
     186
     206
     188
     179
     198
     188
     204
     175
     196
     190
     170
     197
     205
     188
     185
     195
     201
     206
     190
     194
     188
     184
     182
     190
     185
     189
     170
     185
     174
     219
     156
     187
     196
     182
     175
     181
     190
     196
     218
     212
     200
     220
     175
     208
     246
     221
     205
     196
     199
     186
     208
     186
     205
     219
     214
     236
     214
     203
     250
     219
     209
     230
     219
     227
     197
     223
     233
     233
     235
     219
     231
     224
     227
     218
     228
     208
     199
     207
     196
     188
     185
     197
     195
     184
     158
     197
     207
     182
     201
     195
     177
     176
     178
     173
     190
     174
     179
     174
     159
     175
     187
     172
     170
     175
     185
     161
     180
     178
     191
     177
     182
     181
     184
     182
     145
     181
     177
     167
     180
     176
     188
     178
     160
     183
     175
     178
     177
     153
     172
     177
     201
     196
     180
     161
     171
     194
     154
     187
     161
     184
     165
     165
     167
     170
     170
     169
     163
     163
     185
     178
     180
     167
     173
     163
     153
     182
     181
     186
     182
     172
     169
     177
     186
     165
     191
     187
     149
     146
     175
     162
     164
     154
     156
     159
     163
     193
     149
     180
     145
     156
     153
     170
     131
     144
     182
     180
     153
     170
     144
     176
     159
     174
     146
     197
     183
     179
     163
     154
     166
     165
     176
     158
     145
     188
     166
     150
     167
     172
     149
     150
     139
     160
     164
     133
     156
     160
     160
     153
     168
     159
     167
     151
     162
     170
     156
     187
     156
     150
     157
     151
     148
     145
     157
     151
     167
     150
     166
     176
     146
     178
     159
     164
     170
     171
     156
     152
     177
     153
     152
     161
     156
     141
     171
     148
     159
     163
     167
     166
     144
     157
     167
     144
     141
     154
     150
     160
     161
     173
     143
     135
     157
     178
     167
     149
     153
     148
     164
     155
     161
     185
     164
     141
     169
     159
     142
     148
     156
     155
     154
     151
     161
     174
     147
     158
     148
     147
     156
     139
     145
     159
     139
     156
     143
     143
     150
     145
     150
     145
     147
     174
     161
     139
     144
     123
     162
     141
     133
     142
     139
     155
     145
     159
     160
     131
     144
     150
     145
     156
     162
     152
     150
     132
     130
     140
     140
     138
     131
     134
     133
     161
     154
     139
     144
     152
     129
     143
     164
     154
     141
     160
     154
     157
     155
     140
     180
     157
     144
     146
     151
     158
     161
     147
     157
     168
     168
     134
     140
     136
     122
     143
     141
     150
     151
     145
     131
     156
     133
     156
     132
     163
     138
     158
     146
     156
     164
     143
     134
     132
     137
     164
     147
     166
     145
     151
     132
     135
     136
     134
     143
     132
     124
     154
     139
     135
     145
     143
     134
     126
     114
     137
     143
     145
     146
     129
     130
     146
     130
     139
     152
     132
     141
     141
     133
     154
     151
     136
     120
     144
     136
     138
     133
     146
     132
     122
     134
     157
     156
     122
     147
     142
     117
     147
     142
     149
     141
     139
     115
     133
     149
     168
     159
     131
     128
     126
     142
     122
     133
     156
     129
     123
     131
     137
     130
     141
     121
     128
     136
     132
     128
     124
     135
     149
     137
     118
     126
     132
     113
     139
     114
     147
     146
     137
     123
     133
     145
     142
     116
     133
     120
     139
     127
     119
     140
     114
     124
     152
     131
     140
     117
     127
     156
     140
     114
     131
     128
     136
     142
     132
     129
     127
     133
     119
      99
     131
     151
     125
     147
     120
     147
     116
     124
     124
     143
     120
     127
     153
     117
     134
     131
     121
     102
     145
     156
     132
     131
     126
     134
     131
     145
     112
     136
     111
     136
     133
     115
     116
     128
     126
     132
     123
     122
     141
     143
     107
     141
     124
     127
     116
     124
     127
     117
     111
     119
     106
     125
     128
     128
     139
     130
     127
     128
     141
     133
     122
     134
     128
     119
     139
     115
     119
     133
     125
     122
     141
     135
     115
     109
     120
     120
     117
     130
     125
     117
     117
     132
      96
     129
     110
     104
     120
     123
     122
     113
     109
     123
     127
     135
     144
     120
     133
     127
     125
     124
     120
     134
     116
     105
     103
      88
     135
     145
     108
     129
     114
     110
     121
     110
     135
     110
     108
     101
     124
     116
     124
     116
     103
     124
     131
     137
     122
     119
     136
     132
     111
     125
     123
     129
     119
     132
     120
     112
     105
     106
     123
     118
     125
     122
     121
     115
     118
     117
     111
     122
     125
     131
     139
     123
     113
     112
     138
     134
     137
     128
     128
     117
     130
     108
     129
     132
     126
     109
     109
     140
     123
     127
     115
     127
     122
     141
     111
     135
     113
      96
     125
     100
     106
     125
     128
     119
     118
     104
     108
     127
     116
     105
     123
     129
     109
     121
     127
     107
     121
     123
     102
     102
     119
     123
     111
     124
     101
     100
     108
     102
     110
     138
     109
     126
     132
     111
     117
      78
     131
     131
     116
     108
      98
     116
     102
     112
     116
     129
     102
     120
      97
     135
     104
      87
      95
      89
     123
     106
     124
     129
     126
     108
     114
     107
      99
     111
     112
     132
     106
     121
     117
     123
     120
     123
      89
     105
     111
     109
     110
      93
     128
     101
     114
     110
     105
     112
     116
     107
     102
     120
     114
      98
      93
      90
     114
     118
     125
     104
      88
     113
     112
     100
     105
     103
      90
     103
     102
     104
     114
     101
     103
     109
     110
      97
      97
     102
      92
      88
     112
     117
     100
     123
     112
     107
     132
     107
     124
     113
      95
     118
     100
     115
      92
      91
     118
     131
      94
     114
     108
     106
     101
      90
     110
     102
     105
     114
     121
     119
     104
      87
      95
      95
     102
     101
     101
      96
      96
      98
     102
      88
     105
      84
      91
     100
      90
      82
      97
      82
      93
     121
      94
      94
     100
      94
     118
     104
     107
      97
      95
     108
      95
      95
     114
      87
     122
      95
      87
      91
      93
     108
     107
      91
      93
     101
      75
      81
     108
     118
      92
     129
     102
      96
      97
     101
      97
      88
      95
     101
     105
      99
      87
      94
      89
      88
      92
     111
      97
      81
      93
      79
     106
     102
      89
      94
     101
      93
      90
      76
      98
      91
     107
      78
      91
      73
      91
     116
     113
     110
      94
      95
      85
     101
      96
      97
     108
     105
     100
      84
     101
      91
      91
      81
      96
      92
     100
     101
      98
      92
      82
      85
     116
      97
      86
      81
      87
      87
      98
      93
      74
      90
      95
      82
      89
     100
     106
      91
     113
      86
      99
      98
     100
      99
      87
      81
      99
      90
      90
      97
      90
      84
      93
      99
      86
      92
      81
     106
      77
      95
      80
     101
      85
      86
      88
     105
      86
      87
      79
      84
      76
      76
      83
     108
      86
      76
      88
      83
      78
      65
      79
      56
      70
      70
      54
      81
      71
      72
      56
      56
      58
      56
      55
      56
      58
      58
      46
      55
      40
      44
      44
      56
      43
      55
      40
      41
      45
      43
      38
      43
      32
      38
      36
      32
      41
      35
      27
      32
      29
      24
      31
      27
      31
      29
      24
      20
      33
      20
      26
      22
      29
      15
      19
       0
       0
       0
       0
       0
       0
       0
       0
       0
       0
       0
       0
       0
       0
       0
       0
       0
       0
       0
       0
       0
       0
       0
       0
       0
       0
       0
       0
       0
       0
       0
       0
       0
       0
       0
       0
       0
       0
       0
       0
       0
       0
       0
       0
       0
       0
       0
       0
       0
       0
       0
       0
       0
       0
       0
       0
       0
       0
       0
       0
       0
       0
       0
       0
       0
       0
       0
       0
       0
       0
       0
       0
       0
       0
       0
       0
       0
       0
       0
       0
       0
       0
       0
       0
       0
       0
       0
       0
       0
       0
       0
       0
       0
       0
       0
       0
       0
       0
       0
       0
       0
       0
       0
       0
       0
       0
       0
       0
       0
       0
       0
       0
       0
       0
       0
       0
       0
       0
       0
       0
       0
       0
       0
       0
       0
       0
       0
       0
$ROI:
2
838 858
3244 3286
$PRESETS:
None
0
0
$ENER_FIT:
-0.340452 0.397081
$MCA_CAL:
3
-3.404519E-001 3.970808E-001 2.454251E-008 keV
$SHAPE_CAL:
3
2.851998E+000 3.101786E-003 -4.032600E-008
