  UMG package, version 3.3, release date: March 1, 2004

  Deconvolution Using the MAXED (Maximum Entropy) Algorithm
  =========================================================

  File with Input Data : m16d.phs                                

  File with Default Spectrum         : m16d_in.flu                             
  Default Spectrum Fluence Format    : fluence rate per bin
  Energy of Default Sp.  in Units of : MeV

  File with Response Function        : n_resp.rsp                              
  Response Functions     in Units of :     cm^2
  Energy of Final Spect. in Units of : MeV

  Chi-squared P.D.F. Using the Default Spectrum     = 9.706044E+04
  Final Chi-squared P.D.F.                          = 6.918453E+04
  NOTE: Chi-squared Per Degree of Freedom was set to:    1.000


  *** RESULTS FOR THE FINAL SPECTRUM: ***

       DN              M             C     (C-M)/S     (C-M)/M
        1   3.142100E+06  4.286009E+05  **********    -0.86359
        2   5.194100E+05  9.153464E+04  -593.69413    -0.82377
        3   3.293200E+05  8.440481E+04  -426.77817    -0.74370
        4   2.435000E+05  8.960494E+04  -311.87569    -0.63201
        5   1.822900E+05  8.288559E+04  -232.82448    -0.54531
        6   1.483500E+05  6.235514E+04  -223.27049    -0.57968
        7   1.223400E+05  2.753538E+04  -271.04070    -0.77493
        8   1.022000E+05  3.604695E+03  -308.40910    -0.96473
        9   8.446000E+04  3.802332E+01  -290.48922    -0.99955
       10   7.031500E+04  2.260180E+01  -265.08428    -0.99968
       11   5.890000E+04  9.479443E-75  -242.69644    -1.00000
       12   5.157100E+04  7.530413E+00  -227.06182    -0.99985
       13   4.263800E+04  1.506457E+01  -206.41646    -0.99965
       14   3.503600E+04  1.506757E+01  -187.09762    -0.99957
       15   3.087600E+04  1.506757E+01  -175.62561    -0.99951
       16   2.600700E+04  7.535658E+00  -161.21699    -0.99971
       17   2.371900E+04  7.533785E+00  -153.96056    -0.99968
       18   1.990600E+04  1.123886E-03  -141.08724    -1.00000
       19   1.733200E+04  7.529289E+00  -131.59492    -0.99957
       20   1.499300E+04  7.533785E+00  -122.38029    -0.99950
       21   1.293600E+04  7.533785E+00  -113.66684    -0.99942
       22   1.055000E+04  3.371659E-03  -102.71635    -1.00000
       23   9.048000E+03  4.154008E-76   -95.12095    -1.00000
       24   7.687000E+03  3.178234E-76   -87.67508    -1.00000
       25   6.563000E+03  2.503234E-76   -81.01269    -1.00000
       26   5.571000E+03  1.975907E-76   -74.63926    -1.00000
       27   4.866000E+03  1.519454E-76   -69.75644    -1.00000
       28   3.920000E+03  1.185436E-76   -62.60981    -1.00000
       29   3.620000E+03  1.015655E-76   -60.16687    -1.00000
       30   3.094000E+03  7.249757E-77   -55.62347    -1.00000
       31   2.617000E+03  5.688687E-77   -51.15624    -1.00000
       32   2.137000E+03  4.348087E-77   -46.22739    -1.00000
       33   1.793000E+03  3.410394E-77   -42.34366    -1.00000
       34   1.494000E+03  2.349745E-77   -38.65259    -1.00000
       35   1.274000E+03  1.841029E-77   -35.69327    -1.00000
       36   1.037000E+03  1.292127E-77   -32.20297    -1.00000
       37   8.480000E+02  8.453238E-78   -29.12088    -1.00000
       38   6.660000E+02  5.348486E-78   -25.80695    -1.00000
       39   5.720000E+02  2.974115E-78   -23.91604    -1.00000
       40   4.130000E+02  1.588755E-78   -20.32280    -1.00000
       41   3.560000E+02  2.240071E-79   -18.86792    -1.00000
       42   2.270000E+02  4.054307E-79   -15.06604    -1.00000
       43   1.700000E+02  1.591609E-79   -13.03881    -1.00000
       44   1.380000E+02  1.617955E-79   -11.74768    -1.00000
       45   8.700000E+01  1.334326E-79    -9.32736    -1.00000
       46   5.800000E+01  1.374901E-78    -7.61575    -1.00000
       47   2.800000E+01  4.337577E-80    -5.29151    -1.00000
       48   1.100000E+01  7.013885E-80    -3.31665    -1.00000
       49   1.000000E+01  2.869100E-79    -3.16226    -1.00000
       50   1.000000E+01  2.861632E-80    -3.16226    -1.00000
       51   1.400000E+01  4.172877E-80    -3.74161    -1.00000
       52   1.000000E+01  1.464233E-79    -3.16226    -1.00000
       53   3.000000E+00  7.071202E-80    -1.73200    -1.00000
       54   2.000000E+00  4.173299E-80    -1.41423    -1.00000
       55   1.000000E+00  1.038858E-83    -1.00000    -1.00000

  Note: DN = detector number
        M = measured count rate
        C = calculated count rate
        S = estimated standard uncertainty


  *** RESULTS FOR THE DEFAULT SPECTRUM: ***

       DN              M             C     (C-M)/S     (C-M)/M
        1   3.142100E+06  2.186169E+03  **********    -0.99930
        2   5.194100E+05  4.903117E+02  -720.02177    -0.99906
        3   3.293200E+05  4.132667E+02  -573.13805    -0.99875
        4   2.435000E+05  3.458856E+02  -492.76343    -0.99858
        5   1.822900E+05  2.553766E+02  -426.36052    -0.99860
        6   1.483500E+05  1.911572E+02  -384.66830    -0.99871
        7   1.223400E+05  1.373639E+02  -349.36999    -0.99888
        8   1.022000E+05  9.863929E+01  -319.37615    -0.99903
        9   8.446000E+04  6.881569E+01  -290.38326    -0.99919
       10   7.031500E+04  4.806524E+01  -264.98825    -0.99932
       11   5.890000E+04  3.499634E+01  -242.55224    -0.99941
       12   5.157100E+04  2.704457E+01  -226.97589    -0.99948
       13   4.263800E+04  1.888359E+01  -206.39797    -0.99956
       14   3.503600E+04  1.419003E+01  -187.10231    -0.99959
       15   3.087600E+04  1.070436E+01  -175.65044    -0.99965
       16   2.600700E+04  8.404696E+00  -161.21160    -0.99968
       17   2.371900E+04  6.952529E+00  -153.96434    -0.99971
       18   1.990600E+04  5.134636E+00  -141.05086    -0.99974
       19   1.733200E+04  4.222365E+00  -131.62004    -0.99976
       20   1.499300E+04  3.536256E+00  -122.41293    -0.99976
       21   1.293600E+04  2.632594E+00  -113.70993    -0.99980
       22   1.055000E+04  1.883752E+00  -102.69805    -0.99982
       23   9.048000E+03  1.533582E+00   -95.10483    -0.99983
       24   7.687000E+03  1.173345E+00   -87.66169    -0.99985
       25   6.563000E+03  9.241475E-01   -81.00128    -0.99986
       26   5.571000E+03  7.294681E-01   -74.62949    -0.99987
       27   4.866000E+03  5.609541E-01   -69.74840    -0.99988
       28   3.920000E+03  4.376408E-01   -62.60282    -0.99989
       29   3.620000E+03  3.749611E-01   -60.16064    -0.99990
       30   3.094000E+03  2.676476E-01   -55.61866    -0.99991
       31   2.617000E+03  2.100158E-01   -51.15214    -0.99992
       32   2.137000E+03  1.605233E-01   -46.22392    -0.99992
       33   1.793000E+03  1.259054E-01   -42.34069    -0.99993
       34   1.494000E+03  8.674822E-02   -38.65035    -0.99994
       35   1.274000E+03  6.796738E-02   -35.69137    -0.99995
       36   1.037000E+03  4.770293E-02   -32.20149    -0.99995
       37   8.480000E+02  3.120778E-02   -29.11981    -0.99996
       38   6.660000E+02  1.974562E-02   -25.80619    -0.99997
       39   5.720000E+02  1.097988E-02   -23.91558    -0.99998
       40   4.130000E+02  5.865389E-03   -20.32251    -0.99999
       41   3.560000E+02  8.269927E-04   -18.86788    -1.00000
       42   2.270000E+02  1.496775E-03   -15.06594    -0.99999
       43   1.700000E+02  5.875926E-04   -13.03876    -1.00000
       44   1.380000E+02  5.973190E-04   -11.74763    -1.00000
       45   8.700000E+01  4.926085E-04    -9.32731    -0.99999
       46   5.800000E+01  5.075880E-03    -7.61508    -0.99991
       47   2.800000E+01  1.601353E-04    -5.29147    -0.99999
       48   1.100000E+01  2.589396E-04    -3.31657    -0.99998
       49   1.000000E+01  1.059218E-03    -3.16192    -0.99989
       50   1.000000E+01  1.056461E-04    -3.16222    -0.99999
       51   1.400000E+01  1.540549E-04    -3.74157    -0.99999
       52   1.000000E+01  5.405677E-04    -3.16208    -0.99995
       53   3.000000E+00  2.610556E-04    -1.73185    -0.99991
       54   2.000000E+00  1.540704E-04    -1.41412    -0.99992
       55   1.000000E+00  3.835269E-08    -1.00000    -1.00000

  Note: DN = detector number
        M = measured count rate
        C = calculated count rate
        S = estimated standard uncertainty


  Scaling Factor/Default Spectrum for best fit = 1.0954E+03
  Scaling Factor/Default Spectrum used         = 1.0000E+00

  Bin Structure Used : Response Function Bin Structure

  Lowest energy bin edge set to : 1.0000E+00 MeV
  Highest energy bin edge set to: 2.0000E+01 MeV

  Choice of solution spectrum representation : ~ dF/dE             

  Number of iterations in L-BFGS-B               =   20000
  Maximum number of iterations in L-BFGS-B set to:   20000

  *** MAXED PARAMETER LAMBDA ***

       DN         LAMBDA
        1  -2.078587E+12
        2   1.728259E+12
        3   5.646337E+12
        4  -3.418154E+11
        5   1.913623E+12
        6   1.801658E+12
        7   5.536261E+11
        8   4.974595E+10
        9   7.310862E+11
       10   2.618046E+12
       11   2.905923E+12
       12   4.392773E+12
       13   4.611970E+12
       14   3.572662E+12
       15   1.408537E+12
       16   1.201970E+12
       17   1.809725E+12
       18   2.497410E+12
       19   2.985693E+12
       20   3.153656E+12
       21   3.641750E+12
       22   3.478674E+12
       23   4.233326E+12
       24   4.114915E+12
       25   3.969845E+12
       26   4.221472E+12
       27   4.183272E+12
       28   4.329920E+12
       29   4.271058E+12
       30   4.311392E+12
       31   3.754883E+12
       32   3.780039E+12
       33   3.460576E+12
       34   3.491155E+12
       35   3.444327E+12
       36   3.537159E+12
       37   3.548086E+12
       38   2.186966E+12
       39   1.169736E+12
       40   1.664699E+11
       41  -7.959110E+10
       42  -2.356258E+10
       43  -3.466030E+10
       44  -3.299243E+10
       45  -2.063267E+10
       46  -1.424747E+10
       47  -6.567349E+09
       48  -2.161494E+09
       49  -4.106924E+08
       50  -2.251315E+09
       51  -3.114519E+09
       52  -1.515776E+09
       53  -1.840910E+08
       54  -1.550525E+08
       55  -2.465551E+08
