   E (MeV)	Unadj. F×Eavg	Adj. F×Eavg
 1.00000E-10	 6.58526E-03	 6.10828E-02
 1.00000E-09	 6.58526E-03	 6.10828E-02
 1.00000E-09	 3.37641E-01	 8.82162E-01
 1.00000E-08	 3.37641E-01	 8.82162E-01
 1.00000E-08	 3.84874E+00	 7.49258E+00
 2.30000E-08	 3.84874E+00	 7.49258E+00
 2.30000E-08	 1.30015E+01	 2.26093E+01
 5.00000E-08	 1.30015E+01	 2.26093E+01
 5.00000E-08	 1.78171E+01	 3.21293E+01
 7.60000E-08	 1.78171E+01	 3.21293E+01
 7.60000E-08	 1.86077E+01	 3.85632E+01
 1.15000E-07	 1.86077E+01	 3.85632E+01
 1.15000E-07	 1.39841E+01	 3.85759E+01
 1.70000E-07	 1.39841E+01	 3.85759E+01
 1.70000E-07	 8.80895E+00	 2.30519E+01
 2.55000E-07	 8.80895E+00	 2.30519E+01
 2.55000E-07	 8.61138E+00	 2.83435E+01
 3.80000E-07	 8.61138E+00	 2.83435E+01
 3.80000E-07	 7.09500E+00	 2.17018E+01
 5.50000E-07	 7.09500E+00	 2.17018E+01
 5.50000E-07	 4.85519E+00	 1.33716E+01
 8.40000E-07	 4.85519E+00	 1.33716E+01
 8.40000E-07	 3.09072E+00	 1.26925E+01
 1.27500E-06	 3.09072E+00	 1.26925E+01
 1.27500E-06	 3.60738E+00	 2.60932E+01
 1.90000E-06	 3.60738E+00	 2.60932E+01
 1.90000E-06	 8.18467E+00	 2.38242E+01
 2.80000E-06	 8.18467E+00	 2.38242E+01
 2.80000E-06	 9.42831E+00	 2.98746E+01
 4.25000E-06	 9.42831E+00	 2.98746E+01
 4.25000E-06	 8.77034E+00	 2.75891E+01
 6.30000E-06	 8.77034E+00	 2.75891E+01
 6.30000E-06	 1.48745E+01	 4.38605E+01
 9.20000E-06	 1.48745E+01	 4.38605E+01
 9.20000E-06	 1.51779E+01	 3.91093E+01
 1.35000E-05	 1.51779E+01	 3.91093E+01
 1.35000E-05	 1.76595E+01	 4.54076E+01
 2.10000E-05	 1.76595E+01	 4.54076E+01
 2.10000E-05	 1.53932E+01	 3.48315E+01
 3.00000E-05	 1.53932E+01	 3.48315E+01
 3.00000E-05	 1.95176E+01	 4.27733E+01
 4.50000E-05	 1.95176E+01	 4.27733E+01
 4.50000E-05	 2.08732E+01	 4.46300E+01
 6.90000E-05	 2.08732E+01	 4.46300E+01
 6.90000E-05	 2.75719E+01	 5.69902E+01
 1.00000E-04	 2.75719E+01	 5.69902E+01
 1.00000E-04	 2.21970E+01	 4.17867E+01
 1.35000E-04	 2.21970E+01	 4.17867E+01
 1.35000E-04	 3.77884E+01	 8.22848E+01
 1.70000E-04	 3.77884E+01	 8.22848E+01
 1.70000E-04	 3.74349E+01	 6.30143E+01
 2.20000E-04	 3.74349E+01	 6.30143E+01
 2.20000E-04	 2.59164E+01	 4.55104E+01
 2.80000E-04	 2.59164E+01	 4.55104E+01
 2.80000E-04	 3.13091E+01	 5.14174E+01
 3.60000E-04	 3.13091E+01	 5.14174E+01
 3.60000E-04	 3.53542E+01	 5.73541E+01
 4.50000E-04	 3.53542E+01	 5.73541E+01
 4.50000E-04	 4.28524E+01	 6.85990E+01
 5.75000E-04	 4.28524E+01	 6.85990E+01
 5.75000E-04	 5.23819E+01	 7.36916E+01
 7.60000E-04	 5.23819E+01	 7.36916E+01
 7.60000E-04	 4.26292E+01	 7.15352E+01
 9.60000E-04	 4.26292E+01	 7.15352E+01
 9.60000E-04	 6.06168E+01	 8.82741E+01
 1.27500E-03	 6.06168E+01	 8.82741E+01
 1.27500E-03	 7.33030E+01	 1.05937E+02
 1.60000E-03	 7.33030E+01	 1.05937E+02
 1.60000E-03	 6.89305E+01	 8.96570E+01
 2.00000E-03	 6.89305E+01	 8.96570E+01
 2.00000E-03	 9.05023E+01	 1.13232E+02
 2.70000E-03	 9.05023E+01	 1.13232E+02
 2.70000E-03	 1.07805E+02	 1.25339E+02
 3.40000E-03	 1.07805E+02	 1.25339E+02
 3.40000E-03	 1.50568E+02	 1.69040E+02
 4.50000E-03	 1.50568E+02	 1.69040E+02
 4.50000E-03	 2.04786E+02	 2.28791E+02
 5.50000E-03	 2.04786E+02	 2.28791E+02
 5.50000E-03	 2.37135E+02	 2.55650E+02
 7.20000E-03	 2.37135E+02	 2.55650E+02
 7.20000E-03	 3.42517E+02	 3.65960E+02
 9.20000E-03	 3.42517E+02	 3.65960E+02
 9.20000E-03	 5.61055E+02	 5.79554E+02
 1.20000E-02	 5.61055E+02	 5.79554E+02
 1.20000E-02	 6.83399E+02	 7.15386E+02
 1.50000E-02	 6.83399E+02	 7.15386E+02
 1.50000E-02	 8.00301E+02	 8.20893E+02
 1.90000E-02	 8.00301E+02	 8.20893E+02
 1.90000E-02	 1.18442E+03	 1.19694E+03
 2.55000E-02	 1.18442E+03	 1.19694E+03
 2.55000E-02	 2.30042E+03	 2.31297E+03
 3.20000E-02	 2.30042E+03	 2.31297E+03
 3.20000E-02	 1.74496E+03	 1.76113E+03
 4.00000E-02	 1.74496E+03	 1.76113E+03
 4.00000E-02	 2.84653E+03	 2.83389E+03
 5.25000E-02	 2.84653E+03	 2.83389E+03
 5.25000E-02	 4.23249E+03	 4.21444E+03
 6.60000E-02	 4.23249E+03	 4.21444E+03
 6.60000E-02	 6.70083E+03	 6.65930E+03
 8.80000E-02	 6.70083E+03	 6.65930E+03
 8.80000E-02	 6.83096E+03	 6.76453E+03
 1.10000E-01	 6.83096E+03	 6.76453E+03
 1.10000E-01	 1.12665E+04	 1.11394E+04
 1.35000E-01	 1.12665E+04	 1.11394E+04
 1.35000E-01	 1.15609E+04	 1.14348E+04
 1.60000E-01	 1.15609E+04	 1.14348E+04
 1.60000E-01	 1.42486E+04	 1.40619E+04
 1.90000E-01	 1.42486E+04	 1.40619E+04
 1.90000E-01	 1.57852E+04	 1.55956E+04
 2.20000E-01	 1.57852E+04	 1.55956E+04
 2.20000E-01	 1.84592E+04	 1.82066E+04
 2.55000E-01	 1.84592E+04	 1.82066E+04
 2.55000E-01	 2.34553E+04	 2.31392E+04
 2.90000E-01	 2.34553E+04	 2.31392E+04
 2.90000E-01	 2.39034E+04	 2.36201E+04
 3.20000E-01	 2.39034E+04	 2.36201E+04
 3.20000E-01	 2.87301E+04	 2.83646E+04
 3.60000E-01	 2.87301E+04	 2.83646E+04
 3.60000E-01	 3.24569E+04	 3.20093E+04
 4.00000E-01	 3.24569E+04	 3.20093E+04
 4.00000E-01	 3.45027E+04	 3.39995E+04
 4.50000E-01	 3.45027E+04	 3.39995E+04
 4.50000E-01	 4.26649E+04	 4.19793E+04
 5.00000E-01	 4.26649E+04	 4.19793E+04
 5.00000E-01	 5.02161E+04	 4.93959E+04
 5.50000E-01	 5.02161E+04	 4.93959E+04
 5.50000E-01	 5.95939E+04	 5.85762E+04
 6.00000E-01	 5.95939E+04	 5.85762E+04
 6.00000E-01	 6.72018E+04	 6.61254E+04
 6.60000E-01	 6.72018E+04	 6.61254E+04
 6.60000E-01	 8.73775E+04	 8.58205E+04
 7.20000E-01	 8.73775E+04	 8.58205E+04
 7.20000E-01	 1.12168E+05	 1.10109E+05
 7.80000E-01	 1.12168E+05	 1.10109E+05
 7.80000E-01	 1.08350E+05	 1.06544E+05
 8.40000E-01	 1.08350E+05	 1.06544E+05
 8.40000E-01	 1.19746E+05	 1.17470E+05
 9.20000E-01	 1.19746E+05	 1.17470E+05
 9.20000E-01	 1.22158E+05	 1.19897E+05
 1.00000E+00	 1.22158E+05	 1.19897E+05
 1.00000E+00	 9.97513E+04	 9.76763E+04
 1.20000E+00	 9.97513E+04	 9.76763E+04
 1.20000E+00	 9.40795E+04	 9.21574E+04
 1.40000E+00	 9.40795E+04	 9.21574E+04
 1.40000E+00	 8.66747E+04	 8.50377E+04
 1.60000E+00	 8.66747E+04	 8.50377E+04
 1.60000E+00	 7.44864E+04	 7.31406E+04
 1.80000E+00	 7.44864E+04	 7.31406E+04
 1.80000E+00	 6.06864E+04	 5.97382E+04
 2.00000E+00	 6.06864E+04	 5.97382E+04
 2.00000E+00	 4.71113E+04	 4.63525E+04
 2.30000E+00	 4.71113E+04	 4.63525E+04
 2.30000E+00	 3.83008E+04	 3.76577E+04
 2.60000E+00	 3.83008E+04	 3.76577E+04
 2.60000E+00	 3.01067E+04	 2.96544E+04
 2.90000E+00	 3.01067E+04	 2.96544E+04
 2.90000E+00	 2.44980E+04	 2.41051E+04
 3.30000E+00	 2.44980E+04	 2.41051E+04
 3.30000E+00	 2.05328E+04	 2.01812E+04
 3.70000E+00	 2.05328E+04	 2.01812E+04
 3.70000E+00	 1.71209E+04	 1.68102E+04
 4.10000E+00	 1.71209E+04	 1.68102E+04
 4.10000E+00	 1.55463E+04	 1.52207E+04
 4.50000E+00	 1.55463E+04	 1.52207E+04
 4.50000E+00	 1.44700E+04	 1.41193E+04
 5.00000E+00	 1.44700E+04	 1.41193E+04
 5.00000E+00	 1.43640E+04	 1.39634E+04
 5.50000E+00	 1.43640E+04	 1.39634E+04
 5.50000E+00	 1.58989E+04	 1.53884E+04
 6.00000E+00	 1.58989E+04	 1.53884E+04
 6.00000E+00	 1.86184E+04	 1.79948E+04
 6.70000E+00	 1.86184E+04	 1.79948E+04
 6.70000E+00	 2.46509E+04	 2.37327E+04
 7.40000E+00	 2.46509E+04	 2.37327E+04
 7.40000E+00	 3.29069E+04	 3.17115E+04
 8.20000E+00	 3.29069E+04	 3.17115E+04
 8.20000E+00	 4.56072E+04	 4.40392E+04
 9.00000E+00	 4.56072E+04	 4.40392E+04
 9.00000E+00	 6.12970E+04	 5.91794E+04
 1.00000E+01	 6.12970E+04	 5.91794E+04
 1.00000E+01	 7.61029E+04	 7.34930E+04
 1.10000E+01	 7.61029E+04	 7.34930E+04
 1.10000E+01	 8.96312E+04	 8.65342E+04
 1.20000E+01	 8.96312E+04	 8.65342E+04
 1.20000E+01	 9.58127E+04	 9.24515E+04
 1.30000E+01	 9.58127E+04	 9.24515E+04
 1.30000E+01	 9.88296E+04	 9.53257E+04
 1.40000E+01	 9.88296E+04	 9.53257E+04
 1.40000E+01	 9.12579E+04	 8.79562E+04
 1.50000E+01	 9.12579E+04	 8.79562E+04
 1.50000E+01	 8.22590E+04	 7.91934E+04
 1.60000E+01	 8.22590E+04	 7.91934E+04
 1.60000E+01	 6.66250E+04	 6.40480E+04
 1.70000E+01	 6.66250E+04	 6.40480E+04
 1.70000E+01	 5.23100E+04	 5.02264E+04
 1.80000E+01	 5.23100E+04	 5.02264E+04
 1.80000E+01	 3.77545E+04	 3.61826E+04
 1.90000E+01	 3.77545E+04	 3.61826E+04
 1.90000E+01	 2.38651E+04	 2.27855E+04
 2.00000E+01	 2.38651E+04	 2.27855E+04
 2.00000E+01	 1.61454E+04	 1.53833E+04
 2.10000E+01	 1.61454E+04	 1.53833E+04
 2.10000E+01	 1.10748E+04	 1.05212E+04
 2.20000E+01	 1.10748E+04	 1.05212E+04
 2.20000E+01	 7.34279E+03	 6.95511E+03
 2.30000E+01	 7.34279E+03	 6.95511E+03
 2.30000E+01	 4.65757E+03	 4.39557E+03
 2.40000E+01	 4.65757E+03	 4.39557E+03
 2.40000E+01	 3.00383E+03	 2.82505E+03
 2.50000E+01	 3.00383E+03	 2.82505E+03
 2.50000E+01	 1.83343E+03	 1.71682E+03
 2.60000E+01	 1.83343E+03	 1.71682E+03
 2.60000E+01	 1.30857E+03	 1.22362E+03
 2.70000E+01	 1.30857E+03	 1.22362E+03
 2.70000E+01	 8.43374E+02	 7.83013E+02
 2.80000E+01	 8.43374E+02	 7.83013E+02
 2.80000E+01	 5.81162E+02	 5.41376E+02
 2.90000E+01	 5.81162E+02	 5.41376E+02
 2.90000E+01	 4.09818E+02	 3.81888E+02
 3.00000E+01	 4.09818E+02	 3.81888E+02
 3.00000E+01	 2.88085E+02	 2.68403E+02
 3.10000E+01	 2.88085E+02	 2.68403E+02
 3.10000E+01	 2.41774E+02	 2.26262E+02
 3.20000E+01	 2.41774E+02	 2.26262E+02
 3.20000E+01	 1.65175E+02	 1.54786E+02
 3.30000E+01	 1.65175E+02	 1.54786E+02
 3.30000E+01	 1.31295E+02	 1.23509E+02
 3.40000E+01	 1.31295E+02	 1.23509E+02
 3.40000E+01	 7.68270E+01	 7.21259E+01
 3.50000E+01	 7.68270E+01	 7.21259E+01
 3.50000E+01	 7.56072E+01	 7.15218E+01
 3.60000E+01	 7.56072E+01	 7.15218E+01
 3.60000E+01	 4.60667E+01	 4.35706E+01
 3.70000E+01	 4.60667E+01	 4.35706E+01
 3.70000E+01	 1.60529E+01	 1.50292E+01
 3.80000E+01	 1.60529E+01	 1.50292E+01
 3.80000E+01	 0.00000E+00	 0.00000E+00
 3.90000E+01	 0.00000E+00	 0.00000E+00
 3.90000E+01	 0.00000E+00	 0.00000E+00
 4.00000E+01	 0.00000E+00	 0.00000E+00
 4.00000E+01	 0.00000E+00	 0.00000E+00
 4.10000E+01	 0.00000E+00	 0.00000E+00
 4.10000E+01	 0.00000E+00	 0.00000E+00
 4.20000E+01	 0.00000E+00	 0.00000E+00
 4.20000E+01	 0.00000E+00	 0.00000E+00
 4.30000E+01	 0.00000E+00	 0.00000E+00
 4.30000E+01	 0.00000E+00	 0.00000E+00
 4.40000E+01	 0.00000E+00	 0.00000E+00
 4.40000E+01	 0.00000E+00	 0.00000E+00
 4.50000E+01	 0.00000E+00	 0.00000E+00
 4.50000E+01	 0.00000E+00	 0.00000E+00
 4.60000E+01	 0.00000E+00	 0.00000E+00
 4.60000E+01	 0.00000E+00	 0.00000E+00
 4.70000E+01	 0.00000E+00	 0.00000E+00
 4.70000E+01	 0.00000E+00	 0.00000E+00
 4.80000E+01	 0.00000E+00	 0.00000E+00
 4.80000E+01	 0.00000E+00	 0.00000E+00
 4.90000E+01	 0.00000E+00	 0.00000E+00
 4.90000E+01	 0.00000E+00	 0.00000E+00
 5.00000E+01	 0.00000E+00	 0.00000E+00
 5.00000E+01	 0.00000E+00	 0.00000E+00
 5.10000E+01	 0.00000E+00	 0.00000E+00
 5.10000E+01	 0.00000E+00	 0.00000E+00
 5.20000E+01	 0.00000E+00	 0.00000E+00
 5.20000E+01	 0.00000E+00	 0.00000E+00
 5.30000E+01	 0.00000E+00	 0.00000E+00
 5.30000E+01	 0.00000E+00	 0.00000E+00
 5.40000E+01	 0.00000E+00	 0.00000E+00
 5.40000E+01	 0.00000E+00	 0.00000E+00
 5.50000E+01	 0.00000E+00	 0.00000E+00
 5.50000E+01	 0.00000E+00	 0.00000E+00
 5.60000E+01	 0.00000E+00	 0.00000E+00
 5.60000E+01	 0.00000E+00	 0.00000E+00
 5.70000E+01	 0.00000E+00	 0.00000E+00
 5.70000E+01	 0.00000E+00	 0.00000E+00
 5.80000E+01	 0.00000E+00	 0.00000E+00
 5.80000E+01	 0.00000E+00	 0.00000E+00
 5.90000E+01	 0.00000E+00	 0.00000E+00
 5.90000E+01	 0.00000E+00	 0.00000E+00
 6.00000E+01	 0.00000E+00	 0.00000E+00
