 probability of flux obtained by MIEKE
           1           1
           1          85          85  9.9976568E+07
  7.2219256E+07  0.0000000E+00  0.0000000E+00
  7.2545808E+07  2.0000000E-07  2.0000000E-07
  7.2872368E+07  4.4040000E-05  4.4040000E-05
  7.3198928E+07  1.0059600E-03  1.0059600E-03
  7.3525480E+07  9.0678800E-03  9.0678800E-03
  7.3852040E+07  2.9353941E-02  2.9353941E-02
  7.4178592E+07  4.5433119E-02  4.5433119E-02
  7.4505152E+07  4.9792439E-02  4.9792439E-02
  7.4831704E+07  4.8397802E-02  4.8397802E-02
  7.5158264E+07  4.8226621E-02  4.8226621E-02
  7.5484824E+07  4.7045000E-02  4.7045000E-02
  7.5811376E+07  4.5816440E-02  4.5816440E-02
  7.6137936E+07  4.4371542E-02  4.4371542E-02
  7.6464488E+07  4.3438621E-02  4.3438621E-02
  7.6791048E+07  4.2211019E-02  4.2211019E-02
  7.7117600E+07  4.0131181E-02  4.0131181E-02
  7.7444160E+07  3.8242862E-02  3.8242862E-02
  7.7770720E+07  3.6890499E-02  3.6890499E-02
  7.8097272E+07  3.5118081E-02  3.5118081E-02
  7.8423832E+07  3.3411462E-02  3.3411462E-02
  7.8750384E+07  3.1404860E-02  3.1404860E-02
  7.9076944E+07  2.9755941E-02  2.9755941E-02
  7.9403504E+07  2.7709721E-02  2.7709721E-02
  7.9730056E+07  2.5795739E-02  2.5795739E-02
  8.0056616E+07  2.3785399E-02  2.3785399E-02
  8.0383168E+07  2.2526080E-02  2.2526080E-02
  8.0709728E+07  2.0814581E-02  2.0814581E-02
  8.1036280E+07  1.9471521E-02  1.9471521E-02
  8.1362840E+07  1.7546879E-02  1.7546879E-02
  8.1689400E+07  1.6072800E-02  1.6072800E-02
  8.2015952E+07  1.4760880E-02  1.4760880E-02
  8.2342512E+07  1.3464920E-02  1.3464920E-02
  8.2669064E+07  1.1847260E-02  1.1847260E-02
  8.2995624E+07  1.1031480E-02  1.1031480E-02
  8.3322176E+07  9.7384797E-03  9.7384797E-03
  8.3648736E+07  8.4265396E-03  8.4265396E-03
  8.3975296E+07  7.7181398E-03  7.7181398E-03
  8.4301848E+07  6.8474598E-03  6.8474598E-03
  8.4628408E+07  6.0111601E-03  6.0111601E-03
  8.4954960E+07  5.2184998E-03  5.2184998E-03
  8.5281520E+07  4.5895600E-03  4.5895600E-03
  8.5608080E+07  4.0636999E-03  4.0636999E-03
  8.5934632E+07  3.5349601E-03  3.5349601E-03
  8.6261192E+07  3.0502200E-03  3.0502200E-03
  8.6587744E+07  2.5900800E-03  2.5900800E-03
  8.6914304E+07  2.2874400E-03  2.2874400E-03
  8.7240856E+07  2.0961999E-03  2.0961999E-03
  8.7567416E+07  1.6441400E-03  1.6441400E-03
  8.7893976E+07  1.3298800E-03  1.3298800E-03
  8.8220528E+07  1.1008800E-03  1.1008800E-03
  8.8547088E+07  9.7325997E-04  9.7325997E-04
  8.8873640E+07  7.9641998E-04  7.9641998E-04
  8.9200200E+07  6.9255999E-04  6.9255999E-04
  8.9526752E+07  6.3362002E-04  6.3362002E-04
  8.9853312E+07  5.5150001E-04  5.5150001E-04
  9.0179872E+07  4.1486000E-04  4.1486000E-04
  9.0506424E+07  3.0688001E-04  3.0688001E-04
  9.0832984E+07  3.0842001E-04  3.0842001E-04
  9.1159536E+07  2.0728000E-04  2.0728000E-04
  9.1486096E+07  1.4124000E-04  1.4124000E-04
  9.1812648E+07  1.4312001E-04  1.4312001E-04
  9.2139208E+07  1.2365999E-04  1.2365999E-04
  9.2465768E+07  1.2082000E-04  1.2082000E-04
  9.2792320E+07  7.9940000E-05  7.9940000E-05
  9.3118880E+07  5.6979999E-05  5.6979999E-05
  9.3445432E+07  4.3119999E-05  4.3119999E-05
  9.3771992E+07  2.8740000E-05  2.8740000E-05
  9.4098552E+07  2.7180000E-05  2.7180000E-05
  9.4425104E+07  2.8020000E-05  2.8020000E-05
  9.4751664E+07  2.1100001E-05  2.1100001E-05
  9.5078216E+07  1.8139999E-05  1.8139999E-05
  9.5404776E+07  1.2600000E-05  1.2600000E-05
  9.5731328E+07  8.0399996E-06  8.0399996E-06
  9.6057888E+07  5.5000000E-06  5.5000000E-06
  9.6384448E+07  6.0200000E-06  6.0200000E-06
  9.6711000E+07  3.5400001E-06  3.5400001E-06
  9.7037560E+07  7.0400001E-06  7.0400001E-06
  9.7364112E+07  1.2600000E-06  1.2600000E-06
  9.7690672E+07  2.2000000E-07  2.2000000E-07
  9.8017224E+07  0.0000000E+00  0.0000000E+00
  9.8343784E+07  2.5800000E-06  2.5800000E-06
  9.8670344E+07  1.4400000E-06  1.4400000E-06
  9.8996896E+07  0.0000000E+00  0.0000000E+00
  9.9323456E+07  0.0000000E+00  0.0000000E+00
  9.9650008E+07  8.0000001E-07  8.0000001E-07
