 probability of flux obtained by MIEKE
           1           1
           1          27          27   189026.6    
   168122.9      0.0000000E+00  0.0000000E+00
   168897.1      2.7999999E-07  2.7999999E-07
   169671.3      1.6600000E-06  1.6600000E-06
   170445.5      1.1900000E-05  1.1900000E-05
   171219.7      8.8779998E-05  8.8779998E-05
   171993.9      5.2070001E-04  5.2070001E-04
   172768.2      2.3020201E-03  2.3020201E-03
   173542.4      8.2304999E-03  8.2304999E-03
   174316.6      2.3153760E-02  2.3153760E-02
   175090.8      5.2222479E-02  5.2222479E-02
   175865.0      9.4656497E-02  9.4656497E-02
   176639.2      0.1392130      0.1392130    
   177413.4      0.1676847      0.1676847    
   178187.6      0.1670807      0.1670807    
   178961.8      0.1392511      0.1392511    
   179736.0      9.7629003E-02  9.7629003E-02
   180510.2      5.8247901E-02  5.8247901E-02
   181284.5      2.9694300E-02  2.9694300E-02
   182058.7      1.2961960E-02  1.2961960E-02
   182832.9      4.9039801E-03  4.9039801E-03
   183607.1      1.5804000E-03  1.5804000E-03
   184381.3      4.3334000E-04  4.3334000E-04
   185155.5      1.0652000E-04  1.0652000E-04
   185929.7      2.0580001E-05  2.0580001E-05
   186703.9      3.1800000E-06  3.1800000E-06
   187478.2      6.1999998E-07  6.1999998E-07
   188252.4      2.0000000E-07  2.0000000E-07
