 probability of flux obtained by MIEKE
           1           1
           1          12          12  5.9559731E+09
  5.6507392E+09  0.0000000E+00  0.0000000E+00
  5.6761754E+09  2.9761898E-07  2.9761898E-07
  5.7016115E+09  6.6560358E-05  6.6560358E-05
  5.7270477E+09  4.1918783E-03  4.1918783E-03
  5.7524838E+09  6.0976986E-02  6.0976986E-02
  5.7779200E+09  0.2678728      0.2678728    
  5.8033562E+09  0.3566584      0.3566584    
  5.8287923E+09  0.2496652      0.2496652    
  5.8542285E+09  5.5964444E-02  5.5964444E-02
  5.8796646E+09  4.4860747E-03  4.4860747E-03
  5.9051008E+09  1.1653909E-04  1.1653909E-04
  5.9305370E+09  8.0782291E-07  8.0782291E-07
