 probability of flux obtained by MIEKE
           1           1
           1          23          23   2759509.    
   2498486.      0.0000000E+00  0.0000000E+00
   2509835.      1.6000000E-07  1.6000000E-07
   2521183.      1.2660000E-05  1.2660000E-05
   2532532.      8.8579996E-05  8.8579996E-05
   2543881.      5.3694000E-04  5.3694000E-04
   2555230.      2.4073201E-03  2.4073201E-03
   2566579.      8.9859199E-03  8.9859199E-03
   2577928.      2.5504880E-02  2.5504880E-02
   2589276.      6.0357679E-02  6.0357679E-02
   2600625.      0.1110452      0.1110452    
   2611974.      0.1618767      0.1618767    
   2623323.      0.1896362      0.1896362    
   2634672.      0.1753699      0.1753699    
   2646021.      0.1304459      0.1304459    
   2657369.      7.7480838E-02  7.7480838E-02
   2668718.      3.6887899E-02  3.6887899E-02
   2680067.      1.3871240E-02  1.3871240E-02
   2691416.      4.1844798E-03  4.1844798E-03
   2702765.      1.0586000E-03  1.0586000E-03
   2714113.      2.1358000E-04  2.1358000E-04
   2725462.      2.6940001E-05  2.6940001E-05
   2736811.      8.0999998E-06  8.0999998E-06
   2748160.      2.6000001E-07  2.6000001E-07
