 probability of flux obtained by MIEKE
           1           1
           1          13          13   2709872.    
   2560696.      0.0000000E+00  0.0000000E+00
   2572171.      2.6671512E-07  2.6671512E-07
   2583646.      2.0721713E-05  2.0721713E-05
   2595121.      9.9851983E-04  9.9851983E-04
   2606597.      1.9214608E-02  1.9214608E-02
   2618072.      0.1352885      0.1352885    
   2629547.      0.3442105      0.3442105    
   2641022.      0.3442105      0.3442105    
   2652497.      0.1356407      0.1356407    
   2663972.      1.9387687E-02  1.9387687E-02
   2675447.      1.0083268E-03  1.0083268E-03
   2686922.      1.9141939E-05  1.9141939E-05
   2698397.      4.3084748E-07  4.3084748E-07
