   E (MeV)	Unadj. F×Eavg	Adj. F×Eavg
 1.00000E-10	 2.05128E+01	 2.05119E+01
 1.00000E-09	 2.05128E+01	 2.05119E+01
 1.00000E-09	 2.08934E+01	 2.08925E+01
 1.00000E-08	 2.08934E+01	 2.08925E+01
 1.00000E-08	 4.41474E+01	 4.41455E+01
 2.30000E-08	 4.41474E+01	 4.41455E+01
 2.30000E-08	 4.73549E+01	 4.73528E+01
 5.00000E-08	 4.73549E+01	 4.73528E+01
 5.00000E-08	 8.54846E+01	 8.54808E+01
 7.60000E-08	 8.54846E+01	 8.54808E+01
 7.60000E-08	 8.71428E+01	 8.71389E+01
 1.15000E-07	 8.71428E+01	 8.71389E+01
 1.15000E-07	 9.24470E+01	 9.24429E+01
 1.70000E-07	 9.24470E+01	 9.24429E+01
 1.70000E-07	 8.92479E+01	 8.92440E+01
 2.55000E-07	 8.92479E+01	 8.92440E+01
 2.55000E-07	 9.07450E+01	 9.07410E+01
 3.80000E-07	 9.07450E+01	 9.07410E+01
 3.80000E-07	 9.72502E+01	 9.72459E+01
 5.50000E-07	 9.72502E+01	 9.72459E+01
 5.50000E-07	 8.49711E+01	 8.49674E+01
 8.40000E-07	 8.49711E+01	 8.49674E+01
 8.40000E-07	 8.56114E+01	 8.56076E+01
 1.27500E-06	 8.56114E+01	 8.56076E+01
 1.27500E-06	 8.87320E+01	 8.87281E+01
 1.90000E-06	 8.87320E+01	 8.87281E+01
 1.90000E-06	 9.01275E+01	 9.01235E+01
 2.80000E-06	 9.01275E+01	 9.01235E+01
 2.80000E-06	 8.28626E+01	 8.28590E+01
 4.25000E-06	 8.28626E+01	 8.28590E+01
 4.25000E-06	 8.58875E+01	 8.58837E+01
 6.30000E-06	 8.58875E+01	 8.58837E+01
 6.30000E-06	 8.82962E+01	 8.82923E+01
 9.20000E-06	 8.82962E+01	 8.82923E+01
 9.20000E-06	 1.26326E+01	 1.26321E+01
 1.35000E-05	 1.26326E+01	 1.26321E+01
 1.35000E-05	 7.20343E+01	 7.20311E+01
 2.10000E-05	 7.20343E+01	 7.20311E+01
 2.10000E-05	 8.65166E+01	 8.65128E+01
 3.00000E-05	 8.65166E+01	 8.65128E+01
 3.00000E-05	 7.43325E+01	 7.43292E+01
 4.50000E-05	 7.43325E+01	 7.43292E+01
 4.50000E-05	 3.31143E+00	 3.31128E+00
 6.90000E-05	 3.31143E+00	 3.31128E+00
 6.90000E-05	 1.72808E+01	 1.72800E+01
 1.00000E-04	 1.72808E+01	 1.72800E+01
 1.00000E-04	 5.00943E+01	 5.00920E+01
 1.35000E-04	 5.00943E+01	 5.00920E+01
 1.35000E-04	 2.98023E+01	 2.98009E+01
 1.70000E-04	 2.98023E+01	 2.98009E+01
 1.70000E-04	 1.02455E+02	 1.02450E+02
 2.20000E-04	 1.02455E+02	 1.02450E+02
 2.20000E-04	 1.71890E+01	 1.71881E+01
 2.80000E-04	 1.71890E+01	 1.71881E+01
 2.80000E-04	 7.34243E+00	 7.34206E+00
 3.60000E-04	 7.34243E+00	 7.34206E+00
 3.60000E-04	 2.42626E+01	 2.42610E+01
 4.50000E-04	 2.42626E+01	 2.42610E+01
 4.50000E-04	 7.34471E-01	 7.34410E-01
 5.75000E-04	 7.34471E-01	 7.34410E-01
 5.75000E-04	 2.98398E+01	 2.98377E+01
 7.60000E-04	 2.98398E+01	 2.98377E+01
 7.60000E-04	 1.00448E+01	 1.00440E+01
 9.60000E-04	 1.00448E+01	 1.00440E+01
 9.60000E-04	 6.89113E+00	 6.89064E+00
 1.27500E-03	 6.89113E+00	 6.89064E+00
 1.27500E-03	 1.01454E+02	 1.01442E+02
 1.60000E-03	 1.01454E+02	 1.01442E+02
 1.60000E-03	 4.41860E+00	 4.41805E+00
 2.00000E-03	 4.41860E+00	 4.41805E+00
 2.00000E-03	 7.56819E+01	 7.56718E+01
 2.70000E-03	 7.56819E+01	 7.56718E+01
 2.70000E-03	 1.02264E+02	 1.02252E+02
 3.40000E-03	 1.02264E+02	 1.02252E+02
 3.40000E-03	 5.52329E+00	 5.52241E+00
 4.50000E-03	 5.52329E+00	 5.52241E+00
 4.50000E-03	 1.22510E+02	 1.22495E+02
 5.50000E-03	 1.22510E+02	 1.22495E+02
 5.50000E-03	 3.00212E+01	 3.00166E+01
 7.20000E-03	 3.00212E+01	 3.00166E+01
 7.20000E-03	 2.28034E+01	 2.28002E+01
 9.20000E-03	 2.28034E+01	 2.28002E+01
 9.20000E-03	 4.59163E+00	 4.59094E+00
 1.20000E-02	 4.59163E+00	 4.59094E+00
 1.20000E-02	 4.78711E+01	 4.78623E+01
 1.50000E-02	 4.78711E+01	 4.78623E+01
 1.50000E-02	 1.28320E+01	 1.28306E+01
 1.90000E-02	 1.28320E+01	 1.28306E+01
 1.90000E-02	 1.37042E+02	 1.37030E+02
 2.55000E-02	 1.37042E+02	 1.37030E+02
 2.55000E-02	 6.98716E+01	 6.98607E+01
 3.20000E-02	 6.98716E+01	 6.98607E+01
 3.20000E-02	 1.26132E+02	 1.26115E+02
 4.00000E-02	 1.26132E+02	 1.26115E+02
 4.00000E-02	 1.40665E+02	 1.40650E+02
 5.25000E-02	 1.40665E+02	 1.40650E+02
 5.25000E-02	 2.33267E+02	 2.33249E+02
 6.60000E-02	 2.33267E+02	 2.33249E+02
 6.60000E-02	 1.18588E+02	 1.18582E+02
 8.80000E-02	 1.18588E+02	 1.18582E+02
 8.80000E-02	 1.52184E+02	 1.52179E+02
 1.10000E-01	 1.52184E+02	 1.52179E+02
 1.10000E-01	 6.19638E+02	 6.19634E+02
 1.35000E-01	 6.19638E+02	 6.19634E+02
 1.35000E-01	 1.08706E+03	 1.08711E+03
 1.60000E-01	 1.08706E+03	 1.08711E+03
 1.60000E-01	 8.03576E+02	 8.03635E+02
 1.90000E-01	 8.03576E+02	 8.03635E+02
 1.90000E-01	 6.19786E+02	 6.19880E+02
 2.20000E-01	 6.19786E+02	 6.19880E+02
 2.20000E-01	 1.30177E+03	 1.30204E+03
 2.55000E-01	 1.30177E+03	 1.30204E+03
 2.55000E-01	 2.63586E+03	 2.63753E+03
 2.90000E-01	 2.63586E+03	 2.63753E+03
 2.90000E-01	 1.41711E+03	 1.41763E+03
 3.20000E-01	 1.41711E+03	 1.41763E+03
 3.20000E-01	 9.50958E+02	 9.51397E+02
 3.60000E-01	 9.50958E+02	 9.51397E+02
 3.60000E-01	 2.83351E+03	 2.83651E+03
 4.00000E-01	 2.83351E+03	 2.83651E+03
 4.00000E-01	 2.56019E+03	 2.56236E+03
 4.50000E-01	 2.56019E+03	 2.56236E+03
 4.50000E-01	 3.07198E+03	 3.07503E+03
 5.00000E-01	 3.07198E+03	 3.07503E+03
 5.00000E-01	 9.92810E+03	 9.95148E+03
 5.50000E-01	 9.92810E+03	 9.95148E+03
 5.50000E-01	 9.35854E+03	 9.37755E+03
 6.00000E-01	 9.35854E+03	 9.37755E+03
 6.00000E-01	 1.17075E+04	 1.17322E+04
 6.60000E-01	 1.17075E+04	 1.17322E+04
 6.60000E-01	 6.83402E+03	 6.84451E+03
 7.20000E-01	 6.83402E+03	 6.84451E+03
 7.20000E-01	 8.82847E+03	 8.84172E+03
 7.80000E-01	 8.82847E+03	 8.84172E+03
 7.80000E-01	 7.14558E+03	 7.15528E+03
 8.40000E-01	 7.14558E+03	 7.15528E+03
 8.40000E-01	 9.07268E+03	 9.08507E+03
 9.20000E-01	 9.07268E+03	 9.08507E+03
 9.20000E-01	 1.06955E+04	 1.07099E+04
 1.00000E+00	 1.06955E+04	 1.07099E+04
 1.00000E+00	 1.14850E+04	 1.15000E+04
 1.20000E+00	 1.14850E+04	 1.15000E+04
 1.20000E+00	 9.00506E+03	 9.01593E+03
 1.40000E+00	 9.00506E+03	 9.01593E+03
 1.40000E+00	 1.16916E+05	 1.17052E+05
 1.60000E+00	 1.16916E+05	 1.17052E+05
 1.60000E+00	 9.62898E+03	 9.63904E+03
 1.80000E+00	 9.62898E+03	 9.63904E+03
 1.80000E+00	 1.08170E+05	 1.08271E+05
 2.00000E+00	 1.08170E+05	 1.08271E+05
 2.00000E+00	 8.38246E+04	 8.38919E+04
 2.30000E+00	 8.38246E+04	 8.38919E+04
 2.30000E+00	 1.15475E+04	 1.15548E+04
 2.60000E+00	 1.15475E+04	 1.15548E+04
 2.60000E+00	 1.42335E+05	 1.42402E+05
 2.90000E+00	 1.42335E+05	 1.42402E+05
 2.90000E+00	 6.43837E+03	 6.44029E+03
 3.30000E+00	 6.43837E+03	 6.44029E+03
 3.30000E+00	 2.29094E+05	 2.29123E+05
 3.70000E+00	 2.29094E+05	 2.29123E+05
 3.70000E+00	 5.58149E+04	 5.58131E+04
 4.10000E+00	 5.58149E+04	 5.58131E+04
 4.10000E+00	 6.86230E+04	 6.86114E+04
 4.50000E+00	 6.86230E+04	 6.86114E+04
 4.50000E+00	 6.76132E+04	 6.75944E+04
 5.00000E+00	 6.76132E+04	 6.75944E+04
 5.00000E+00	 7.49265E+04	 7.49001E+04
 5.50000E+00	 7.49265E+04	 7.49001E+04
 5.50000E+00	 1.04156E+05	 1.04116E+05
 6.00000E+00	 1.04156E+05	 1.04116E+05
 6.00000E+00	 1.31104E+05	 1.31052E+05
 6.70000E+00	 1.31104E+05	 1.31052E+05
 6.70000E+00	 1.61785E+05	 1.61725E+05
 7.40000E+00	 1.61785E+05	 1.61725E+05
 7.40000E+00	 1.97676E+05	 1.97612E+05
 8.20000E+00	 1.97676E+05	 1.97612E+05
 8.20000E+00	 2.43871E+05	 2.43806E+05
 9.00000E+00	 2.43871E+05	 2.43806E+05
 9.00000E+00	 2.72335E+05	 2.72285E+05
 1.00000E+01	 2.72335E+05	 2.72285E+05
 1.00000E+01	 2.89863E+05	 2.89832E+05
 1.10000E+01	 2.89863E+05	 2.89832E+05
 1.10000E+01	 2.94815E+05	 2.94808E+05
 1.20000E+01	 2.94815E+05	 2.94808E+05
 1.20000E+01	 2.72035E+05	 2.72050E+05
 1.30000E+01	 2.72035E+05	 2.72050E+05
 1.30000E+01	 2.43186E+05	 2.43216E+05
 1.40000E+01	 2.43186E+05	 2.43216E+05
 1.40000E+01	 2.10625E+05	 2.10662E+05
 1.50000E+01	 2.10625E+05	 2.10662E+05
 1.50000E+01	 1.82484E+05	 1.82524E+05
 1.60000E+01	 1.82484E+05	 1.82524E+05
 1.60000E+01	 1.47298E+05	 1.47332E+05
 1.70000E+01	 1.47298E+05	 1.47332E+05
 1.70000E+01	 1.14810E+05	 1.14836E+05
 1.80000E+01	 1.14810E+05	 1.14836E+05
 1.80000E+01	 9.09958E+04	 9.10141E+04
 1.90000E+01	 9.09958E+04	 9.10141E+04
 1.90000E+01	 6.28333E+04	 6.28421E+04
 2.00000E+01	 6.28333E+04	 6.28421E+04
 2.00000E+01	 5.10741E+04	 5.10767E+04
 2.10000E+01	 5.10741E+04	 5.10767E+04
 2.10000E+01	 4.10158E+04	 4.10130E+04
 2.20000E+01	 4.10158E+04	 4.10130E+04
 2.20000E+01	 3.39639E+04	 3.39566E+04
 2.30000E+01	 3.39639E+04	 3.39566E+04
 2.30000E+01	 2.70459E+04	 2.70354E+04
 2.40000E+01	 2.70459E+04	 2.70354E+04
 2.40000E+01	 2.29209E+04	 2.29078E+04
 2.50000E+01	 2.29209E+04	 2.29078E+04
 2.50000E+01	 2.03654E+04	 2.03498E+04
 2.60000E+01	 2.03654E+04	 2.03498E+04
 2.60000E+01	 1.88207E+04	 1.88028E+04
 2.70000E+01	 1.88207E+04	 1.88028E+04
 2.70000E+01	 1.75145E+04	 1.74944E+04
 2.80000E+01	 1.75145E+04	 1.74944E+04
 2.80000E+01	 1.64401E+04	 1.64180E+04
 2.90000E+01	 1.64401E+04	 1.64180E+04
 2.90000E+01	 1.54072E+04	 1.53839E+04
 3.00000E+01	 1.54072E+04	 1.53839E+04
 3.00000E+01	 1.60409E+04	 1.60142E+04
 3.10000E+01	 1.60409E+04	 1.60142E+04
 3.10000E+01	 1.52445E+04	 1.52170E+04
 3.20000E+01	 1.52445E+04	 1.52170E+04
 3.20000E+01	 1.34048E+04	 1.33792E+04
 3.30000E+01	 1.34048E+04	 1.33792E+04
 3.30000E+01	 1.22754E+04	 1.22511E+04
 3.40000E+01	 1.22754E+04	 1.22511E+04
 3.40000E+01	 9.76792E+03	 9.74812E+03
 3.50000E+01	 9.76792E+03	 9.74812E+03
 3.50000E+01	 6.93669E+03	 6.92247E+03
 3.60000E+01	 6.93669E+03	 6.92247E+03
 3.60000E+01	 3.62043E+03	 3.61302E+03
 3.70000E+01	 3.62043E+03	 3.61302E+03
 3.70000E+01	 3.40157E+02	 3.39237E+02
 3.80000E+01	 3.40157E+02	 3.39237E+02
 3.80000E+01	 0.00000E+00	 0.00000E+00
 3.90000E+01	 0.00000E+00	 0.00000E+00
 3.90000E+01	 0.00000E+00	 0.00000E+00
 4.00000E+01	 0.00000E+00	 0.00000E+00
 4.00000E+01	 0.00000E+00	 0.00000E+00
 4.10000E+01	 0.00000E+00	 0.00000E+00
 4.10000E+01	 0.00000E+00	 0.00000E+00
 4.20000E+01	 0.00000E+00	 0.00000E+00
 4.20000E+01	 0.00000E+00	 0.00000E+00
 4.30000E+01	 0.00000E+00	 0.00000E+00
 4.30000E+01	 0.00000E+00	 0.00000E+00
 4.40000E+01	 0.00000E+00	 0.00000E+00
 4.40000E+01	 0.00000E+00	 0.00000E+00
 4.50000E+01	 0.00000E+00	 0.00000E+00
 4.50000E+01	 0.00000E+00	 0.00000E+00
 4.60000E+01	 0.00000E+00	 0.00000E+00
 4.60000E+01	 0.00000E+00	 0.00000E+00
 4.70000E+01	 0.00000E+00	 0.00000E+00
 4.70000E+01	 0.00000E+00	 0.00000E+00
 4.80000E+01	 0.00000E+00	 0.00000E+00
 4.80000E+01	 0.00000E+00	 0.00000E+00
 4.90000E+01	 0.00000E+00	 0.00000E+00
 4.90000E+01	 0.00000E+00	 0.00000E+00
 5.00000E+01	 0.00000E+00	 0.00000E+00
 5.00000E+01	 0.00000E+00	 0.00000E+00
 5.10000E+01	 0.00000E+00	 0.00000E+00
 5.10000E+01	 0.00000E+00	 0.00000E+00
 5.20000E+01	 0.00000E+00	 0.00000E+00
 5.20000E+01	 0.00000E+00	 0.00000E+00
 5.30000E+01	 0.00000E+00	 0.00000E+00
 5.30000E+01	 0.00000E+00	 0.00000E+00
 5.40000E+01	 0.00000E+00	 0.00000E+00
 5.40000E+01	 0.00000E+00	 0.00000E+00
 5.50000E+01	 0.00000E+00	 0.00000E+00
 5.50000E+01	 0.00000E+00	 0.00000E+00
 5.60000E+01	 0.00000E+00	 0.00000E+00
 5.60000E+01	 0.00000E+00	 0.00000E+00
 5.70000E+01	 0.00000E+00	 0.00000E+00
 5.70000E+01	 0.00000E+00	 0.00000E+00
 5.80000E+01	 0.00000E+00	 0.00000E+00
 5.80000E+01	 0.00000E+00	 0.00000E+00
 5.90000E+01	 0.00000E+00	 0.00000E+00
 5.90000E+01	 0.00000E+00	 0.00000E+00
 6.00000E+01	 0.00000E+00	 0.00000E+00
