 probability of flux obtained by MIEKE
           1           1
           1          14          14  5.9782011E+09
  5.6237932E+09  0.0000000E+00  0.0000000E+00
  5.6491080E+09  1.6483442E-07  1.6483442E-07
  5.6744228E+09  1.4732076E-05  1.4732076E-05
  5.6997376E+09  6.7909720E-04  6.7909720E-04
  5.7250524E+09  1.2814105E-02  1.2814105E-02
  5.7503672E+09  9.4077334E-02  9.4077334E-02
  5.7756820E+09  0.2893787      0.2893787    
  5.8009974E+09  0.3456828      0.3456828    
  5.8263122E+09  0.2057540      0.2057540    
  5.8516270E+09  4.7035277E-02  4.7035277E-02
  5.8769418E+09  4.3933527E-03  4.3933527E-03
  5.9022566E+09  1.6792507E-04  1.6792507E-04
  5.9275715E+09  2.4313076E-06  2.4313076E-06
  5.9528863E+09  2.0604302E-08  2.0604302E-08
