$SPEC_ID:
Pulser
$SPEC_REM:
DET# 2
DETDESC# DETECTOR 2
AP# GammaVision Version 7.01.03
$DATE_MEA:
03/30/2017 06:56:31
$MEAS_TIM:
26879 27155
$DATA:
0 8191
       0
       0
       0
       0
       0
       0
       0
       0
       0
       0
       0
       0
       0
       0
       0
       0
       0
       0
       0
       0
       0
       0
       0
    1468
   58039
   57939
   33304
   30803
   30427
   35077
   54954
  100486
  153215
  168005
  131304
   82938
   57072
   63239
  110893
  223622
  370412
  428176
  328743
  177069
   81153
   47109
   49892
   71702
   89967
   84523
   65158
   46948
   35511
   29297
   25915
   24744
   24456
   24542
   24791
   26029
   27339
   28889
   30953
   36295
   47318
   52436
   43830
   30990
   24020
   22844
   21693
   21292
   20888
   20149
   19998
   19910
   19651
   19422
   19375
   19586
   19297
   19184
   18858
   18371
   18211
   18074
   17831
   17769
   17582
   17272
   17371
   16776
   17083
   16742
   16954
   16693
   16841
   17019
   17128
   17300
   17256
   17199
   17502
   17377
   17891
   18034
   18488
   19257
   19478
   19794
   19808
   19639
   19937
   20263
   20537
   20810
   21332
   21226
   21867
   22123
   22651
   23074
   23179
   23514
   23710
   23803
   24109
   24342
   24785
   25012
   25319
   27056
   34121
   53328
   78309
   87438
   68509
   44655
   31694
   28687
   28741
   29118
   30132
   31267
   32479
   34239
   37145
   41619
   45293
   46227
   43537
   41647
   40937
   41676
   41976
   42250
   43637
   44004
   45183
   47032
   48350
   49280
   49864
   50822
   51121
   51179
   52272
   53066
   53472
   54713
   56040
   57596
   59916
   61869
   64153
   65736
   68435
   70689
   73381
   75124
   80275
   91087
  120468
  168167
  198308
  178479
  137520
  133366
  188089
  258684
  261588
  189963
  116615
   82114
   72878
   71672
   71613
   71890
   71159
   70741
   70266
   68904
   69412
   75200
   86706
   98580
  102387
   95143
   84144
   78911
   97207
  167078
  279085
  355970
  326359
  222109
  126511
   75065
   58384
   59631
   66976
   69774
   65317
   58848
   62317
   89403
  143644
  194387
  194598
  143463
   89664
   63873
   66704
   93470
  150245
  228484
  303311
  374371
  479661
  559431
  511258
  349995
  193542
  107707
   76256
   90463
  195972
  440731
  743004
  865437
  691640
  388389
  165441
   66846
   38414
   32729
   34383
   41104
   47363
   47999
   41531
   35484
   34445
   42809
   59249
   79856
   95354
   96965
   81615
   61120
   47389
   45740
   54320
   73703
  105017
  137607
  159553
  172340
  197789
  245083
  298267
  317753
  274726
  189443
  109047
   65545
   56095
   70491
  100181
  127003
  130491
  109216
   79741
   55139
   39918
   32098
   29050
   27538
   26906
   26424
   26373
   26390
   28016
   33500
   42827
   51666
   52532
   44137
   34204
   27785
   25705
   25103
   24955
   25543
   26014
   26587
   26740
   26379
   25542
   25379
   25127
   24545
   24963
   24917
   24724
   24646
   24414
   24345
   24321
   24051
   23931
   23905
   23423
   23601
   23251
   22964
   23416
   23364
   23272
   22851
   22858
   22701
   23457
   23066
   22666
   21784
   20587
   20050
   19856
   19448
   19151
   18893
   18951
   19921
   21904
   23647
   23482
   22067
   21132
   28693
   62196
  142838
  257630
  332643
  307594
  204055
   99215
   40407
   19982
   15353
   14460
   13917
   13548
   13181
   12848
   12906
   12608
   12426
   12584
   13031
   13543
   14169
   13715
   13048
   12123
   11566
   11402
   11206
   10909
   10976
   10732
   10903
   10695
   10517
   10362
   10373
   10223
   10162
    9941
    9835
    9873
    9873
    9762
    9752
    9747
    9682
    9748
   10130
   13380
   26288
   60104
  114984
  165804
  174811
  135395
   76892
   34399
   15610
   10015
    8834
    8675
    8748
    8873
    8683
    8546
    8651
    8729
    8426
    8486
    8481
    8356
    8355
    8451
    8029
    8272
    8259
    8363
    8553
    8570
    8483
    8830
    8929
    8820
    8787
    8537
    8043
    7743
    7445
    7159
    7177
    7065
    7337
    7309
    7351
    7317
    7000
    6951
    7678
    9668
   13677
   18352
   21120
   20824
   21521
   45039
  158712
  478821
 1063194
 1720049
 2039791
 1776322
 1120097
  501975
  157832
   34572
    6666
    2371
    1958
    1909
    1724
    1646
    1680
    1573
    1657
    1602
    1531
    1527
    1738
    2695
    5741
   11371
   18925
   23856
   22313
   16054
    8540
    3744
    1946
    1422
    1610
    2034
    2527
    2974
    2902
    2338
    2287
    3590
    8594
   18021
   30901
   39434
   37873
   27721
   16785
   15660
   33807
   76353
  133891
  176813
  174118
  126877
   67739
   25624
    7343
    1763
     684
     572
     567
     638
     574
     577
     586
     566
     554
     539
     533
     539
     539
     547
     535
     656
     914
    1255
    1478
    1532
    1313
    1004
     922
    1229
    1611
    1895
    1764
    1486
     976
     769
     974
    1712
    2838
    4026
    4487
    3996
    2685
    1500
     807
     505
     407
     480
     427
     422
     423
     458
     461
     444
     443
     504
     526
     559
     580
     662
     564
     516
     485
     451
     417
     393
     429
     598
     845
    1156
    1377
    1318
    1110
     890
     793
     969
    1076
    1098
    1048
     786
     575
     502
     414
     449
     505
     663
    1054
    1658
    2383
    2767
    2423
    1839
    1153
     656
     496
     456
     390
     344
     369
     386
     548
     859
    1340
    1858
    2029
    1898
    1441
    1011
     542
     439
     410
     412
     388
     425
     414
     376
     349
     346
     360
     371
     375
     374
     379
     425
     426
     454
     504
     567
     548
     535
     495
     456
     398
     408
     399
     428
     413
     427
     452
     439
     379
     322
     331
     343
     313
     258
     308
     287
     319
     339
     341
     378
     442
     484
     495
     487
     460
     407
     493
     526
     657
     727
     718
     706
     686
     698
     695
     575
     475
     419
     386
     354
     470
     629
     739
     947
     985
     909
     672
     501
     426
     455
     476
     619
     591
     632
     592
     485
     469
     402
     410
     412
     434
     450
     461
     555
     501
     516
     479
     384
     301
     268
     267
     301
     280
     251
     215
     226
     217
     242
     343
     370
     466
     466
     571
     724
     793
     846
     742
     618
     468
     336
     333
     354
     366
     406
     485
     429
     419
     366
     303
     243
     211
     235
     251
     276
     313
     412
     413
     359
     395
     328
     334
     303
     294
     300
     276
     248
     222
     198
     210
     159
     176
     137
     145
     162
     145
     149
     158
     163
     166
     171
     184
     207
     230
     261
     252
     225
     215
     193
     192
     188
     199
     158
     146
     157
     134
     157
     169
     170
     182
     142
     150
     142
     153
     143
     132
     150
     144
     172
     147
     163
     142
     156
     155
     161
     203
     225
     241
     237
     187
     178
     159
     165
     148
     135
     152
     159
     172
     181
     211
     189
     259
     241
     252
     219
     195
     151
     114
     135
     133
     132
     132
     148
     139
     150
     153
     140
     137
     123
     158
     139
     143
     178
     177
     190
     193
     152
      97
     142
     127
     116
     125
     124
     118
     159
     120
     152
     156
     270
     361
     530
     779
     940
     996
     850
     583
     353
     210
     157
     121
     139
     148
     228
     296
     440
     521
     660
     687
     684
     523
     297
     255
     164
     120
     117
     152
     130
     155
     162
     166
     149
     126
     136
     109
      85
     103
     101
      97
     104
      96
      91
      98
     122
     115
     123
     119
     111
     129
     129
     112
     110
     112
     130
     121
     128
     154
     174
     181
     182
     171
     179
     143
     150
     157
     184
     175
     157
     149
     128
     115
     100
      84
      73
      78
      69
      70
      74
      70
      97
      90
      87
      80
      87
      93
      93
      63
      71
      81
      69
      75
      74
      69
      73
      75
      83
      98
      88
      67
      88
      86
      98
     105
      79
     146
     170
     192
     278
     342
     321
     271
     231
     145
     135
      90
      85
      86
      75
      77
      70
      66
      75
      67
      61
      71
      55
      55
      88
      66
      63
      75
      65
      69
      81
      73
      67
      82
      68
      73
      88
      89
     134
     121
     182
     237
     187
     182
     152
     115
     129
     126
     129
     156
     141
     117
     114
      90
      74
      67
      77
      76
      77
      79
      92
      94
     121
     103
      99
      85
      59
      66
      69
      73
      72
      67
      59
      53
      68
      59
      71
      59
      62
      70
      60
      61
      55
      56
      58
      67
      61
      61
      64
      59
      64
      72
      59
      77
      58
      60
      63
      69
      55
      63
      57
      80
      97
      74
      87
      84
      99
     106
     108
      88
      71
      83
      78
      73
      78
      69
      78
      69
      68
      62
      76
      82
      74
      50
      54
      74
      66
      63
      52
      51
      57
      45
      63
      60
      56
      61
      69
      63
      69
      66
      57
      58
      54
      59
      60
      69
      52
      61
      79
      78
      88
      87
      81
      69
      74
      62
      69
      61
      65
      74
      77
      58
      73
      60
      53
      59
      65
      59
      74
      72
      71
      67
      56
      49
      71
      78
      75
      77
      62
      57
      65
      66
      62
      57
      77
      58
      74
      65
      66
      60
      78
      59
      57
      67
      71
      56
      60
      71
      60
      69
      59
      50
      61
      56
      55
      65
      51
      80
      62
      64
      51
      78
      68
      58
      62
      48
      57
      46
      54
      63
      53
      76
      61
      71
      66
      67
      57
      62
      65
      46
      50
      55
      59
      65
      56
      59
      44
      57
      67
      65
      55
      58
      55
      53
      68
      52
      57
      50
      43
      61
      50
      43
      49
      70
      44
      54
      46
      52
      52
      64
      44
      45
      52
      54
      54
      44
      46
      55
      41
      42
      51
      55
      48
      68
      47
      53
      38
      43
      46
      38
      38
      54
      34
      47
      59
      48
      53
      46
      48
      54
      56
      38
      48
      45
      45
      44
      46
      60
      44
      55
      51
      42
      44
      47
      69
      49
      62
      59
      54
      54
      61
      77
      82
     111
     111
     132
     124
     115
     102
      98
      81
      85
      64
      69
      36
      54
      57
      51
      38
      52
      46
      49
      39
      50
      49
      46
      50
      47
      55
      50
      45
      43
      48
      51
      54
      31
      43
      41
      47
      40
      30
      42
      46
      32
      48
      44
      47
      51
      50
      36
      44
      45
      31
      47
      32
      41
      41
      52
      42
      41
      45
      43
      46
      50
      36
      42
      30
      28
      39
      46
      44
      34
      43
      50
      49
      39
      42
      54
      49
      38
      34
      54
      37
      35
      40
      34
      36
      44
      36
      39
      42
      40
      33
      30
      47
      40
      42
      41
      39
      37
      38
      34
      33
      38
      28
      45
      42
      32
      39
      27
      50
      53
      41
      30
      41
      36
      38
      38
      34
      39
      40
      36
      29
      51
      30
      44
      38
      40
      40
      41
      42
      29
      41
      36
      43
      25
      35
      33
      35
      41
      41
      38
      42
      34
      36
      34
      35
      40
      43
      31
      45
      35
      45
      43
      43
      47
      41
      38
      35
      42
      31
      36
      37
      39
      34
      36
      35
      46
      42
      41
      43
      28
      40
      35
      34
      48
      40
      44
      46
      43
      50
      40
      40
      38
      32
      46
      44
      32
      41
      50
      41
      36
      41
      26
      44
      41
      33
      34
      43
      26
      28
      34
      23
      53
      44
      26
      37
      37
      28
      38
      33
      34
      25
      33
      45
      39
      37
      26
      48
      38
      39
      38
      35
      46
      40
      33
      35
      28
      35
      39
      43
      34
      38
      37
      32
      33
      40
      33
      41
      27
      36
      41
      37
      34
      49
      39
      44
      52
      68
      93
     122
     153
     173
     244
     259
     226
     191
     160
      91
      61
      42
      49
      39
      34
      36
      36
      40
      32
      35
      36
      29
      31
      29
      41
      42
      41
      32
      28
      31
      36
      43
      36
      27
      36
      24
      45
      29
      31
      32
      40
      24
      37
      32
      49
      43
      35
      24
      44
      33
      28
      33
      34
      28
      31
      36
      37
      30
      30
      27
      38
      38
      36
      37
      41
      35
      29
      33
      14
      33
      32
      34
      36
      29
      39
      29
      28
      35
      36
      29
      25
      32
      35
      26
      29
      34
      30
      30
      32
      37
      37
      33
      20
      41
      29
      41
      34
      28
      43
      35
      29
      33
      27
      28
      38
      35
      28
      25
      29
      39
      22
      36
      36
      37
      32
      24
      27
      29
      35
      29
      37
      32
      24
      34
      35
      47
      29
      53
      69
      84
      97
     182
     251
     349
     505
     576
     690
     747
     672
     568
     406
     294
     165
     104
      69
      43
      47
      54
      32
      34
      39
      33
      26
      36
      19
      28
      23
      30
      36
      38
      33
      37
      26
      31
      22
      32
      22
      31
      33
      23
      31
      33
      31
      26
      31
      31
      21
      23
      21
      29
      19
      24
      35
      32
      38
      30
      22
      28
      30
      29
      36
      30
      31
      22
      21
      26
      21
      20
      21
      27
      27
      15
      25
      19
      28
      24
      27
      20
      28
      28
      31
      32
      22
      34
      33
      27
      37
      26
      28
      37
      26
      29
      33
      30
      38
      31
      33
      27
      28
      31
      30
      32
      32
      35
      37
      26
      34
      30
      29
      40
      38
      28
      41
      31
      20
      38
      25
      30
      27
      41
      46
      24
      35
      32
      29
      32
      31
      31
      28
      23
      25
      24
      26
      39
      43
      34
      26
      25
      23
      16
      21
      34
      28
      22
      18
      33
      22
      24
      24
      20
      33
      30
      36
      30
      23
      30
      20
      31
      33
      28
      29
      19
      17
      26
      24
      27
      21
      24
      27
      27
      27
      27
      24
      21
      26
      33
      20
      24
      33
      18
      33
      22
      37
      24
      35
      29
      35
      32
      28
      30
      22
      21
      23
      25
      21
      30
      28
      22
      26
      20
      34
      30
      21
      26
      29
      26
      37
      32
      27
      32
      29
      37
      37
      26
      27
      38
      29
      22
      32
      29
      39
      27
      23
      22
      32
      23
      28
      23
      29
      31
      24
      20
      33
      29
      20
      19
      27
      17
      16
      26
      29
      31
      21
      27
      34
      28
      29
      21
      23
      21
      20
      25
      27
      25
      22
      30
      24
      28
      16
      24
      21
      27
      34
      28
      39
      39
      33
      48
      60
      64
      83
      82
      64
      64
      72
      55
      39
      51
      39
      45
      43
      31
      23
      31
      29
      28
      27
      26
      27
      27
      34
      19
      20
      20
      20
      33
      29
      27
      17
      23
      14
      22
      19
      24
      23
      34
      22
      30
      29
      37
      17
      31
      22
      21
      28
      30
      30
      23
      26
      33
      26
      27
      32
      30
      29
      28
      23
      30
      25
      21
      24
      24
      27
      24
      25
      19
      19
      26
      26
      29
      24
      24
      28
      21
      27
      28
      24
      24
      22
      12
      23
      29
      24
      22
      22
      23
      24
      17
      18
      36
      27
      25
      37
      20
      33
      26
      31
      33
      28
      24
      32
      32
      15
      14
      30
      23
      35
      37
      24
      21
      26
      20
      19
      21
      16
      18
      18
      24
      30
      23
      30
      30
      18
      25
      24
      29
      35
      20
      35
      25
      25
      25
      26
      19
      24
      13
      17
      26
      19
      15
      30
      19
      18
      27
      27
      19
      28
      21
      22
      24
      22
      24
      13
      22
      27
      26
      17
      17
      29
      31
      38
      36
      38
      35
      39
      46
      51
      31
      51
      35
      39
      32
      31
      16
      27
      18
      15
      34
      26
      26
      26
      24
      36
      20
      33
      24
      26
      27
      22
      27
      23
      30
      22
      15
      28
      28
      22
      15
      20
      36
      17
      27
      24
      23
      22
      21
      21
      26
      17
      14
      25
      16
      27
      25
      23
      18
      13
      21
      23
      32
      18
      15
      21
      21
      32
      24
      27
      25
      22
      18
      21
      18
      30
      17
      23
      21
      28
      17
      26
      19
      23
      16
      19
      26
      21
      20
      24
      21
      15
      23
      17
      21
      13
      25
      21
      31
      19
      21
      19
      24
      13
      26
      21
      17
      25
      26
      29
      14
      13
      19
      21
      16
      22
      20
      14
      21
      22
      20
      22
      35
      22
      20
      18
      35
      20
      15
      21
      29
      27
      23
      20
      23
      30
      19
      21
      20
      29
      20
      24
      23
      16
      23
      20
      16
      16
      18
      20
      21
      19
      15
      17
      19
      25
      15
      15
      19
      20
      23
      19
      19
      13
      21
      28
      14
      15
      26
      27
      23
      15
      23
      27
      21
      22
      23
      15
      12
      18
      25
      24
      26
      19
      20
      23
      19
      14
      15
      13
      25
      17
      23
      21
      20
      13
      19
      18
      16
       8
       8
      28
      25
      20
      21
      24
      17
      26
      18
      19
      23
      20
      14
      26
      13
      14
      18
      12
      21
      21
      14
      18
      16
      24
      16
      12
      15
      21
      17
      16
      16
      15
      20
      19
      17
      16
      25
      16
      13
      18
      23
      26
      21
      21
      31
      18
      18
      18
      22
      18
      21
      26
      24
      22
      19
      16
      13
      12
      22
      15
       7
      19
      21
      16
      24
      20
      19
      22
      17
      13
      30
      28
      15
      23
      28
      11
      14
      23
      13
      17
      23
      16
      16
      13
      13
      19
      19
      19
      20
      13
      20
      20
      27
      21
      21
      23
      16
      19
      18
      26
      22
      24
      16
      17
      14
      12
      16
      25
      15
      20
      19
      13
      20
      19
      19
      20
      18
      18
      11
      18
      22
      14
      14
      12
      15
      15
      28
      13
      16
      17
      15
      11
       9
      27
      16
      20
      11
      11
      14
      15
      16
      11
      16
      13
      17
      16
      19
      20
      13
      26
      17
      14
      20
      15
      15
      17
      17
      16
      22
      21
      21
      19
      23
      23
      17
      11
      21
      13
      21
      11
      13
      22
      22
      15
      10
       8
      20
      19
      14
      17
      19
      19
      13
      10
      16
      11
      14
      16
      17
      16
       8
      19
      16
       9
      10
      16
      17
      23
      19
      17
      14
      15
      14
      12
      14
      16
      14
      19
      13
      17
      12
      18
      18
      16
      15
      18
      10
      13
      20
      20
      24
      16
      23
      27
      21
      22
      22
      24
      28
      32
      39
      36
      59
      58
      57
      56
      73
      60
      40
      40
      40
      29
      22
      19
       8
      17
      13
      14
      19
      19
      15
      15
      12
      19
      16
      18
      20
      12
       7
      18
      21
      14
      16
      14
      18
      19
      16
       8
      15
      15
      13
      11
      23
      11
      21
      16
      14
      23
      22
      15
      18
      11
      11
      17
      13
      17
      16
      14
      21
      23
      13
      20
      13
      10
      22
      11
      12
      15
      21
       7
      19
      18
      11
      12
      18
      16
      10
      18
      16
      18
      23
      20
      22
      19
       9
      13
      13
       9
      14
      14
      12
      13
      19
      17
       8
      13
      20
      16
      11
       9
      11
      11
      20
       8
       8
      15
      10
      14
       9
      16
      15
      10
      12
      17
      14
      12
      18
      12
      11
       7
      11
      18
      18
       9
      13
       7
      10
      13
      15
      12
      10
      19
      15
      16
      15
      16
      15
       7
      12
      19
      22
      14
      12
      12
      12
      18
      13
      17
      16
      21
      10
      16
      12
      13
       8
      15
       8
      15
      14
      24
      17
      14
      19
      15
       8
      10
      14
      20
      20
      14
      16
      16
      16
      10
      11
      10
      15
      13
      13
      15
      15
      17
      15
       6
      13
      10
      14
       5
      10
      12
      14
      14
      13
      14
      13
      12
      11
      10
       8
      13
      10
      15
      11
      18
      15
      14
      13
      12
      14
      19
      17
      16
       8
      11
      16
       7
      10
       9
       9
      13
      11
      10
       9
      11
      15
      11
      15
      13
      16
      10
      12
      15
       9
      10
      15
      18
      12
       9
      15
      13
      14
      20
       3
      11
      16
      13
      11
      12
      16
      17
      15
      13
      13
       8
      14
      12
       7
      14
      13
       9
      14
      14
      14
       9
       6
      17
      13
      16
      21
      10
      10
      13
      13
       9
      13
       7
       9
      13
      14
      14
      15
      10
      18
       9
      18
      13
       9
      13
      11
      12
      16
      13
      12
       8
       8
      12
      17
      17
      20
      17
      28
      32
      25
      40
      43
      32
      36
      37
      32
      38
      24
      26
      17
      17
      20
      16
      10
      17
       7
      10
       8
      14
      11
       9
      17
      11
       9
      11
      11
      10
      11
      13
      13
      13
      14
      16
       6
       9
      11
      13
       7
      13
      13
      12
      10
      11
      11
      13
      10
       9
       6
       8
      11
      15
      12
      13
      11
      13
      17
      14
      17
       8
      12
      15
      14
      10
      12
       9
      13
      13
       8
      13
      16
       5
      10
      13
      15
       6
       8
       8
       5
      10
      12
      10
      15
       9
      17
      12
       8
      11
      13
      13
      11
      18
      16
      17
      11
      12
      15
      10
      13
      17
      11
      15
      14
       8
       8
      12
      17
      10
       5
      10
      14
      11
      17
      10
      12
      11
       8
      11
       7
      12
      13
      11
      12
      15
      10
       8
       5
       4
      14
       8
      13
      10
      10
      12
       8
       7
       6
      17
       9
      13
      13
       8
       9
       7
      14
      15
      14
      12
       4
      11
       3
       9
      11
      13
      13
       9
      11
      12
      14
      18
      13
      14
       9
      11
       9
       8
       9
      12
      12
       9
       9
       7
       8
      10
      10
      13
      12
      11
      15
      16
       8
       7
       8
       8
       8
      11
       7
      11
       5
      10
      12
      14
      12
      11
      14
       5
      10
      12
       9
       9
       5
       8
      13
      12
       9
      16
      13
      13
      12
       7
      13
      13
       9
      10
      18
       9
      11
      13
      15
      13
       9
       7
       9
      10
       7
       9
       7
      12
       9
      10
      11
       7
      11
      10
      12
      11
      12
      10
      10
      14
       4
      11
       8
       6
       6
       9
       9
      15
      11
       9
       8
      12
      11
      13
       8
       2
       6
       8
       4
       8
       6
      17
       5
       7
       8
       7
       6
       9
      13
      10
      11
      13
       5
      12
      13
       6
       7
      17
       6
       6
      12
      12
      12
      10
       8
       7
      10
      12
      14
      11
       9
      16
      17
      16
      19
      10
      11
      18
      20
      17
      21
      18
      25
      25
      12
      10
      14
      12
      11
      11
      12
       8
       5
      10
       8
      11
      12
      14
       8
       9
      11
       6
       9
       7
      11
      13
      11
       8
      11
      11
       4
      13
       8
      10
      10
      10
      10
      16
       7
       9
      12
      12
       8
      11
      14
       7
      15
       4
      11
      11
       7
      10
      14
      12
       9
      20
       7
       8
       8
       8
       7
       9
      11
      10
       7
       4
       5
       7
       9
       9
       4
       5
       9
      14
       5
       8
       7
       4
       1
       5
      12
       5
      15
       5
      11
       5
       5
       8
      10
       5
       5
      11
       6
       8
       7
       7
       7
       7
       8
       5
       9
       6
      12
       8
      10
       8
      10
       6
       8
       9
       9
       5
      11
      10
      10
      15
       6
       7
       7
       7
       7
       4
       6
      11
      11
       0
      10
       7
       5
      10
      10
       4
       3
       8
      10
       2
       6
       6
       9
      14
       7
       6
       6
       6
       6
       7
       9
      11
       5
      14
      12
       8
       7
       7
       6
       4
       8
       6
      10
       7
       3
       6
       9
       7
      11
       3
      10
      10
      10
       5
       5
       7
       6
       6
       8
       3
      10
       4
       7
       6
      10
      12
       4
      10
      10
       9
       6
       6
       6
       5
       8
       7
       8
       7
       5
       7
      11
      12
       6
       3
       8
       8
      12
       8
       7
      10
       3
       5
      11
       6
       6
       6
       7
       7
       9
       5
       7
       6
       8
       3
       8
       4
       3
       6
       7
       8
       5
       8
      11
       5
       3
       9
       5
       5
       7
      14
       5
      12
       2
      11
       6
       3
       5
      10
       7
       4
       2
      11
       7
       8
       6
       9
       7
       9
       5
       7
       8
      10
       7
       7
       8
       3
       7
       5
       7
       5
       7
      10
      10
       9
       5
       9
      13
       6
       9
       3
       6
       7
       6
       9
       7
       7
       7
      10
       5
       7
       5
       4
       3
       2
       3
       5
       3
       4
       3
       5
       8
       6
       6
       6
       6
       7
       5
       9
       5
       5
       4
       3
       9
       4
       6
       7
       9
       7
       7
       6
       6
      10
       8
       8
      10
       4
       8
       6
       6
       5
       2
       7
       4
       8
       5
       6
       8
       8
       9
       9
       6
       6
      10
      14
       6
       9
       9
       7
       6
      11
       9
      13
      13
      12
       9
      12
      13
      12
      15
       9
      10
       6
       8
       8
       8
       3
       8
       6
       7
       9
       7
       2
       4
      14
       9
       8
       9
      12
       6
       8
       3
       4
       4
      10
       5
       4
       6
       7
       7
       6
       8
       9
       7
       8
       2
       6
       6
       8
       5
      10
      12
       6
       2
       7
       4
       7
       7
       6
       6
      10
       3
       9
       9
       5
       6
       5
      11
       5
      12
       6
       4
       9
       6
       6
      12
       6
      10
       8
       6
       9
      13
       5
      10
      10
      15
       5
      14
       4
       5
       7
       8
       4
       6
       6
       4
       6
       1
       2
       5
       4
       4
       3
       3
       4
       8
       4
       6
      11
       6
       0
       3
       7
       8
       5
       4
       4
       5
       5
       5
       5
       6
       3
       4
       3
       9
       5
       7
       5
       1
       7
       3
       4
       4
       3
       3
       6
       5
       5
       5
       4
       6
       3
       8
       7
       2
       5
       0
       8
       9
       6
       5
       7
       4
       8
       5
       5
       5
       5
       5
       3
       5
       5
       2
       2
      10
       4
       3
       3
       8
       8
       4
       6
       4
       6
       6
       5
       3
       2
       2
       8
       4
       7
       4
       3
       7
       5
       7
       4
       9
       5
      10
       2
       5
       4
       1
       1
       7
       4
       7
       9
       4
       4
       7
       5
       7
      11
       5
       6
       4
       2
       8
      12
      11
      12
       6
       7
      11
      15
       9
       1
       2
       5
       6
       4
       4
      10
       5
       4
       5
       7
       2
       3
       4
       4
       8
       4
       6
       4
       6
      10
       8
       3
       3
       5
       8
       8
       3
       6
       7
       6
       5
       8
       1
       3
      12
       1
       2
       2
       5
       3
       4
       1
       1
       2
       3
       4
       3
       8
       4
       5
       4
       5
       4
       7
       6
       0
       2
       5
       8
       3
       4
       3
       2
       5
       4
       5
       2
       4
       5
       2
       7
       3
       3
       4
       7
       5
       3
       7
       6
       3
       2
       4
       4
       9
       5
       8
       7
       5
       2
       3
       4
       5
       2
       4
       2
       5
       6
       9
      10
       4
       4
       4
       5
      12
       6
       7
       3
       9
      11
       4
       7
       5
       4
       8
       7
       8
       7
       7
       5
       5
      14
       8
       9
       3
       4
       3
       2
       8
       3
       4
       5
       2
       3
       5
       3
       4
       7
       4
       3
       3
       3
       2
       5
       4
       5
       5
       6
       2
       2
       2
       4
       1
       4
       5
       9
       5
       3
       8
       2
       4
       6
       5
       6
       5
       4
       5
       8
       5
       7
       8
       5
       4
       8
       3
       4
       5
       3
       5
       9
       4
       3
       2
       3
       8
       3
       6
       4
       5
       4
       5
       5
       6
       5
       4
       6
       4
       6
       5
       4
       3
       4
       6
       5
       3
       2
       1
       6
       3
       5
       4
       3
       6
       3
       3
       2
       3
       4
       1
       4
       5
       5
       3
       2
       1
       5
       3
       3
       6
       4
       2
       8
       1
       5
       6
       6
       2
       3
       2
       6
       2
       3
       4
       1
       4
       5
       4
       5
       3
       3
       3
       6
       1
       4
       3
       6
       4
       2
       4
       1
       4
       3
       3
       4
       1
       4
       3
       2
       4
       6
       5
       4
       3
       3
       6
       2
       2
       3
       4
       2
       6
       3
       5
       9
       0
       2
       3
       6
       2
       3
       2
       2
       1
       5
       2
       8
       2
       0
       2
       7
       1
       3
       3
       4
       5
       4
       4
       4
       4
       4
       5
       2
       5
       6
       1
       5
       2
       3
       6
       5
       4
       4
       3
       6
       7
       5
      10
       0
       2
       3
       4
       3
       2
       5
       2
       1
       6
       4
       5
       5
       4
       2
       4
       4
       3
       7
       4
       5
       4
       3
       1
       3
       1
       3
       8
       2
       1
       2
       4
       3
       3
       4
       2
       2
       0
       3
       2
       1
       1
       3
       4
       2
       2
       7
       2
       6
       1
       1
       1
       1
       2
       1
       3
       3
       2
       3
       3
       6
       4
       8
       1
      11
       5
       1
       3
       3
       3
       1
       0
       3
       4
       1
       1
       1
       2
       3
       2
       2
       2
       3
       2
       2
       5
       2
       5
       3
       5
       3
       2
       2
       3
       3
       2
       2
       6
       2
       4
       2
       1
       4
       4
       3
       0
       2
       2
       2
       3
       0
       2
       3
       2
       1
       8
       4
       3
       3
       3
       2
       3
       2
       3
       5
       1
       0
       3
       1
       0
       6
       2
       2
       5
       3
       2
       2
       0
       3
       3
       2
       2
       3
       2
       6
       7
       2
       5
       1
       0
       0
       3
       5
       1
       0
       3
       3
       3
       2
       4
       5
       1
       6
       4
       3
       1
       1
       3
       3
       3
       4
       4
       9
       5
       6
       3
       3
       2
       4
       0
       2
       6
       3
       5
       3
       1
       3
       2
       5
       5
       2
       6
       3
       3
       1
       6
       3
       1
       2
       4
       2
       3
       1
       3
       1
       3
       3
       2
       2
       6
       1
       5
       1
       4
       0
       0
       3
       5
       3
       1
       3
       2
       4
       5
       3
       3
       3
       2
       3
       2
       1
       8
       2
       2
       3
       3
       3
       2
       2
       1
       2
       3
       4
       5
       2
       2
       1
       4
       1
       2
       4
       2
       3
       3
       7
       0
       1
       2
       4
       5
       4
       1
       3
       4
       5
       4
       4
       2
       2
       3
       3
       0
       3
       5
       2
       3
       2
       5
       1
       2
       2
       1
       2
       4
       3
       3
       1
       2
       4
       2
       3
       0
       2
       2
       3
       1
       2
       2
       4
       1
       2
       3
       1
       4
       3
       0
       3
       1
       2
       2
       1
       3
       3
       5
       2
       4
       1
       0
       2
       1
       2
       0
       2
       3
       1
       0
       7
       3
       0
       1
       3
       4
       2
       5
       6
       2
       4
       2
       6
       3
       5
       6
       4
       2
       6
       3
       4
       3
       2
       1
       8
       6
       5
       5
       5
       4
       3
       2
       1
       3
       4
       0
       0
       3
       4
       3
       1
       5
       3
       6
       1
       2
       1
       2
       1
       1
       0
       1
       4
       1
       2
       2
       2
       1
       3
       3
       3
       0
       1
       1
       1
       0
       2
       7
       3
       0
       3
       0
       0
       5
       2
       0
       4
       3
       3
       0
       3
       3
       2
       3
       3
       2
       1
       2
       7
       3
       5
       6
       0
       5
       4
       3
       2
       3
       8
       6
       8
      13
      11
      19
      12
      11
      18
      20
      22
      15
      12
      11
      22
      15
       6
      11
       7
       7
       5
       5
       5
       3
       3
       3
       1
       5
       1
       3
       3
       1
       0
       4
       3
       2
       1
       1
       2
       3
       2
       1
       0
       3
       3
       5
       3
       3
       3
       1
       2
       3
       1
       2
       1
       1
       0
       1
       2
       2
       2
       2
       2
       2
       2
       1
       2
       2
       2
       2
       1
       4
       2
       2
       1
       1
       6
       5
       3
       1
       3
       3
       3
       2
       1
       1
       3
       1
       2
       3
       4
       1
       3
       2
       3
       0
       2
       0
       0
       0
       1
       1
       0
       4
       1
       0
       1
       3
       1
       3
       1
       1
       0
       1
       2
       0
       1
       3
       0
       2
       2
       4
       0
       2
       2
       2
       3
       2
       0
       4
       0
       1
       1
       3
       1
       1
       1
       5
       3
       3
       2
       4
       2
       1
       0
       2
       1
       3
       1
       3
       1
       2
       1
       1
       0
       2
       3
       1
       4
       0
       1
       3
       3
       1
       1
       2
       3
       3
       2
       4
       3
       0
       1
       2
       2
       3
       1
       5
       0
       2
       3
       3
       4
       2
       2
       1
       6
       2
       2
       1
       5
       3
       5
       1
       4
       1
       4
       3
       1
       1
       1
       2
       3
       1
       4
       3
       1
       1
       2
       0
       4
       0
       0
       2
       5
       5
       6
       2
       2
       3
       3
       1
       5
       2
       6
       0
       0
       2
       4
       1
       4
       0
       2
       4
       3
       1
       1
       4
       1
       1
       3
       7
       1
       2
       5
       1
       3
       1
       1
       1
       5
       2
       2
       4
       1
       1
       1
       4
       0
       1
       0
       0
       3
       2
       3
       1
       2
       1
       0
       1
       3
       3
       6
       5
       3
       3
       3
       3
       3
       1
       3
       2
       6
       1
       2
       2
       3
       3
       2
       2
       0
       3
       2
       5
       0
       3
       1
       5
       1
       2
       3
       1
       1
       2
       0
       2
       1
       0
       3
       0
       6
       2
       0
       1
       3
       0
       4
       2
       0
       1
       1
       0
       2
       1
       0
       1
       2
       0
       2
       3
       2
       1
       2
       1
       0
       4
       2
       3
       0
       2
       1
       3
       3
       5
       1
       1
       3
       0
       1
       2
       2
       1
       0
       2
       1
       2
       3
       2
       0
       1
       3
       1
       4
       2
       3
       0
       5
       1
       2
       0
       0
       2
       2
       1
       2
       2
       4
       0
       2
       0
       1
       2
       3
       3
       1
       1
       1
       1
       2
       3
       2
       1
       0
       1
       1
       0
       1
       3
       0
       2
       2
       2
       2
       3
       0
       0
       1
       1
       2
       1
       1
       2
       2
       1
       2
       2
       4
       2
       5
       1
       1
       0
       0
       1
       0
       3
       2
       1
       0
       1
       1
       0
       0
       1
       3
       0
       2
       2
       1
       3
       2
       0
       2
       4
       1
       2
       2
       1
       1
       2
       1
       1
       2
       3
       2
       4
       1
       0
       0
       2
       0
       3
       0
       0
       1
       0
       0
       2
       2
       1
       1
       1
       1
       4
       2
       2
       1
       3
       4
       3
       1
       3
       2
       0
       0
       3
       2
       5
       2
       2
       1
       1
       1
       1
       4
       1
       1
       3
       1
       0
       2
       2
       0
       1
       1
       4
       0
       0
       3
       0
       0
       1
       3
       1
       0
       2
       1
       0
       0
       1
       1
       2
       0
       1
       1
       1
       6
       2
       3
       1
       1
       0
       1
       1
       2
       4
       2
       1
       1
       1
       1
       2
       1
       2
       1
       3
       2
       0
       0
       1
       0
       4
       0
       2
       2
       5
       3
       4
       2
       0
       2
       4
       1
       0
       2
       1
       2
       0
       0
       0
       1
       0
       1
       2
       1
       4
       1
       1
       2
       1
       1
       1
       5
       2
       0
       0
       2
       1
       0
       1
       1
       3
       1
       1
       3
       0
       2
       1
       3
       0
       4
       0
       1
       1
       1
       2
       0
       2
       1
       3
       3
       2
       3
       2
       1
       1
       0
       2
       3
       4
       1
       1
       2
       2
       0
       1
       1
       1
       2
       5
       3
       2
       1
       5
       1
       4
       1
       1
       0
       3
       2
       1
       1
       4
       2
       2
       1
       2
       1
       1
       1
       2
       2
       2
       1
       1
       1
       0
       3
       2
       2
       2
       2
       1
       0
       0
       4
       1
       0
       2
       0
       1
       0
       2
       2
       2
       1
       2
       0
       1
       0
       2
       1
       1
       1
       1
       1
       3
       2
       0
       3
       0
       0
       2
       0
       2
       0
       0
       2
       2
       0
       4
       2
       1
       0
       1
       1
       1
       2
       1
       1
       0
       1
       2
       4
       2
       4
       2
       1
       0
       2
       2
       1
       1
       4
       4
       0
       2
       1
       0
       1
       1
       2
       1
       2
       0
       0
       1
       1
       1
       1
       0
       1
       2
       0
       0
       1
       3
       5
       3
       2
       1
       2
       1
       0
       2
       5
       1
       1
       2
       2
       1
       2
       1
       1
       0
       2
       3
       0
       2
       3
       0
       0
       1
       1
       1
       0
       2
       1
       4
       0
       1
       1
       1
       5
       0
       1
       0
       2
       2
       1
       3
       0
       0
       1
       1
       0
       1
       0
       0
       2
       2
       1
       0
       3
       0
       1
       1
       0
       2
       1
       1
       1
       1
       2
       1
       2
       3
       1
       1
       0
       0
       3
       0
       1
       1
       0
       2
       0
       2
       2
       0
       2
       3
       1
       1
       1
       5
       2
       1
       2
       1
       1
       2
       2
       1
       1
       2
       0
       0
       2
       1
       0
       2
       0
       0
       0
       1
       2
       3
       3
       3
       1
       1
       2
       2
       2
       1
       1
       2
       2
       2
       2
       2
       0
       3
       2
       2
       1
       0
       1
       1
       0
       3
       1
       1
       1
       1
       0
       1
       2
       4
       4
       2
       3
       1
       1
       0
       1
       4
       3
       0
       2
       3
       5
       1
       3
       1
       1
       0
       1
       3
       2
       3
       2
       1
       0
       0
       1
       2
       1
       0
       0
       1
       0
       1
       3
       1
       1
       1
       4
       1
       1
       2
       0
       1
       0
       2
       1
       2
       0
       1
       2
       0
       0
       0
       3
       0
       1
       1
       0
       2
       1
       1
       0
       0
       3
       0
       1
       1
       1
       2
       0
       2
       1
       0
       0
       4
       1
       2
       0
       1
       1
       0
       1
       3
       0
       1
       3
       2
       2
       1
       3
       2
       1
       1
       2
       2
       1
       3
       1
       1
       1
       2
       0
       1
       3
       1
       0
       1
       2
       0
       0
       1
       0
       1
       0
       1
       2
       1
       2
       0
       1
       1
       1
       0
       0
       1
       3
       0
       3
       2
       0
       2
       0
       0
       1
       1
       2
       0
       1
       1
       3
       0
       1
       6
       0
       4
       0
       1
       0
       1
       0
       2
       0
       2
       2
       1
       0
       0
       1
       1
       2
       1
       0
       0
       2
       1
       2
       1
       1
       2
       1
       1
       0
       1
       2
       0
       2
       2
       3
       1
       3
       4
       0
       0
       1
       0
       0
       3
       2
       1
       2
       1
       3
       0
       2
       0
       1
       0
       6
       2
       2
       1
       1
       2
       1
       0
       1
       3
       3
       1
       3
       0
       1
       2
       3
       2
       8
       2
       2
       4
       4
       6
       6
       3
       4
       4
       2
       5
       2
       3
       9
       5
       2
       2
       1
       3
       2
       1
       1
       1
       2
       5
       0
       0
       1
       0
       1
       0
       2
       0
       1
       5
       0
       1
       0
       3
       0
       0
       3
       0
       2
       1
       2
       1
       1
       0
       2
       2
       2
       2
       2
       2
       0
       2
       1
       3
       0
       0
       0
       1
       1
       1
       2
       3
       0
       0
       3
       1
       2
       1
       2
       2
       2
       0
       4
       1
       0
       2
       1
       1
       1
       1
       0
       0
       1
       3
       2
       0
       0
       1
       1
       2
       0
       2
       3
       1
       0
       0
       0
       2
       0
       1
       0
       1
       0
       2
       1
       0
       2
       2
       0
       1
       1
       1
       0
       0
       0
       1
       4
       0
       0
       1
       0
       0
       1
       1
       1
       0
       0
       0
       4
       0
       1
       1
       0
       1
       2
       2
       5
       0
       0
       0
       2
       0
       2
       1
       2
       2
       2
       1
       1
       1
       0
       1
       0
       2
       1
       0
       3
       0
       0
       1
       1
       2
       0
       3
       1
       1
       1
       1
       1
       1
       0
       3
       2
       3
       3
       0
       0
       1
       1
       1
       0
       3
       3
       0
       1
       2
       4
       1
       2
       0
       1
       0
       0
       1
       1
       0
       0
       0
       0
       0
       0
       0
       1
       1
       0
       1
       0
       2
       1
       3
       1
       0
       0
       2
       1
       3
       1
       1
       3
       0
       0
       1
       1
       1
       0
       1
       0
       0
       1
       0
       1
       0
       1
       0
       4
       1
       1
       2
       2
       0
       1
       1
       0
       0
       4
       1
       0
       2
       0
       3
       0
       0
       2
       0
       4
       2
       0
       0
       0
       5
       1
       0
       0
       0
       2
       1
       0
       0
       2
       0
       0
       0
       0
       0
       0
       1
       4
       0
       1
       2
       2
       3
       3
       3
       2
       2
       3
       1
       0
       0
       2
       2
       2
       2
       1
       2
       0
       3
       1
       0
       0
       1
       1
       0
       1
       0
       0
       0
       0
       0
       0
       3
       0
       0
       0
       0
       3
       0
       2
       1
       1
       0
       1
       1
       3
       2
       1
       0
       0
       1
       1
       1
       2
       1
       1
       1
       0
       1
       1
       1
       2
       1
       2
       1
       1
       1
       1
       1
       0
       1
       1
       0
       1
       0
       2
       0
       2
       3
       1
       3
       0
       3
       0
       0
       0
       1
       1
       0
       0
       1
       0
       0
       1
       1
       1
       1
       1
       0
       0
       1
       0
       2
       1
       0
       1
       1
       1
       0
       1
       0
       1
       1
       0
       0
       1
       0
       0
       1
       1
       2
       0
       1
       1
       0
       1
       0
       0
       1
       1
       1
       0
       0
       3
       1
       1
       0
       1
       1
       1
       1
       0
       0
       2
       1
       2
       2
       1
       0
       0
       1
       0
       1
       1
       2
       0
       0
       0
       1
       1
       1
       0
       0
       1
       1
       0
       1
       1
       0
       1
       1
       1
       1
       1
       1
       1
       0
       1
       0
       1
       0
       1
       1
       2
       0
       0
       3
       1
       2
       0
       0
       0
       1
       2
       0
       0
       2
       0
       1
       1
       1
       2
       3
       1
       1
       0
       1
       0
       1
       1
       0
       0
       0
       1
       1
       2
       0
       1
       1
       1
       2
       1
       0
       2
       3
       2
       2
       1
       0
       0
       3
       0
       0
       1
       1
       1
       2
       2
       1
       0
       1
       0
       1
       0
       0
       1
       2
       2
       2
       3
       1
       1
       0
       0
       1
       2
       0
       1
       5
       1
       1
       3
       1
       2
       2
       1
       0
       1
       1
       0
       2
       1
       0
       0
       0
       0
       1
       3
       3
       1
       2
       5
       0
       0
       0
       0
       2
       2
       0
       0
       0
       1
       2
       1
       0
       0
       0
       2
       0
       0
       0
       0
       1
       0
       0
       1
       2
       0
       2
       1
       4
       1
       1
       3
       0
       1
       1
       1
       0
       0
       1
       0
       2
       0
       1
       0
       1
       2
       2
       2
       3
       1
       2
       4
       0
       1
       2
       2
       1
       2
       0
       1
       1
       1
       1
       2
       1
       1
       2
       7
       3
       2
       0
       2
       1
       1
       2
       3
       0
       1
       0
       3
       1
       0
       1
       1
       0
       1
       1
       0
       0
       1
       0
       1
       1
       0
       2
       0
       0
       0
       1
       1
       1
       0
       1
       1
       0
       1
       0
       3
       1
       0
       0
       0
       0
       0
       1
       0
       1
       1
       0
       2
       2
       2
       0
       0
       0
       1
       1
       1
       1
       0
       1
       0
       5
       1
       1
       2
       1
       2
       2
       0
       0
       0
       0
       2
       0
       1
       0
       0
       1
       0
       2
       2
       2
       1
       1
       1
       0
       1
       0
       0
       0
       3
       0
       3
       0
       1
       0
       1
       1
       0
       0
       0
       1
       0
       0
       1
       2
       2
       1
       1
       1
       0
       1
       0
       0
       1
       0
       1
       4
       0
       1
       1
       0
       2
       3
       2
       0
       0
       1
       0
       0
       1
       1
       0
       2
       3
       1
       1
       0
       1
       2
       0
       1
       2
       3
       0
       0
       0
       2
       5
       0
       0
       1
       0
       2
       0
       1
       1
       0
       1
       1
       0
       0
       0
       0
       0
       0
       0
       0
       3
       0
       1
       1
       0
       1
       1
       1
       0
       1
       0
       2
       0
       1
       0
       1
       2
       1
       1
       3
       0
       1
       0
       0
       0
       1
       0
       0
       2
       2
       1
       0
       2
       1
       1
       0
       0
       0
       2
       0
       0
       3
       1
       1
       0
       3
       1
       0
       0
       2
       0
       2
       1
       1
       0
       0
       0
       3
       1
       0
       2
       1
       1
       1
       0
       1
       1
       0
       0
       0
       1
       0
       2
       0
       1
       0
       5
       1
       0
       0
       0
       0
       0
       0
       0
       1
       0
       1
       1
       0
       0
       0
       2
       2
       0
       1
       0
       1
       0
       0
       0
       0
       0
       0
       1
       1
       0
       1
       0
       1
       0
       1
       0
       1
       1
       1
       2
       0
       1
       0
       0
       2
       1
       2
       0
       0
       2
       1
       1
       0
       1
       1
       0
       0
       1
       0
       0
       2
       1
       0
       0
       2
       0
       0
       0
       0
       0
       1
       0
       1
       2
       1
       1
       1
       0
       0
       0
       0
       0
       0
       0
       0
       0
       2
       1
       0
       0
       0
       2
       1
       0
       0
       0
       1
       0
       0
       0
       1
       0
       0
       0
       0
       0
       1
       3
       3
       0
       2
       1
       0
       0
       1
       0
       0
       1
       1
       2
       1
       1
       0
       1
       1
       2
       1
       0
       1
       2
       1
       1
       0
       2
       0
       0
       1
       1
       0
       2
       4
       1
       3
       1
       0
       1
       3
       3
       1
       3
       0
       2
       2
       2
       5
       5
       4
       3
       1
       3
       1
       3
       3
       3
       2
       3
       3
       2
       1
       4
       2
       0
       3
       2
       0
       1
       3
       0
       3
       0
       0
       0
       1
       1
       1
       0
       1
       1
       0
       0
       1
       1
       0
       1
       0
       1
       0
       1
       0
       1
       1
       0
       1
       0
       0
       1
       0
       0
       1
       3
       1
       1
       0
       0
       2
       0
       1
       0
       0
       2
       1
       0
       1
       1
       0
       2
       0
       1
       4
       1
       1
       2
       0
       2
       3
       0
       1
       2
       1
       1
       1
       0
       0
       2
       0
       1
       0
       0
       0
       2
       0
       0
       1
       1
       0
       1
       0
       1
       0
       0
       2
       1
       0
       0
       0
       0
       0
       1
       0
       1
       1
       0
       0
       0
       2
       0
       0
       0
       0
       0
       0
       0
       2
       0
       0
       0
       1
       1
       2
       0
       0
       0
       0
       0
       0
       0
       0
       2
       0
       2
       0
       1
       1
       1
       1
       1
       1
       0
       0
       2
       1
       0
       0
       1
       0
       1
       1
       4
       2
       0
       0
       0
       0
       1
       0
       0
       0
       0
       0
       1
       0
       0
       0
       0
       0
       1
       1
       1
       1
       0
       2
       0
       1
       2
       0
       0
       0
       0
       1
       1
       0
       0
       1
       0
       2
       1
       0
       1
       1
       2
       0
       0
       0
       2
       0
       1
       1
       1
       1
       1
       1
       0
       0
       0
       1
       0
       0
       2
       0
       1
       1
       0
       1
       0
       1
       2
       0
       0
       1
       1
       0
       1
       1
       0
       0
       1
       1
       1
       0
       0
       0
       0
       1
       0
       1
       1
       1
       0
       0
       1
       0
       0
       1
       2
       0
       0
       0
       0
       0
       0
       0
       0
       1
       0
       0
       0
       1
       1
       2
       0
       1
       0
       1
       1
       1
       1
       0
       0
       3
       1
       0
       0
       0
       0
       2
       0
       2
       0
       1
       0
       0
       0
       0
       1
       0
       0
       0
       1
       1
       0
       1
       0
       3
       1
       0
       1
       2
       0
       1
       0
       1
       1
       1
       1
       1
       2
       0
       1
       1
       0
       2
       0
       1
       3
       0
       1
       1
       0
       3
       0
       1
       1
       1
       0
       1
       0
       1
       1
       0
       2
       0
       0
       0
       1
       1
       0
       1
       1
       2
       0
       0
       0
       1
       1
       0
       1
       0
       0
       0
       0
       0
       0
       0
       0
       1
       1
       0
       3
       3
       0
       3
       0
       0
       0
       1
       0
       0
       2
       1
       0
       0
       0
       0
       0
       1
       1
       0
       0
       0
       0
       2
       0
       0
       2
       1
       0
       1
       1
       1
       1
       0
       0
       1
       1
       1
       0
       0
       0
       0
       0
       0
       0
       0
       1
       1
       2
       0
       0
       1
       0
       0
       0
       1
       1
       0
       3
       0
       3
       0
       0
       0
       0
       1
       0
       0
       0
       0
       1
       1
       1
       0
       1
       0
       2
       0
       1
       3
       1
       1
       1
       1
       1
       1
       1
       0
       0
       0
       1
       0
       1
       0
       0
       2
       0
       0
       0
       2
       1
       2
       0
       0
       1
       1
       2
       0
       1
       1
       1
       1
       0
       2
       1
       1
       0
       0
       1
       0
       0
       0
       1
       0
       0
       2
       1
       1
       3
       1
       1
       0
       2
       1
       1
       1
       0
       2
       3
       1
       1
       1
       0
       1
       1
       2
       1
       2
       1
       0
       0
       2
       2
       0
       0
       1
       0
       1
       1
       0
       2
       0
       2
       0
       0
       0
       0
       2
       0
       0
       1
       2
       1
       0
       0
       0
       2
       1
       1
       1
       1
       1
       3
       1
       0
       0
       1
       1
       1
       0
       1
       0
       0
       0
       2
       1
       0
       2
       0
       0
       2
       0
       2
       1
       0
       1
       1
       1
       1
       1
       0
       1
       1
       0
       1
       1
       1
       2
       0
       0
       0
       0
       3
       1
       0
       1
       1
       0
       0
       1
       1
       0
       2
       2
       1
       0
       0
       0
       0
       0
       0
       0
       0
       1
       3
       1
       1
       0
       0
       1
       0
       1
       0
       1
       2
       0
       0
       0
       1
       0
       1
       1
       0
       1
       0
       0
       1
       0
       0
       0
       0
       0
       1
       2
       1
       0
       0
       2
       1
       1
       0
       0
       0
       1
       3
       0
       1
       1
       1
       0
       0
       1
       1
       1
       0
       1
       2
       2
       2
       0
       0
       0
       0
       2
       0
       1
       1
       1
       0
       2
       0
       0
       0
       1
       0
       3
       2
       1
       0
       0
       2
       1
       0
       0
       0
       0
       2
       2
       1
       0
       0
       0
       0
       1
       0
       0
       0
       0
       2
       2
       0
       0
       1
       0
       0
       1
       1
       2
       2
       0
       1
       0
       0
       0
       2
       1
       0
       1
       2
       0
       0
       3
       1
       1
       1
       2
       1
       1
       0
       2
       0
       0
       0
       3
       0
       0
       0
       0
       0
       3
       0
       0
       0
       1
       1
       0
       2
       1
       0
       0
       1
       0
       0
       0
       0
       1
       2
       2
       2
       1
       2
       3
       0
       1
       0
       0
       0
       1
       1
       0
       0
       0
       0
       0
       2
       1
       0
       0
       0
       1
       0
       1
       0
       1
       0
       1
       0
       0
       1
       1
       0
       0
       0
       0
       0
       0
       0
       1
       1
       0
       0
       0
       0
       0
       1
       0
       1
       0
       0
       0
       0
       0
       0
       1
       1
       4
       1
       0
       0
       0
       0
       2
       1
       0
       0
       1
       1
       0
       0
       0
       0
       0
       2
       0
       0
       1
       1
       0
       1
       0
       0
       1
       1
       3
       0
       0
       1
       0
       0
       0
       0
       0
       1
       0
       0
       0
       0
       1
       2
       2
       0
       2
       0
       1
       2
       0
       1
       0
       0
       0
       0
       2
       1
       0
       0
       0
       0
       2
       0
       0
       0
       1
       3
       0
       4
       0
       0
       0
       1
       1
       0
       0
       1
       2
       1
       1
       0
       0
       1
       0
       1
       1
       0
       0
       1
       0
       1
       2
       0
       1
       1
       1
       0
       0
       0
       1
       0
       0
       0
       1
       0
       0
       0
       0
       1
       1
       1
       0
       1
       3
       0
       0
       0
       2
       0
       0
       1
       0
       0
       1
       1
       2
       0
       4
       1
       0
       0
       2
       0
       0
       0
       0
       0
       2
       1
       0
       1
       0
       2
       0
       0
       0
       0
       0
       0
       1
       0
       0
       1
       1
       0
       1
       0
       0
       0
       1
       1
       1
       0
       0
       1
       1
       0
       0
       3
       0
       1
       0
       1
       2
       2
       2
       1
       0
       1
       0
       0
       0
       1
       0
       0
       0
       0
       0
       0
       1
       3
       0
       0
       0
       1
       0
       1
       0
       1
       0
       1
       2
       1
       0
       1
       0
       0
       1
       0
       0
       0
       0
       0
       0
       1
       0
       2
       1
       0
       1
       1
       2
       1
       1
       0
       1
       0
       1
       1
       0
       0
       0
       1
       2
       0
       0
       1
       0
       0
       0
       0
       0
       0
       0
       0
       1
       1
       0
       0
       0
       1
       1
       0
       1
       0
       0
       0
       0
       0
       0
       2
       0
       0
       1
       0
       1
       0
       0
       0
       0
       0
       0
       0
       1
       0
       0
       0
       0
       1
       0
       0
       1
       0
       0
       0
       2
       2
       2
       2
       1
       1
       0
       2
       1
       0
       1
       0
       0
       0
       0
       0
       0
       1
       0
       1
       2
       0
       1
       0
       0
       0
       0
       0
       1
       2
       1
       0
       1
       0
       0
       1
       0
       0
       0
       0
       0
       1
       0
       1
       1
       0
       0
       0
       0
       0
       1
       1
       0
       2
       1
       0
       1
       3
       0
       0
       0
       1
       1
       1
       0
       0
       0
       1
       0
       2
       0
       1
       1
       0
       0
       0
       0
       0
       1
       1
       1
       0
       0
       0
       1
       0
       1
       1
       1
       0
       0
       0
       1
       1
       1
       0
       1
       1
       1
       1
       1
       0
       2
       0
       0
       1
       1
       0
       0
       1
       1
       1
       0
       0
       0
       0
       1
       0
       1
       1
       1
       0
       1
       0
       0
       1
       1
       1
       0
       1
       0
       0
       0
       0
       1
       0
       0
       2
       0
       2
       0
       0
       1
       0
       0
       0
       0
       0
       0
       0
       1
       1
       0
       0
       0
       0
       0
       1
       0
       1
       1
       1
       3
       1
       0
       0
       1
       1
       0
       1
       0
       1
       1
       1
       1
       0
       1
       0
       0
       0
       0
       0
       1
       2
       0
       0
       0
       2
       0
       0
       2
       1
       0
       1
       0
       0
       1
       0
       1
       0
       0
       1
       0
       1
       1
       0
       0
       0
       2
       0
       1
       0
       1
       2
       0
       2
       0
       0
       1
       1
       1
       1
       3
       1
       0
       1
       1
       1
       0
       1
       0
       1
       1
       0
       3
       0
       0
       1
       0
       2
       0
       0
       0
       0
       1
       0
       0
       0
       0
       0
       2
       0
       1
       0
       0
       0
       1
       0
       0
       1
       0
       1
       0
       0
       0
       0
       1
       0
       0
       1
       0
       0
       1
       0
       1
       0
       1
       0
       0
       1
       2
       0
       0
       0
       0
       1
       0
       0
       2
       0
       0
       0
       0
       1
       0
       0
       1
       2
       2
       0
       0
       2
       3
       1
       0
       1
       0
       1
       0
       1
       0
       0
       0
       0
       0
       0
       0
       0
       0
       0
       0
       0
       0
       0
       0
       0
       0
       0
       0
       0
       0
       0
       0
       0
       0
       0
       0
       0
       0
       0
       0
       0
       0
       0
       0
       0
       0
       0
       0
       0
       0
       0
       0
       0
       0
       0
       0
       0
       0
       0
       0
       0
       0
       0
       0
       0
       0
       0
       0
       0
       0
       0
       0
       0
       0
       0
       0
       0
       0
       0
       0
       0
       0
       0
       0
       0
       0
       0
       0
       0
       0
       0
       0
       0
       0
       0
       0
       0
       0
       0
       0
       0
       0
       0
       0
       0
       0
       0
       0
       0
       0
       0
       0
       0
       0
       0
       0
       0
       0
       0
       0
       0
       0
       0
       0
       0
       0
       0
       0
       0
       0
       0
       0
       0
       0
       0
       0
       0
       0
       0
       0
       0
       0
       0
       0
       0
       0
       0
       0
       0
       0
       0
       0
       0
       0
       0
       0
       0
       0
       0
       0
       0
       0
       0
       0
       0
       0
       0
       0
       0
       0
       0
       0
       0
       0
       0
       0
       0
       0
       0
       0
       0
       0
       0
       0
       0
       0
       0
       0
       0
       0
       0
       0
       0
       0
       0
       0
$ROI:
20
142 158
198 214
301 317
609 627
687 707
754 774
855 875
886 906
976 998
1653 1685
1944 1972
2085 2117
2243 2277
2407 2439
2718 2754
2783 2819
2932 2970
3333 3375
3519 3569
4559 4650
$PRESETS:
None
0
0
$ENER_FIT:
-0.484181 0.397206
$MCA_CAL:
3
-4.841815E-001 3.972059E-001 5.530919E-009 keV
$SHAPE_CAL:
3
3.024300E+000 2.334868E-003 1.228215E-007
