$SPEC_ID:
Pulser
$SPEC_REM:
DET# 2
DETDESC# DETECTOR 2
AP# GammaVision Version 7.01.03
$DATE_MEA:
03/29/2017 14:23:56
$MEAS_TIM:
6782 6851
$DATA:
0 8191
       0
       0
       0
       0
       0
       0
       0
       0
       0
       0
       0
       0
       0
       0
       0
       0
       0
       0
       0
       0
       0
       0
       0
     350
   14650
   14294
    8364
    7668
    7850
    8877
   13838
   25530
   38853
   41966
   33087
   20817
   14275
   16094
   28385
   56422
   93255
  107151
   81530
   44131
   19991
   11782
   12512
   18040
   22392
   21177
   16430
   11822
    8794
    7255
    6710
    6241
    6175
    6166
    6279
    6584
    6994
    7355
    7683
    9081
   11999
   13376
   10958
    7742
    6301
    5692
    5428
    5228
    5218
    5208
    4932
    5108
    4914
    4967
    4886
    4817
    4886
    4901
    4770
    4670
    4736
    4578
    4431
    4462
    4352
    4269
    4334
    4253
    4260
    4233
    4202
    4359
    4305
    4209
    4141
    4342
    4340
    4350
    4337
    4431
    4594
    4615
    4657
    4900
    4756
    4894
    4827
    4938
    4991
    5103
    5142
    5236
    5298
    5407
    5622
    5630
    5556
    5844
    5973
    5863
    5856
    5926
    6066
    6303
    6395
    6294
    6486
    6787
    8869
   13563
   20104
   21835
   16954
   10932
    7943
    7269
    7359
    7231
    7561
    7870
    8403
    8809
    9410
   10666
   11577
   11539
   10968
   10371
   10283
   10527
   10644
   10710
   11003
   11280
   11466
   11786
   12087
   12197
   12579
   12742
   12980
   12959
   13246
   13279
   13556
   13659
   14143
   14801
   15088
   15609
   16080
   16904
   17289
   17817
   18455
   19200
   20463
   23232
   30896
   42783
   49797
   44623
   34173
   33929
   48601
   65736
   65293
   46633
   28181
   20361
   18341
   18139
   18019
   18332
   18130
   17774
   17561
   17444
   17813
   19192
   22107
   25010
   25768
   23515
   21078
   19981
   25037
   43503
   72238
   90044
   80513
   53914
   30720
   18471
   14617
   15195
   16877
   17774
   16226
   14543
   15980
   23277
   37317
   49571
   48379
   34987
   21740
   15877
   16865
   24209
   38955
   58690
   77766
   95505
  123236
  141721
  126336
   84337
   46323
   26349
   19240
   23840
   52743
  117364
  191577
  217167
  168746
   92221
   38815
   15748
    9633
    8473
    8814
   10445
   12078
   12166
   10301
    8761
    8716
   11076
   15381
   20610
   24447
   24223
   20048
   15060
   11959
   11518
   14047
   19313
   27117
   35610
   40540
   43914
   50421
   62662
   76142
   79707
   67797
   45589
   26304
   15984
   14354
   18637
   25887
   32197
   32585
   27146
   19696
   13444
    9678
    8115
    7151
    6983
    6685
    6729
    6396
    6659
    7210
    8634
   11127
   13024
   13082
   10962
    8570
    7004
    6426
    6286
    6341
    6483
    6598
    6659
    6671
    6525
    6446
    6442
    6421
    6250
    6201
    6315
    6063
    6198
    6006
    6187
    5923
    6065
    6160
    5927
    5913
    5867
    5859
    5813
    5910
    5864
    5843
    5873
    5738
    5822
    6030
    5724
    5630
    5507
    5231
    5003
    4921
    4847
    4908
    4810
    4903
    5111
    5577
    5967
    5995
    5519
    5450
    7725
   17384
   39100
   67251
   84044
   75184
   48097
   22755
    9239
    4894
    3849
    3674
    3535
    3358
    3298
    3255
    3231
    3133
    3165
    3279
    3227
    3463
    3596
    3401
    3205
    3025
    2946
    2887
    2892
    2772
    2881
    2754
    2717
    2602
    2633
    2624
    2591
    2579
    2580
    2586
    2501
    2510
    2519
    2478
    2508
    2506
    2413
    2565
    2626
    3596
    7347
   16743
   31022
   42962
   43375
   32123
   17648
    7818
    3471
    2368
    2196
    2260
    2150
    2189
    2104
    2192
    2152
    2160
    2128
    2158
    2126
    2118
    2024
    2096
    2112
    2105
    2093
    2176
    2235
    2227
    2194
    2231
    2300
    2283
    2225
    2157
    1975
    1962
    1841
    1865
    1875
    1841
    1835
    1830
    1891
    1781
    1823
    1828
    2008
    2643
    3755
    4809
    5315
    5272
    5650
   13396
   46892
  136657
  292134
  452425
  513732
  426860
  257447
  109465
   32787
    6861
    1352
     563
     475
     470
     436
     422
     388
     410
     432
     418
     427
     414
     478
     819
    1650
    3234
    5016
    5893
    5410
    3611
    1992
     886
     458
     373
     430
     569
     695
     715
     693
     581
     634
    1015
    2414
    5120
    8322
    9957
    9264
    6640
    3871
    4187
    9761
   21146
   35829
   45297
   42539
   29301
   14883
    5391
    1413
     371
     161
     147
     144
     155
     149
     150
     154
     147
     138
     147
     131
     139
     137
     121
     156
     191
     291
     326
     372
     316
     324
     238
     280
     326
     435
     451
     435
     327
     238
     189
     267
     447
     765
    1087
    1081
     990
     631
     362
     159
     105
      96
     102
     102
     106
      96
     117
     118
     128
     107
     128
     146
     160
     164
     143
     172
     116
     105
     104
     113
      94
     119
     159
     210
     314
     365
     330
     263
     235
     205
     204
     262
     294
     219
     177
     143
     136
     102
     126
     131
     144
     295
     477
     606
     695
     578
     500
     271
     151
     117
     110
      89
      99
      86
     102
     157
     239
     343
     480
     569
     476
     327
     214
     136
     117
     100
      92
     108
      84
      97
      85
      90
      70
      80
      86
      98
     105
      91
     129
     116
     134
     125
     155
     135
     124
     102
     131
     110
      84
     113
      91
     109
     102
      88
      99
      95
      89
      92
      81
      79
      75
      81
      73
      70
      78
      96
     103
     140
     119
     140
     114
     110
      94
     128
     139
     189
     188
     186
     175
     178
     166
     176
     144
      97
      90
      87
     105
     120
     187
     184
     210
     229
     182
     164
     129
     103
     114
     146
     143
     147
     166
     132
     134
      95
     113
      97
     105
     108
      95
     114
     108
     140
     120
     108
      81
      70
      80
      73
      62
      75
      60
      53
      55
      71
      59
      74
      94
     124
     118
     128
     188
     212
     200
     183
     132
     111
      78
      88
      78
     107
     108
     128
     124
     103
     101
      82
      61
      55
      63
      55
      55
      85
     108
      93
     105
     111
      79
      88
      84
      82
      85
      48
      58
      49
      51
      50
      59
      29
      45
      36
      33
      41
      50
      45
      39
      39
      44
      57
      48
      52
      60
      40
      45
      50
      47
      45
      48
      41
      36
      39
      42
      26
      38
      42
      35
      32
      39
      37
      31
      29
      31
      43
      41
      28
      38
      36
      42
      34
      46
      46
      46
      44
      60
      53
      59
      52
      55
      48
      27
      34
      39
      38
      41
      46
      33
      54
      57
      55
      62
      56
      57
      48
      32
      34
      27
      21
      34
      38
      34
      28
      43
      45
      32
      39
      33
      33
      24
      32
      29
      53
      43
      55
      33
      41
      38
      32
      39
      25
      31
      34
      20
      34
      43
      55
      50
     125
     153
     213
     240
     247
     176
     124
      76
      49
      38
      22
      39
      40
      58
      90
     125
     130
     160
     172
     168
     123
      78
      47
      36
      25
      29
      39
      43
      33
      46
      37
      39
      30
      21
      29
      39
      32
      29
      21
      23
      21
      31
      22
      24
      27
      22
      32
      27
      39
      28
      33
      35
      33
      33
      33
      41
      32
      42
      33
      45
      31
      45
      45
      45
      41
      44
      45
      33
      31
      34
      30
      33
      21
      28
      12
      20
      22
      24
      25
      10
      21
      19
      22
      18
      22
      26
      21
      23
      20
      17
      20
      16
      24
      18
      17
      23
      23
      19
      19
      11
      23
      13
      11
      28
      30
      54
      63
      60
      80
      90
      69
      48
      41
      27
      27
      21
      18
      25
      25
      14
      18
      12
      20
      26
      20
      18
      22
      17
      15
      23
      24
      19
      21
      13
      18
      23
      23
      10
      14
      14
      23
      31
      37
      34
      49
      43
      34
      27
      33
      29
      38
      31
      28
      33
      39
      13
      19
      25
      24
      11
      23
      16
      19
      19
      30
      24
      22
      24
      17
      15
      17
      12
      12
       8
      11
      20
      17
      17
      22
      11
      15
      10
      21
      22
      17
      18
      14
      19
      13
      18
      24
      16
      15
      20
      13
      15
      13
      23
      19
      22
      15
      20
      17
      18
      20
      16
      23
      16
      21
      29
      22
      21
      19
      20
      17
      24
      20
      15
      14
      29
      14
      18
      21
      15
      14
      15
      16
      14
      16
      17
      13
      11
      12
      22
      21
      10
      12
      23
      18
      16
      10
      17
      17
      25
      15
      13
      12
      24
      15
      15
      27
      17
      19
      23
      17
      15
      26
      18
      17
      16
      18
      11
      21
      24
      11
      14
      20
      21
      23
      15
      15
      22
      14
      18
      22
      14
      15
      18
      28
      13
      17
      18
      17
       9
      16
      11
       9
      14
      17
      12
      16
      15
      18
      16
      16
      12
      14
       9
      13
      14
      14
      13
      15
      21
      16
       6
      21
      12
      21
      16
      13
      16
      17
      16
      11
      15
      13
      18
      22
      18
      12
      15
       6
      16
      14
      12
      22
      13
      17
      20
      20
      11
      18
      16
      17
      15
      13
       9
      15
      14
      16
      12
      13
      18
      16
       9
       9
      13
      14
      12
      15
      12
       9
      13
      13
      11
      20
      12
      13
      11
      19
      15
      15
      12
      16
      14
       8
      13
      11
      18
      19
      16
      18
      12
       8
      11
      18
       9
       6
      12
       8
      10
      12
      13
      20
      13
       9
      10
       8
      16
      15
      10
      11
      18
       5
      18
      10
      14
       9
      20
       7
      13
       7
       8
      17
       9
      15
      15
      13
       9
      15
      17
       9
       9
      27
      17
      19
      30
      23
      25
      26
      22
      24
      28
      10
      15
      11
      10
      12
      10
      11
       9
      15
       9
      14
       4
      10
       6
      15
       8
      10
      15
      11
      22
      10
      13
      16
      11
      10
      11
      13
      10
      13
      13
       9
      10
      12
      15
      12
       9
      14
      11
      10
      11
      13
      12
       7
      17
      11
      12
      10
      15
       8
       8
      10
      12
      14
      13
      10
       8
       9
      10
      16
      12
       8
      16
      15
       9
       5
       6
      13
       9
      13
       9
      11
       8
      10
       9
      12
       7
      11
       9
       8
      18
      15
      13
       9
       9
      12
      11
      11
       8
      11
       7
       9
       9
       8
       7
       7
      11
       7
      17
      10
       9
       7
      12
      11
      11
      11
       7
       9
      12
       9
       6
      13
      14
       5
       7
       7
      13
      10
      12
      12
      13
      10
       8
      13
       9
       9
       6
       6
       6
      10
      12
      11
      10
      12
      11
       8
      10
       8
       9
      13
       8
      11
      13
      10
      11
      13
      11
       9
       7
       7
       7
      10
       9
      16
       9
       9
       6
      12
      10
      12
      12
      15
      13
       8
       6
      13
      12
       9
       7
       9
      10
      10
       6
       8
       9
       8
      13
       8
      12
      18
       8
       6
       7
      13
       7
      10
       1
      11
       7
       4
       7
       9
       4
      10
      10
       8
       2
       7
       6
       8
       5
      11
      14
       8
      12
      11
      11
      12
       8
       5
       9
       7
       9
      14
      10
       6
       7
      11
       8
       9
       9
      11
       6
      13
      10
       5
      10
      15
      13
      13
      13
       8
       8
       8
      13
       6
      15
      11
      24
      24
      32
      55
      55
      67
      46
      46
      42
      30
      32
      12
       6
      12
       6
      10
      16
       6
      10
       8
       7
      11
       9
      12
       9
      14
      12
       6
       6
      11
       5
       8
       7
       8
       7
       8
      10
      11
      11
       8
       9
      13
      13
      10
       7
       2
       5
      12
      10
       7
       5
       8
      12
       9
       9
       6
       3
       8
      10
       8
       9
      11
       8
       9
      11
       7
       8
       7
      10
       7
       8
       7
       4
       5
      13
       6
       1
       8
      11
       7
      12
      14
      10
       8
       8
       8
       5
      11
       2
       8
       6
       7
       6
       9
       7
       3
       4
      10
       3
       7
       5
       8
       6
       4
      10
       8
       9
      13
       8
       6
      13
       8
       9
       6
       8
       9
       9
      10
       7
      11
       7
       6
       5
      11
       3
       3
      13
      12
      17
      20
      23
      35
      51
      81
     122
     140
     181
     133
     172
     143
     132
     114
      60
      33
      20
      18
      13
       6
       9
      11
      12
       5
       5
      11
       7
       9
       7
       8
       2
       3
      11
       5
      12
       9
       6
       7
      13
       6
       4
      13
       7
       7
      11
       7
      11
      10
       9
      10
       5
       7
       8
       9
      10
       4
       3
       7
       7
       6
      10
       6
       7
       8
      11
       7
       6
       4
       9
       9
       6
       7
       7
      11
       8
       6
       5
       6
       7
       6
       9
       7
       5
       7
       9
      11
       7
      11
      12
       5
       6
       9
       8
       9
       8
       8
      11
       5
       6
       5
       8
       6
       7
      13
       4
       8
      12
       6
       6
      14
       9
       9
       7
       6
      13
       8
      14
       7
      15
      10
      13
       7
       7
       6
       4
       9
       6
      10
       5
       6
       7
       5
       5
       7
       6
       4
       6
       4
       4
      11
       7
       6
       5
       7
       7
       7
      10
       8
       7
       4
       9
       5
       6
       5
       6
       7
       6
       1
       5
       7
      11
       7
      10
       7
       6
       3
       9
       8
       9
       5
       8
      11
       5
       1
       9
       6
       5
       1
       3
       4
       6
       4
       8
       4
       6
       3
       7
       9
       6
       6
       5
       6
       5
      10
       8
       6
      10
      11
       6
       6
       6
       8
      10
       5
       7
       7
       7
       9
      10
      10
       3
       9
       8
      14
       7
      13
      12
      16
       6
       8
       8
       6
       3
       6
      11
       7
       7
       5
       8
       7
       6
       9
       8
       2
       7
       7
       5
       6
       3
       7
       7
       6
       8
       6
       9
       5
       7
       3
      10
       5
       4
       9
       9
       5
       6
       5
       7
       2
       8
       7
      10
       2
       4
       6
       9
       3
      12
      15
       8
      13
      13
      17
      20
       9
      13
      17
      14
      14
      13
      15
       9
      11
      13
       7
       7
      15
       7
       5
       5
      10
       6
      13
       7
       6
       7
       3
       5
       3
       5
       6
       9
       5
      10
       3
       3
       8
       8
       5
       5
       9
       7
       7
       4
       5
       4
       8
       8
       5
       5
       7
       6
      10
      12
       5
      11
       6
       7
      10
       7
       5
       5
       3
       3
       4
       6
       2
       5
       7
       2
       2
       5
       6
       7
       5
       3
       1
       6
       5
       7
       5
       7
       7
       3
       8
       9
       3
       6
       6
       5
       5
      10
       7
       7
       3
       6
       8
       7
       9
       8
       5
      16
       8
       9
       4
       5
       8
       8
       8
       6
       5
       4
       8
       7
       6
       5
       5
       2
       4
       5
       5
       3
       2
       5
       2
       8
       8
       9
       7
       8
       7
       5
      10
       5
       4
       5
       3
       4
       4
       7
       6
       5
       5
       4
       4
       7
       6
      11
       6
       7
       3
      12
       5
       1
       7
       5
       3
       8
       5
      12
      12
      10
       5
       7
       9
      11
      12
       6
       6
      13
      16
      14
       7
       9
       6
       7
       7
       9
       6
       2
       6
       5
       5
       4
       9
       9
       8
       9
       6
       7
       9
       6
       7
       5
       6
       6
       5
       6
       4
       7
       6
       6
       7
       6
       5
       9
       8
       1
       6
      10
       2
      11
       4
       6
       3
       8
       6
       9
       9
       6
       1
       4
       3
       3
       4
       5
       3
       7
       9
       7
       5
       1
       6
       6
       5
       2
       5
       3
       5
       4
       2
       5
       4
       5
       4
       5
       8
       6
       4
       9
       4
       9
       6
       2
       5
       5
       3
       7
       4
       5
       2
       5
       5
       6
       4
       5
       7
       3
       7
       7
       5
       7
       4
       3
       4
       4
       7
       7
       6
       6
       3
       4
       2
      12
       3
       7
       6
       3
       5
       3
       9
       5
       2
       5
       3
       7
       6
       5
       8
       3
       9
      10
       7
       8
       6
       3
      10
       7
       3
       8
       1
       3
       5
       3
       5
       6
       4
       2
       6
       7
       4
       4
       5
       5
       3
       6
       3
       3
       1
       5
       5
       7
       2
       7
       7
       4
       8
       6
       9
       3
       7
       5
       4
       7
       8
       4
       5
       8
       4
       3
       3
       9
       8
       5
       5
       4
       4
      11
       6
       7
       2
       6
       6
       4
       3
       6
       5
       4
       3
       6
       4
       2
       6
       2
       2
       8
       5
       5
       2
       3
       5
       4
       2
       6
       4
       4
       3
       1
       6
       6
       5
       6
       6
       5
       1
       3
       2
       9
       6
       3
       6
       2
       5
       6
       1
       4
       7
       4
       8
       3
       5
       2
       5
       8
       4
       4
       2
       4
       8
       5
       6
       7
       2
       6
       4
      15
       7
       6
       4
       4
       7
       8
       6
       3
       5
       2
       1
       6
       5
       2
       3
       6
       4
       3
       2
       7
       8
       6
       6
       7
       4
       4
       3
       4
       2
       4
       4
       5
       8
       2
       3
       4
       3
       2
       6
       5
       5
       3
       7
       3
       2
       5
       7
       4
       7
       4
       4
       4
       5
       2
       3
       3
       4
       5
       6
       3
       1
       5
       1
       4
       6
       4
       8
       8
       3
       4
       3
       4
       3
       2
       7
       9
       3
       5
       4
       3
      10
       7
       7
       5
       3
       6
       7
       3
       6
       7
       4
       4
       5
       4
       3
       3
       4
       5
       5
       7
       4
       0
       5
       1
       5
       4
       6
       7
       8
       3
       4
       4
       3
       4
       6
       3
       5
       4
       3
       4
       6
       6
       7
       8
       6
       4
       4
       2
       4
       6
       5
       3
       3
       3
       3
       2
       4
       5
       9
       3
       3
       6
       5
       4
       2
       4
       1
       4
       6
       8
       5
       2
       6
       4
       2
       6
       6
       3
       1
       7
       7
       8
       8
       4
       5
      16
      13
      25
      15
      14
      22
      17
      17
       7
      10
       9
       9
       4
       0
       3
       2
       6
       2
       4
       4
       8
       3
       4
       6
       0
       3
       4
       7
       1
       4
       1
       5
       4
       9
       2
       2
       8
       4
       3
       2
       3
       6
       4
       4
       6
       4
       2
       5
       3
       3
       5
       1
       2
       6
      10
       3
       3
       4
       4
       3
       3
       4
       2
       3
       5
       5
       5
       6
       2
       3
       4
       4
       6
       3
       3
       5
       2
       0
       2
       0
       4
       2
       4
       4
       1
       5
       5
       9
       4
       2
       4
       2
       8
       2
       4
       5
       2
       2
       9
       2
       4
       4
       3
       4
       1
       0
       5
       3
       2
       3
       7
       4
       5
       1
       9
       5
       3
       5
       2
       4
       3
       2
       2
       4
       4
       6
       3
       1
       3
       2
       2
       2
       1
       3
       4
       2
      10
       4
       1
       1
       3
       3
       3
       4
       3
       3
       2
       7
       4
       0
       2
       2
       4
       3
       1
       4
       5
       4
       3
       3
       4
       3
       4
       2
       4
       5
       0
       3
       5
       2
       5
       3
       2
       1
       2
       3
       5
       6
       2
       1
       1
       2
       3
       1
       5
       3
       4
       3
       6
       5
       5
       5
       5
       7
       1
       2
       1
       2
       2
       3
       2
       5
       3
       1
       3
       3
       1
       4
       2
       1
       4
       4
       3
       1
       5
       4
       3
       3
       4
       2
       5
       2
       2
       0
       4
       2
       5
       3
       5
       4
       0
       2
       3
       3
       5
       2
       4
       4
       3
       4
       2
       5
      10
       4
       3
       1
       4
       0
       3
       2
       1
       2
       4
       5
       5
       2
       5
       2
       8
       3
       3
       4
       6
       2
       4
       2
       1
       3
       6
       2
       2
       3
       4
       2
       7
       1
       3
       1
       4
       8
       2
       3
       2
       5
       3
       5
       1
       2
       7
       2
       5
       5
       4
       5
       4
       2
       3
       5
       5
       7
      10
       6
       5
       6
       9
      14
      10
      10
       4
       6
       4
       7
       8
       2
       2
       4
       2
       3
       0
       6
       3
       2
       4
       5
       2
       2
       2
       3
       4
       7
       5
       3
       2
       3
       4
       2
       6
       3
       3
       6
       1
       2
       1
       4
       4
       3
       4
       1
       4
       0
       2
       1
       2
       1
       4
       2
       4
       1
       1
       1
       2
       4
       2
       1
       4
       0
       1
       5
       3
       2
       0
       1
       3
       4
       3
       2
       3
       2
       2
       1
       3
       3
       1
       1
       2
       4
       4
       2
       1
       5
       2
       5
       5
       6
       6
       4
       1
       3
       4
       1
       2
       5
       2
       2
       0
       3
       1
       3
       4
       4
       6
       2
       6
       3
       3
       1
       3
       3
       3
       0
       2
       3
       4
       4
       1
       4
       1
       2
       3
       4
       1
       2
       2
       2
       2
       3
       4
       3
       1
       1
       3
       2
       0
       3
       3
       1
       2
       3
       2
       1
       2
       1
       3
       1
       2
       2
       2
       2
       4
       3
       2
       2
       2
       2
       6
       1
       0
       3
       2
       2
       3
       1
       2
       3
       1
       0
       2
       4
       0
       3
       1
       2
       2
       1
       4
       1
       3
       1
       2
       3
       3
       5
       2
       2
       5
       2
       4
       5
       2
       2
       4
       3
       4
       1
       2
       2
       2
       2
       2
       1
       6
       3
       0
       3
       0
       1
       1
       2
       1
       3
       3
       1
       3
       4
       4
       3
       2
       7
       3
       4
       4
       3
       1
       2
       1
       2
       5
       4
       2
       2
       1
       5
       2
       0
       4
       2
       1
       2
       6
       2
       2
       4
       4
       2
       1
       1
       2
       3
       4
       5
       1
       4
       1
       3
       3
       2
       4
       3
       2
       3
       3
       0
       7
       0
       5
       2
       2
       0
       5
       0
       2
       2
       0
       1
       3
       1
       4
       4
       2
       2
       4
       3
       4
       3
       2
       3
       6
       6
       5
       6
       3
       6
       5
       5
       2
      10
       3
       3
       2
       0
       5
       1
       5
       4
       3
       2
       0
       2
       1
       0
       1
       4
       1
       0
       7
       2
       3
       3
       1
       1
       0
       1
       1
       2
       1
       1
       5
       1
       4
       3
       2
       0
       3
       1
       2
       2
       2
       1
       4
       1
       1
       3
       4
       2
       0
       1
       5
       1
       2
       0
       2
       0
       1
       2
       0
       2
       3
       2
       2
       0
       1
       0
       3
       2
       1
       3
       3
       5
       3
       0
       3
       1
       0
       2
       1
       1
       1
       2
       2
       1
       0
       0
       2
       2
       2
       3
       2
       1
       0
       2
       3
       3
       2
       2
       1
       0
       4
       1
       1
       1
       2
       3
       1
       2
       0
       1
       1
       1
       4
       4
       6
       3
       0
       2
       0
       2
       0
       2
       1
       1
       2
       2
       1
       5
       1
       1
       4
       2
       1
       3
       6
       3
       2
       4
       1
       0
       0
       4
       2
       3
       1
       0
       2
       3
       3
       0
       2
       0
       3
       2
       3
       3
       1
       1
       4
       2
       1
       4
       5
       2
       3
       0
       1
       3
       1
       3
       0
       2
       0
       3
       2
       0
       3
       2
       2
       3
       0
       1
       0
       1
       1
       3
       2
       2
       1
       3
       1
       2
       4
       1
       1
       2
       2
       2
       0
       2
       2
       3
       2
       4
       5
       2
       2
       1
       1
       5
       2
       0
       1
       5
       0
       1
       1
       3
       1
       1
       1
       1
       3
       0
       2
       1
       0
       0
       2
       0
       2
       0
       5
       2
       3
       3
       1
       4
       3
       2
       4
       1
       2
       3
       2
       1
       3
       2
       3
       2
       2
       2
       0
       0
       2
       4
       4
       1
       0
       3
       2
       1
       2
       1
       2
       2
       5
       1
       0
       0
       1
       1
       3
       1
       3
       0
       2
       4
       4
       2
       0
       3
       1
       1
       1
       2
       2
       1
       0
       1
       1
       0
       1
       1
       2
       2
       2
       2
       2
       2
       3
       0
       2
       2
       4
       2
       2
       2
       1
       0
       2
       0
       4
       5
       1
       0
       0
       2
       1
       1
       1
       0
       1
       2
       1
       1
       6
       0
       2
       3
       1
       2
       1
       1
       1
       4
       5
       1
       1
       1
       0
       3
       7
       3
       2
       3
       3
       4
       3
       3
       4
       1
       3
       4
       0
       0
       3
       2
       2
       3
       1
       1
       2
       5
       2
       1
       2
       2
       1
       1
       2
       3
       3
       1
       0
       1
       0
       0
       3
       4
       1
       3
       2
       3
       4
       0
       4
       2
       1
       2
       0
       0
       2
       1
       3
       0
       3
       3
       1
       1
       1
       3
       1
       2
       1
       1
       2
       0
       0
       0
       0
       0
       0
       0
       2
       1
       0
       3
       3
       3
       4
       2
       2
       1
       2
       1
       3
       0
       4
       1
       1
       1
       1
       4
       2
       3
       1
       2
       0
       0
       3
       0
       0
       2
       3
       1
       0
       3
       1
       1
       0
       1
       2
       4
       1
       0
       1
       1
       1
       1
       1
       2
       1
       1
       1
       2
       1
       1
       1
       0
       1
       0
       2
       0
       3
       5
       0
       2
       2
       0
       2
       0
       2
       1
       2
       1
       3
       2
       2
       1
       1
       2
       0
       2
       0
       3
       0
       0
       0
       3
       1
       3
       1
       2
       0
       4
       0
       2
       0
       1
       2
       3
       0
       1
       4
       0
       0
       2
       1
       1
       2
       1
       2
       0
       0
       1
       0
       0
       2
       1
       1
       3
       2
       0
       1
       0
       2
       1
       0
       1
       3
       0
       1
       1
       2
       1
       1
       2
       2
       1
       2
       0
       5
       1
       4
       0
       3
       2
       0
       1
       4
       1
       0
       1
       2
       1
       2
       2
       1
       2
       3
       0
       3
       1
       1
       1
       0
       0
       2
       1
       1
       3
       0
       1
       3
       1
       0
       2
       0
       1
       6
       2
       1
       3
       1
       2
       0
       0
       1
       0
       0
       2
       2
       0
       1
       2
       2
       2
       1
       1
       0
       2
       0
       1
       0
       0
       2
       4
       4
       2
       0
       1
       2
       2
       1
       0
       5
       0
       1
       1
       2
       0
       2
       0
       1
       0
       2
       3
       2
       0
       0
       0
       0
       0
       0
       0
       0
       0
       1
       2
       0
       1
       0
       1
       2
       2
       2
       1
       0
       0
       1
       0
       3
       1
       1
       1
       1
       1
       2
       2
       1
       3
       2
       0
       1
       3
       2
       0
       0
       2
       2
       2
       4
       1
       1
       2
       3
       0
       1
       0
       0
       1
       5
       1
       2
       4
       2
       0
       0
       0
       0
       0
       0
       3
       0
       3
       2
       0
       1
       1
       2
       3
       0
       1
       0
       0
       1
       0
       0
       0
       2
       3
       0
       0
       3
       0
       1
       1
       1
       2
       0
       0
       2
       0
       0
       2
       1
       0
       3
       0
       2
       2
       1
       1
       0
       1
       1
       0
       0
       0
       3
       1
       2
       0
       1
       2
       0
       1
       1
       1
       2
       1
       1
       1
       1
       1
       2
       2
       0
       1
       1
       2
       0
       1
       0
       0
       1
       1
       2
       1
       1
       0
       2
       3
       0
       1
       0
       0
       0
       0
       2
       1
       0
       1
       1
       1
       1
       0
       1
       1
       1
       1
       0
       1
       0
       1
       0
       1
       2
       1
       0
       1
       0
       2
       0
       1
       1
       0
       2
       0
       0
       0
       0
       1
       1
       3
       0
       0
       1
       1
       0
       1
       0
       0
       1
       1
       0
       2
       1
       1
       2
       3
       1
       2
       0
       1
       0
       2
       1
       0
       0
       0
       0
       1
       2
       0
       0
       1
       0
       2
       0
       0
       1
       0
       1
       0
       1
       3
       1
       1
       1
       0
       1
       1
       0
       0
       0
       1
       1
       1
       1
       2
       2
       1
       1
       0
       0
       2
       0
       0
       0
       1
       0
       0
       3
       2
       0
       1
       2
       1
       0
       0
       0
       1
       1
       1
       1
       0
       0
       0
       2
       1
       0
       1
       1
       1
       2
       1
       1
       2
       0
       0
       0
       1
       0
       0
       0
       0
       0
       1
       0
       0
       0
       0
       0
       0
       0
       0
       0
       0
       0
       1
       4
       1
       1
       1
       1
       1
       1
       0
       0
       1
       3
       2
       1
       1
       1
       1
       0
       0
       1
       0
       1
       1
       0
       0
       2
       1
       0
       1
       0
       0
       0
       0
       0
       1
       1
       0
       2
       0
       1
       0
       0
       0
       0
       4
       0
       0
       0
       1
       0
       1
       0
       0
       3
       1
       0
       0
       0
       0
       0
       2
       0
       0
       1
       0
       2
       0
       2
       0
       0
       3
       1
       3
       0
       0
       0
       1
       1
       1
       1
       0
       1
       1
       1
       1
       0
       0
       1
       0
       0
       0
       0
       1
       0
       0
       0
       1
       1
       1
       0
       1
       0
       1
       1
       1
       0
       3
       0
       1
       1
       2
       1
       0
       2
       0
       2
       1
       3
       1
       1
       1
       1
       0
       0
       2
       2
       1
       0
       0
       1
       1
       0
       0
       0
       0
       0
       2
       0
       1
       1
       0
       0
       0
       1
       0
       0
       2
       0
       2
       0
       1
       0
       1
       0
       0
       1
       0
       0
       0
       0
       1
       0
       0
       0
       0
       1
       0
       0
       1
       0
       1
       0
       0
       1
       0
       1
       1
       0
       0
       1
       0
       0
       0
       3
       0
       1
       0
       2
       1
       0
       0
       0
       0
       1
       0
       0
       1
       1
       0
       0
       0
       1
       1
       0
       0
       0
       0
       2
       0
       2
       0
       0
       1
       0
       2
       1
       4
       1
       1
       2
       1
       1
       1
       1
       0
       1
       0
       0
       0
       2
       1
       1
       0
       0
       0
       0
       0
       1
       1
       0
       0
       0
       0
       1
       1
       1
       0
       3
       0
       1
       0
       0
       1
       0
       0
       1
       1
       1
       0
       1
       0
       1
       1
       0
       0
       1
       0
       1
       0
       0
       0
       2
       0
       0
       0
       0
       0
       2
       1
       0
       0
       0
       1
       0
       3
       2
       0
       0
       4
       1
       0
       2
       2
       3
       3
       0
       3
       2
       3
       1
       0
       1
       2
       1
       1
       1
       1
       0
       0
       1
       0
       0
       0
       0
       1
       0
       1
       0
       0
       0
       0
       1
       1
       0
       0
       0
       1
       1
       0
       0
       0
       1
       2
       0
       1
       0
       1
       0
       1
       0
       0
       0
       0
       0
       1
       0
       0
       1
       0
       1
       2
       0
       0
       1
       2
       2
       0
       1
       2
       0
       0
       1
       0
       0
       1
       1
       1
       2
       0
       1
       0
       0
       0
       4
       2
       3
       6
       3
       5
       4
       1
       5
       4
       2
       4
       0
       5
       1
       0
       2
       4
       0
       1
       3
       1
       2
       0
       0
       0
       0
       0
       0
       0
       0
       2
       0
       0
       0
       1
       1
       0
       1
       0
       0
       0
       1
       1
       0
       1
       0
       0
       1
       0
       2
       0
       0
       0
       1
       0
       0
       1
       0
       0
       0
       0
       1
       0
       1
       0
       1
       1
       1
       2
       0
       2
       0
       0
       0
       0
       1
       2
       0
       1
       1
       0
       1
       0
       1
       0
       0
       0
       0
       0
       0
       0
       1
       0
       0
       0
       0
       0
       1
       0
       0
       0
       1
       0
       0
       0
       0
       0
       1
       2
       0
       0
       0
       0
       0
       1
       1
       0
       0
       2
       0
       0
       0
       1
       1
       0
       0
       0
       0
       1
       1
       0
       0
       0
       0
       0
       0
       0
       2
       0
       0
       0
       2
       2
       2
       0
       0
       1
       0
       0
       0
       0
       0
       1
       0
       1
       0
       0
       1
       0
       1
       0
       0
       3
       0
       0
       0
       0
       0
       2
       1
       0
       0
       0
       0
       1
       0
       0
       1
       3
       0
       3
       0
       1
       0
       0
       0
       0
       0
       0
       0
       1
       1
       0
       1
       0
       0
       2
       0
       1
       0
       1
       1
       1
       1
       2
       1
       0
       1
       1
       2
       1
       3
       0
       0
       0
       0
       2
       0
       1
       1
       1
       0
       1
       0
       0
       0
       0
       0
       2
       0
       0
       1
       1
       0
       0
       0
       0
       1
       2
       0
       0
       0
       1
       1
       1
       3
       1
       1
       0
       1
       0
       0
       2
       1
       0
       0
       0
       0
       0
       1
       0
       2
       1
       1
       0
       2
       0
       0
       0
       0
       1
       1
       0
       0
       0
       2
       0
       0
       1
       0
       0
       0
       0
       1
       1
       0
       0
       0
       1
       0
       0
       1
       0
       0
       0
       0
       1
       0
       1
       0
       0
       0
       2
       0
       1
       0
       0
       1
       0
       0
       0
       1
       0
       0
       1
       1
       0
       3
       0
       0
       2
       0
       1
       1
       2
       0
       0
       0
       1
       2
       0
       0
       1
       1
       0
       1
       0
       2
       1
       1
       1
       1
       0
       0
       1
       0
       0
       2
       0
       0
       0
       1
       0
       0
       0
       1
       0
       1
       0
       1
       0
       0
       0
       1
       1
       0
       1
       2
       0
       0
       0
       0
       0
       3
       0
       1
       0
       1
       0
       0
       0
       1
       1
       1
       1
       2
       0
       0
       1
       0
       1
       0
       0
       0
       1
       0
       1
       1
       0
       0
       3
       0
       0
       1
       2
       0
       1
       0
       0
       0
       0
       0
       0
       0
       0
       0
       1
       0
       0
       1
       1
       1
       2
       0
       0
       0
       0
       0
       1
       0
       0
       0
       0
       0
       2
       2
       1
       0
       1
       1
       1
       0
       0
       0
       0
       1
       1
       0
       2
       1
       2
       0
       0
       2
       0
       0
       0
       0
       0
       0
       0
       0
       0
       0
       0
       1
       2
       0
       0
       0
       1
       0
       1
       0
       2
       0
       0
       0
       0
       0
       0
       1
       0
       0
       0
       1
       0
       0
       0
       0
       0
       1
       1
       1
       0
       0
       0
       1
       0
       1
       0
       0
       0
       0
       1
       0
       0
       0
       0
       0
       0
       1
       0
       0
       0
       1
       1
       0
       0
       1
       0
       0
       0
       0
       0
       0
       2
       1
       0
       0
       0
       0
       0
       1
       1
       0
       0
       0
       0
       1
       0
       1
       0
       1
       0
       1
       0
       0
       0
       0
       1
       0
       0
       0
       0
       0
       1
       0
       0
       1
       1
       0
       0
       0
       0
       0
       0
       0
       0
       0
       0
       0
       1
       1
       0
       0
       0
       2
       0
       0
       0
       1
       0
       0
       2
       0
       1
       0
       0
       0
       0
       0
       0
       2
       0
       1
       1
       0
       0
       1
       0
       0
       1
       0
       1
       1
       0
       0
       1
       0
       0
       1
       1
       0
       0
       1
       0
       0
       0
       0
       1
       0
       0
       1
       0
       0
       0
       1
       1
       0
       0
       1
       1
       2
       0
       0
       1
       0
       0
       0
       0
       0
       0
       0
       1
       1
       0
       0
       1
       1
       0
       0
       0
       0
       0
       0
       0
       1
       0
       0
       0
       0
       0
       0
       1
       1
       1
       0
       0
       0
       0
       1
       0
       0
       1
       0
       0
       0
       2
       0
       0
       0
       0
       1
       1
       0
       0
       0
       1
       0
       1
       0
       0
       0
       1
       1
       0
       1
       0
       0
       0
       0
       0
       0
       0
       1
       0
       0
       1
       0
       0
       0
       0
       0
       0
       0
       0
       0
       0
       2
       1
       1
       0
       1
       0
       1
       0
       0
       1
       1
       0
       1
       0
       1
       0
       0
       0
       0
       0
       0
       2
       1
       0
       1
       1
       0
       0
       0
       1
       0
       1
       0
       0
       0
       0
       1
       0
       1
       0
       0
       0
       0
       0
       0
       1
       0
       0
       0
       0
       0
       0
       0
       0
       0
       0
       0
       0
       0
       1
       0
       0
       0
       0
       1
       0
       0
       0
       0
       0
       1
       0
       0
       0
       0
       0
       0
       1
       1
       0
       0
       0
       0
       0
       0
       1
       0
       0
       0
       0
       0
       1
       0
       0
       0
       0
       0
       0
       1
       1
       1
       0
       2
       0
       1
       0
       0
       1
       0
       1
       0
       1
       0
       0
       0
       0
       0
       0
       1
       0
       1
       0
       0
       0
       1
       0
       0
       0
       0
       1
       0
       0
       0
       0
       1
       0
       0
       1
       0
       0
       0
       2
       1
       1
       0
       1
       0
       1
       1
       1
       0
       1
       0
       1
       0
       0
       0
       0
       0
       0
       0
       0
       0
       0
       0
       0
       0
       0
       0
       1
       1
       2
       2
       1
       0
       0
       0
       0
       1
       0
       0
       0
       1
       1
       0
       0
       1
       1
       1
       0
       0
       1
       0
       0
       0
       0
       0
       0
       0
       0
       0
       0
       0
       0
       0
       0
       1
       1
       1
       1
       0
       0
       0
       0
       0
       0
       0
       0
       0
       0
       0
       0
       0
       1
       2
       0
       0
       0
       0
       0
       0
       2
       0
       0
       0
       1
       0
       0
       0
       0
       0
       0
       0
       1
       0
       1
       0
       1
       1
       0
       1
       0
       0
       0
       0
       0
       0
       0
       0
       1
       0
       0
       0
       0
       0
       0
       1
       0
       0
       2
       0
       0
       0
       0
       0
       0
       0
       2
       0
       0
       0
       0
       0
       0
       0
       0
       1
       0
       1
       0
       1
       0
       0
       0
       0
       0
       0
       0
       0
       0
       0
       1
       2
       0
       0
       1
       0
       0
       0
       0
       0
       0
       0
       0
       0
       0
       0
       0
       0
       1
       0
       0
       0
       0
       1
       0
       0
       0
       0
       0
       0
       1
       0
       0
       2
       0
       0
       0
       0
       0
       0
       0
       0
       0
       1
       0
       1
       1
       0
       0
       0
       0
       0
       0
       0
       0
       1
       0
       0
       0
       1
       0
       0
       0
       0
       0
       0
       1
       2
       0
       1
       0
       0
       0
       1
       1
       1
       0
       0
       1
       1
       1
       0
       0
       2
       0
       0
       1
       2
       1
       1
       0
       1
       1
       2
       3
       1
       2
       0
       1
       1
       2
       1
       0
       1
       0
       0
       0
       0
       0
       1
       0
       0
       0
       1
       0
       0
       0
       1
       0
       0
       0
       1
       2
       0
       0
       0
       1
       1
       0
       0
       0
       0
       0
       0
       0
       2
       0
       1
       2
       1
       0
       1
       0
       0
       1
       0
       2
       0
       0
       0
       0
       0
       0
       0
       1
       1
       0
       0
       0
       1
       0
       0
       0
       0
       1
       0
       0
       0
       0
       0
       0
       1
       0
       1
       1
       0
       0
       0
       1
       0
       0
       1
       1
       1
       2
       0
       1
       0
       1
       0
       0
       1
       1
       0
       0
       0
       0
       0
       1
       0
       1
       0
       1
       1
       1
       0
       0
       0
       0
       0
       0
       0
       0
       0
       0
       0
       1
       1
       1
       0
       0
       0
       1
       1
       0
       0
       1
       0
       0
       0
       0
       0
       1
       0
       0
       0
       0
       0
       0
       0
       0
       1
       0
       0
       0
       1
       1
       0
       0
       0
       0
       0
       0
       0
       0
       0
       0
       0
       1
       0
       0
       0
       0
       0
       1
       0
       1
       1
       0
       0
       0
       1
       0
       0
       0
       0
       0
       0
       1
       0
       0
       0
       0
       0
       0
       1
       0
       0
       0
       0
       0
       0
       1
       0
       0
       0
       0
       0
       0
       0
       0
       0
       1
       1
       0
       1
       1
       0
       0
       0
       0
       0
       0
       0
       0
       0
       0
       0
       0
       0
       0
       0
       0
       0
       1
       0
       0
       0
       1
       0
       0
       0
       0
       0
       3
       1
       0
       0
       0
       1
       0
       2
       0
       0
       0
       0
       1
       0
       0
       2
       0
       0
       0
       0
       0
       0
       0
       2
       0
       0
       0
       1
       1
       1
       0
       0
       1
       0
       0
       0
       0
       0
       1
       0
       1
       0
       0
       0
       0
       0
       0
       0
       0
       1
       2
       1
       0
       0
       0
       1
       1
       0
       0
       1
       1
       0
       0
       0
       0
       0
       0
       0
       0
       0
       0
       0
       1
       0
       0
       2
       1
       1
       0
       0
       0
       0
       0
       1
       0
       0
       0
       0
       0
       0
       1
       1
       0
       0
       0
       1
       0
       0
       0
       0
       0
       0
       0
       0
       1
       1
       0
       1
       1
       0
       0
       0
       0
       0
       0
       0
       0
       0
       0
       0
       0
       0
       0
       0
       0
       0
       0
       0
       0
       2
       0
       0
       1
       0
       0
       0
       0
       0
       1
       0
       0
       0
       0
       0
       0
       0
       0
       0
       0
       0
       1
       0
       0
       2
       0
       0
       1
       0
       1
       0
       0
       0
       0
       1
       0
       1
       0
       0
       0
       0
       0
       0
       1
       0
       0
       0
       0
       1
       0
       0
       0
       0
       0
       0
       2
       0
       1
       0
       0
       0
       0
       0
       0
       0
       1
       0
       1
       0
       0
       1
       1
       0
       0
       0
       0
       0
       0
       0
       1
       1
       0
       0
       0
       0
       0
       1
       0
       0
       0
       0
       0
       0
       0
       0
       0
       0
       0
       0
       0
       0
       0
       0
       0
       0
       0
       0
       0
       0
       0
       1
       1
       0
       0
       0
       0
       0
       0
       0
       0
       2
       0
       1
       0
       1
       0
       0
       0
       0
       0
       2
       0
       0
       0
       0
       1
       2
       0
       1
       0
       0
       0
       0
       0
       0
       1
       0
       0
       0
       0
       0
       0
       1
       0
       1
       0
       2
       0
       0
       0
       0
       1
       0
       0
       0
       0
       0
       1
       1
       0
       0
       0
       0
       0
       1
       0
       0
       0
       0
       0
       1
       0
       0
       0
       0
       1
       1
       0
       0
       0
       0
       1
       0
       0
       1
       0
       1
       0
       1
       1
       2
       0
       0
       0
       0
       0
       0
       0
       0
       0
       0
       0
       0
       0
       0
       0
       0
       0
       0
       0
       0
       1
       1
       0
       0
       0
       0
       0
       0
       1
       0
       0
       0
       1
       0
       1
       0
       2
       0
       2
       1
       1
       1
       0
       1
       0
       1
       0
       1
       0
       0
       0
       0
       2
       1
       0
       1
       1
       0
       0
       0
       0
       0
       0
       0
       0
       1
       0
       0
       0
       0
       0
       1
       0
       0
       1
       1
       0
       0
       0
       0
       0
       0
       0
       0
       0
       0
       0
       0
       0
       1
       0
       0
       1
       0
       1
       0
       0
       0
       1
       0
       0
       1
       0
       1
       0
       0
       0
       0
       0
       0
       0
       0
       0
       0
       0
       0
       0
       1
       0
       0
       0
       0
       0
       0
       0
       0
       0
       0
       0
       0
       0
       0
       0
       0
       0
       1
       0
       1
       1
       0
       1
       0
       0
       0
       0
       0
       0
       0
       0
       0
       0
       0
       0
       0
       0
       0
       0
       0
       0
       0
       0
       0
       0
       0
       0
       0
       0
       0
       0
       0
       0
       0
       0
       0
       1
       0
       0
       0
       0
       1
       0
       0
       0
       0
       0
       0
       1
       0
       0
       0
       0
       0
       0
       0
       0
       0
       0
       2
       0
       0
       1
       0
       0
       0
       0
       0
       0
       0
       0
       1
       0
       0
       0
       0
       0
       0
       0
       0
       0
       0
       0
       1
       0
       0
       0
       0
       0
       0
       0
       1
       1
       0
       0
       0
       0
       0
       0
       1
       0
       0
       0
       0
       0
       0
       0
       0
       0
       1
       1
       0
       1
       1
       0
       0
       0
       0
       0
       1
       0
       0
       0
       0
       1
       1
       0
       0
       0
       1
       1
       0
       1
       0
       0
       0
       1
       0
       0
       0
       1
       0
       0
       0
       0
       0
       0
       0
       0
       0
       0
       0
       0
       0
       0
       0
       1
       0
       0
       0
       1
       0
       0
       0
       1
       0
       1
       0
       1
       0
       0
       0
       1
       0
       0
       2
       0
       0
       0
       0
       0
       0
       0
       0
       0
       1
       0
       0
       0
       0
       0
       0
       0
       1
       1
       0
       2
       0
       0
       0
       1
       1
       0
       0
       0
       0
       0
       0
       0
       0
       0
       0
       1
       0
       0
       0
       0
       0
       0
       0
       0
       0
       0
       0
       0
       0
       0
       0
       0
       0
       0
       1
       0
       0
       0
       0
       0
       0
       0
       0
       0
       0
       0
       0
       0
       0
       0
       0
       0
       0
       0
       0
       0
       1
       0
       0
       0
       1
       0
       0
       1
       0
       0
       1
       0
       1
       0
       0
       0
       0
       1
       0
       1
       0
       0
       0
       0
       0
       0
       0
       0
       1
       1
       0
       0
       0
       0
       1
       1
       0
       0
       0
       0
       0
       1
       0
       0
       0
       0
       0
       0
       0
       0
       1
       0
       0
       0
       0
       1
       0
       1
       0
       0
       0
       0
       2
       0
       0
       1
       0
       1
       0
       0
       1
       0
       1
       4
       0
       0
       1
       1
       0
       0
       1
       0
       0
       0
       1
       1
       0
       0
       1
       0
       0
       0
       0
       1
       0
       1
       1
       0
       0
       0
       0
       0
       0
       0
       0
       0
       0
       0
       0
       0
       0
       0
       0
       0
       0
       0
       0
       0
       0
       1
       0
       1
       0
       0
       1
       0
       0
       0
       0
       1
       0
       1
       0
       0
       0
       0
       0
       0
       0
       0
       1
       0
       0
       0
       0
       0
       0
       0
       0
       0
       0
       1
       0
       0
       0
       0
       0
       0
       0
       1
       0
       0
       0
       0
       0
       0
       1
       0
       0
       0
       0
       0
       0
       0
       0
       0
       0
       0
       0
       0
       0
       0
       0
       0
       0
       0
       2
       0
       0
       0
       0
       1
       0
       1
       0
       0
       1
       0
       0
       0
       0
       0
       0
       0
       0
       1
       0
       1
       0
       0
       0
       0
       0
       0
       0
       0
       0
       1
       0
       0
       0
       0
       0
       0
       0
       0
       0
       0
       0
       0
       0
       0
       0
       0
       1
       1
       1
       0
       1
       0
       1
       1
       0
       1
       1
       0
       0
       0
       0
       0
       0
       0
       1
       0
       1
       0
       0
       0
       0
       0
       0
       0
       0
       0
       0
       1
       0
       0
       0
       0
       0
       0
       0
       0
       1
       0
       0
       0
       1
       0
       0
       0
       1
       0
       0
       0
       1
       0
       1
       0
       1
       0
       0
       0
       0
       0
       0
       1
       0
       0
       0
       0
       0
       0
       0
       0
       0
       0
       0
       0
       1
       0
       0
       0
       0
       1
       0
       1
       0
       1
       0
       0
       1
       0
       0
       0
       0
       2
       0
       0
       0
       0
       0
       0
       0
       0
       0
       0
       0
       0
       0
       0
       0
       0
       1
       0
       0
       0
       0
       0
       0
       0
       0
       0
       0
       0
       0
       0
       0
       0
       0
       0
       0
       0
       0
       0
       0
       0
       0
       0
       1
       0
       0
       0
       0
       1
       0
       0
       0
       0
       0
       0
       0
       0
       0
       0
       0
       0
       0
       1
       0
       0
       0
       0
       0
       0
       0
       0
       0
       0
       0
       0
       0
       0
       1
       0
       0
       0
       0
       0
       0
       0
       0
       0
       2
       0
       0
       0
       0
       0
       1
       0
       0
       0
       0
       0
       0
       0
       0
       0
       0
       1
       0
       1
       1
       1
       1
       1
       2
       0
       0
       1
       0
       1
       0
       0
       0
       0
       0
       0
       0
       0
       0
       0
       0
       0
       0
       0
       0
       0
       1
       0
       0
       0
       0
       0
       0
       1
       2
       0
       0
       0
       0
       0
       0
       0
       0
       1
       0
       0
       0
       1
       0
       0
       0
       0
       0
       0
       0
       0
       0
       0
       0
       0
       0
       2
       0
       1
       0
       2
       0
       0
       0
       0
       0
       2
       0
       0
       1
       0
       0
       0
       0
       0
       0
       0
       0
       0
       0
       0
       1
       0
       0
       0
       0
       0
       0
       1
       0
       0
       0
       0
       0
       0
       0
       0
       0
       0
       0
       0
       0
       0
       0
       0
       0
       1
       0
       0
       0
       0
       0
       0
       1
       1
       0
       0
       0
       0
       0
       0
       0
       0
       0
       0
       0
       0
       0
       0
       0
       0
       0
       0
       0
       0
       0
       0
       0
       0
       0
       0
       0
       0
       0
       0
       0
       1
       0
       0
       0
       1
       0
       0
       0
       0
       0
       0
       0
       0
       0
       0
       1
       0
       0
       0
       0
       0
       1
       0
       0
       0
       2
       0
       0
       0
       0
       0
       0
       0
       0
       0
       0
       0
       0
       0
       0
       0
       0
       0
       0
       0
       0
       0
       0
       1
       0
       0
       0
       0
       0
       0
       0
       0
       0
       0
       0
       0
       0
       0
       0
       1
       0
       0
       0
       0
       0
       1
       0
       0
       0
       0
       0
       0
       0
       0
       1
       1
       0
       0
       0
       0
       0
       0
       0
       0
       0
       0
       0
       0
       0
       0
       0
       0
       0
       0
       0
       0
       0
       0
       1
       0
       0
       0
       0
       0
       1
       0
       0
       1
       0
       0
       0
       0
       0
       0
       0
       0
       1
       0
       0
       0
       0
       0
       0
       0
       1
       0
       0
       0
       0
       0
       0
       0
       0
       0
       0
       0
       1
       1
       0
       0
       0
       0
       0
       0
       0
       0
       0
       0
       0
       0
       0
       1
       0
       0
       0
       0
       0
       0
       1
       0
       0
       0
       0
       1
       0
       0
       0
       0
       0
       0
       0
       0
       0
       0
       0
       1
       0
       0
       0
       0
       1
       0
       1
       0
       0
       0
       0
       2
       1
       0
       0
       0
       1
       0
       0
       0
       0
       0
       0
       0
       1
       0
       0
       0
       0
       0
       0
       0
       0
       0
       0
       0
       0
       0
       1
       0
       0
       0
       0
       0
       0
       3
       0
       0
       0
       1
       0
       0
       2
       0
       1
       0
       0
       0
       0
       0
       0
       0
       0
       0
       0
       0
       0
       0
       0
       0
       0
       0
       0
       0
       0
       0
       0
       0
       1
       0
       0
       0
       0
       1
       0
       0
       0
       0
       0
       0
       0
       0
       0
       0
       0
       0
       1
       0
       0
       1
       1
       0
       0
       0
       0
       0
       1
       0
       0
       0
       0
       0
       0
       0
       0
       0
       1
       0
       0
       0
       0
       0
       0
       1
       0
       0
       0
       0
       0
       0
       0
       0
       0
       0
       0
       0
       0
       0
       0
       0
       0
       0
       0
       0
       0
       0
       0
       0
       0
       0
       0
       0
       0
       0
       0
       1
       0
       0
       0
       0
       0
       0
       0
       0
       0
       0
       0
       0
       0
       0
       0
       0
       0
       0
       0
       0
       0
       0
       0
       0
       0
       1
       1
       0
       1
       0
       0
       0
       0
       1
       0
       0
       0
       0
       0
       1
       0
       1
       0
       0
       0
       0
       0
       1
       0
       0
       0
       0
       0
       0
       0
       0
       0
       0
       1
       0
       0
       0
       0
       0
       1
       0
       0
       0
       0
       0
       0
       0
       0
       0
       1
       0
       0
       0
       0
       0
       0
       0
       0
       0
       0
       0
       0
       0
       0
       0
       0
       0
       0
       0
       0
       0
       0
       0
       0
       1
       0
       0
       0
       0
       0
       0
       0
       0
       0
       0
       1
       0
       0
       0
       0
       0
       0
       0
       0
       0
       1
       0
       1
       0
       0
       0
       0
       0
       0
       0
       0
       0
       2
       0
       0
       2
       0
       0
       3
       1
       0
       0
       1
       0
       0
       0
       0
       0
       0
       0
       0
       0
       0
       0
       0
       0
       0
       0
       0
       0
       0
       0
       0
       0
       0
       0
       0
       0
       0
       0
       0
       0
       0
       0
       0
       0
       0
       0
       0
       1
       0
       0
       0
       0
       1
       0
       0
       0
       0
       0
       0
       0
       0
       0
       0
       1
       0
       0
       0
       0
       0
       0
       0
       0
       0
       0
       1
       1
       0
       0
       0
       0
       1
       0
       0
       2
       0
       0
       0
       0
       1
       0
       0
       0
       0
       0
       0
       0
       1
       0
       0
       0
       0
       0
       0
       0
       0
       0
       0
       0
       0
       0
       0
       1
       0
       1
       0
       0
       0
       0
       0
       0
       0
       0
       0
       0
       0
       0
       0
       0
       0
       0
       1
       1
       0
       0
       0
       0
       0
       0
       0
       0
       0
       1
       0
       0
       0
       1
       0
       0
       0
       0
       0
       0
       0
       0
       0
       0
       0
       0
       0
       0
       0
       0
       0
       0
       0
       0
       0
       0
       0
       0
       0
       0
       0
       0
       0
       0
       0
       0
       0
       0
       0
       0
       0
       0
       0
       0
       0
       0
       0
       0
       1
       0
       0
       0
       0
       0
       0
       0
       1
       0
       0
       0
       0
       0
       0
       0
       0
       1
       0
       0
       1
       0
       0
       0
       0
       0
       0
       0
       0
       1
       0
       0
       0
       0
       0
       0
       0
       0
       0
       0
       1
       0
       0
       0
       0
       0
       1
       0
       0
       0
       0
       0
       1
       0
       0
       0
       1
       0
       0
       0
       0
       0
       1
       0
       0
       0
       0
       0
       0
       0
       0
       0
       0
       0
       0
       0
       0
       0
       2
       0
       0
       0
       0
       0
       0
       0
       0
       0
       0
       0
       0
       0
       0
       0
       0
       1
       0
       0
       0
       0
       0
       0
       1
       0
       0
       0
       0
       0
       0
       0
       0
       0
       0
       0
       0
       0
       0
       0
       0
       0
       0
       0
       0
       1
       1
       0
       0
       0
       0
       1
       0
       0
       0
       0
       0
       0
       0
       1
       1
       0
       0
       0
       0
       1
       0
       0
       0
       0
       1
       0
       0
       0
       0
       0
       0
       0
       0
       0
       1
       0
       0
       0
       0
       0
       1
       0
       0
       0
       0
       0
       0
       0
       0
       0
       0
       1
       0
       0
       0
       0
       0
       0
       0
       0
       0
       0
       0
       0
       0
       0
       0
       1
       0
       0
       0
       0
       0
       2
       0
       0
       0
       0
       0
       1
       0
       0
       0
       0
       0
       0
       0
       1
       0
       0
       0
       0
       1
       1
       0
       0
       0
       0
       0
       0
       1
       0
       0
       0
       0
       1
       0
       0
       0
       0
       0
       0
       0
       0
       0
       0
       0
       0
       0
       0
       0
       0
       1
       0
       0
       0
       0
       0
       0
       0
       0
       0
       0
       0
       0
       0
       0
       0
       0
       0
       0
       0
       0
       0
       0
       0
       0
       0
       0
       0
       0
       0
       0
       0
       0
       0
       0
       0
       0
       0
       0
       0
       0
       0
       0
       0
       0
       0
       0
       0
       0
       0
       0
       0
       0
       0
       0
       0
       0
       0
       0
       0
       0
       0
       0
       0
       0
       0
       0
       0
       0
       0
       0
       0
       0
       0
       0
       0
       0
       0
       0
       0
       0
       0
       0
       0
       0
       0
       0
       0
       0
       0
       0
       0
       0
       0
       0
       0
       0
       0
       0
       0
       0
       0
       0
       0
       0
       0
       0
       0
       0
       0
       0
       0
       0
       0
       0
       0
       0
       0
       0
       0
       0
       0
       0
       0
       0
       0
       0
       0
       0
       0
       0
       0
       0
       0
       0
       0
       0
       0
       0
       0
       0
       0
       0
       0
       0
       0
       0
       0
       0
       0
       0
       0
       0
       0
       0
       0
       0
       0
       0
       0
       0
       0
       0
       0
       0
       0
       0
       0
       0
       0
       0
       0
       0
       0
       0
       0
       0
       0
       0
       0
       0
       0
       0
       0
       0
       0
       0
       0
$ROI:
1
1274 1298
$PRESETS:
None
0
0
$ENER_FIT:
-0.507299 0.397161
$MCA_CAL:
3
-5.072988E-001 3.971613E-001 1.692723E-008 keV
$SHAPE_CAL:
3
3.387514E+000 1.826936E-003 2.337569E-007
