  ENERGY STRUCTURE NUMBER OF GROUP BOUNDARIES =    46

  4.142E-07  1.130E-06  3.007E-06  1.070E-05  2.900E-05  1.010E-04  2.750E-04  5.829E-04  1.230E-03  3.350E-03
  1.030E-02  2.200E-02  2.500E-02  3.400E-02  5.250E-02  1.100E-01  1.600E-01  2.500E-01  3.600E-01  5.500E-01
  6.300E-01  7.400E-01  8.000E-01  9.600E-01  1.100E+00  1.400E+00  1.800E+00  2.300E+00  2.400E+00  3.000E+00
  4.100E+00  4.700E+00  5.000E+00  6.400E+00  7.400E+00  8.200E+00  9.100E+00  1.000E+01  1.110E+01  1.220E+01
  1.250E+01  1.380E+01  1.420E+01  1.490E+01  1.690E+01  1.960E+01

  SELF SHIELDING

  IN115G  IFX     0.394E+02    45  INNG

  5.015E-01  3.646E-02  3.372E-01  5.592E-01  5.929E-01  6.694E-01  8.047E-01  9.264E-01  9.839E-01  9.880E-01
  9.899E-01  9.917E-01  9.922E-01  9.935E-01  9.951E-01  9.963E-01  9.970E-01  9.976E-01  9.977E-01  9.976E-01
  9.975E-01  9.974E-01  9.973E-01  9.973E-01  9.974E-01  9.977E-01  9.982E-01  9.986E-01  9.989E-01  9.995E-01
  1.000E+00  1.000E+00  1.000E+00  1.000E+00  1.000E+00  1.000E+00  1.000E+00  1.000E+00  1.000E+00  1.000E+00
  1.000E+00  1.000E+00  1.000E+00  1.000E+00  1.000E+00

  SELF SHIELDING

  AU197G  IFX     0.100E+02    45  AUNG

  9.203E-01  9.024E-01  9.306E-02  9.914E-01  3.428E-01  7.022E-01  7.241E-01  8.279E-01  9.332E-01  9.836E-01
  9.941E-01  9.962E-01  9.965E-01  9.971E-01  9.978E-01  9.982E-01  9.984E-01  9.986E-01  9.990E-01  9.992E-01
  9.993E-01  9.993E-01  9.994E-01  9.994E-01  9.995E-01  9.999E-01  1.000E+00  1.000E+00  1.000E+00  1.000E+00
  1.000E+00  1.000E+00  1.000E+00  1.000E+00  1.000E+00  1.000E+00  1.000E+00  1.000E+00  1.000E+00  1.000E+00
  1.000E+00  1.000E+00  1.000E+00  1.000E+00  1.000E+00

  SELF SHIELDING

  TA181G  IFX     0.394E+01    45  TANG

  9.909E-01  9.888E-01  2.933E-01  6.982E-01  5.576E-01  8.199E-01  9.243E-01  9.567E-01  9.822E-01  9.950E-01
  9.971E-01  9.981E-01  9.983E-01  9.986E-01  9.989E-01  9.992E-01  9.994E-01  9.997E-01  1.000E+00  1.000E+00
  1.000E+00  1.000E+00  1.000E+00  1.000E+00  1.000E+00  1.000E+00  1.000E+00  1.000E+00  1.000E+00  1.000E+00
  1.000E+00  1.000E+00  1.000E+00  1.000E+00  1.000E+00  1.000E+00  1.000E+00  1.000E+00  1.000E+00  1.000E+00
  1.000E+00  1.000E+00  1.000E+00  1.000E+00  1.000E+00
