1.59229 1.31135e+07 4.88394e+06 
2.58836 1.89034e+07 4.25425e+06 
3.58444 1.06638e+07 1.19047e+06 
4.58051 9.94523e+06 2.42905e+06 
5.57658 6.23424e+06 1.14567e+06 
6.57266 4.29114e+06 1.04243e+06 
7.56873 2.88959e+06 499281 
8.5648 2.48963e+06 522071 
9.56087 1.08386e+06 1.09288e+06 
10.5569 1.45789e+06 688891 
11.553 1.26442e+06 358747 
12.5491 894169 255794 
13.5452 717531 219975 
14.5412 594382 136176 
15.5373 515934 93150 
16.5334 456989 111660 
17.5295 370701 233452 
18.5255 259359 297450 
19.5216 163085 264907 
20.5177 101165 193566 
21.5137 66262.4 128868 
22.5098 48536.3 92793.4 
23.5059 39824.9 78981.4 
24.502 34731.5 74672.9 
