1.34378 103727 431414 
1.8418 1.39758e+07 1.27698e+07 
2.33983 1.18287e+07 1.28509e+07 
2.83785 9.96728e+06 7.74086e+06 
3.33588 1.18556e+07 6.35179e+06 
3.8339 9.75668e+06 2.76823e+06 
4.33193 1.03482e+07 2.71228e+06 
4.82996 8.35914e+06 1.73077e+06 
5.32798 7.28977e+06 2.22042e+06 
5.82601 5.9872e+06 1.99807e+06 
6.32403 4.725e+06 1.37805e+06 
6.82206 3.82551e+06 1.01143e+06 
7.32009 3.22164e+06 794986 
7.81811 2.72751e+06 639674 
8.31614 2.34656e+06 587848 
8.81416 2.04656e+06 569453 
9.31219 1.72781e+06 573913 
9.81021 1.46925e+06 336484 
10.3082 1.34654e+06 278953 
10.8063 1.29528e+06 251935 
11.3043 1.21258e+06 280906 
11.8023 1.08191e+06 318560 
12.3003 947925 257783 
12.7984 838703 228413 
13.2964 753234 235331 
13.7944 685063 213910 
14.2924 630274 168697 
14.7905 584503 134486 
15.2885 545516 121258 
15.7865 511222 111858 
16.2845 477484 113660 
16.7826 439665 154471 
17.2806 394267 224873 
17.7786 341546 292165 
18.2767 284500 333216 
18.7747 228513 339743 
19.2727 178617 315757 
19.7707 137660 273253 
20.2688 106208 225379 
20.7668 83187.2 181478 
21.2648 66886.5 146149 
21.7628 55592.4 120320 
22.2609 47875.9 102930 
22.7589 42652.3 92332.7 
23.2569 39113 86837.8 
23.7549 36647.6 84841.4 
24.253 34795.1 84847 
24.751 33214.7 85493.8 
