   E (MeV)	Unadj. F×Eavg	Adj. F×Eavg
 1.00000E-10	 0.00000E+00	 0.00000E+00
 1.00000E-09	 0.00000E+00	 0.00000E+00
 1.00000E-09	 0.00000E+00	 0.00000E+00
 1.00000E-08	 0.00000E+00	 0.00000E+00
 1.00000E-08	 0.00000E+00	 0.00000E+00
 2.30000E-08	 0.00000E+00	 0.00000E+00
 2.30000E-08	 0.00000E+00	 0.00000E+00
 5.00000E-08	 0.00000E+00	 0.00000E+00
 5.00000E-08	 0.00000E+00	 0.00000E+00
 7.60000E-08	 0.00000E+00	 0.00000E+00
 7.60000E-08	 0.00000E+00	 0.00000E+00
 1.15000E-07	 0.00000E+00	 0.00000E+00
 1.15000E-07	 0.00000E+00	 0.00000E+00
 1.70000E-07	 0.00000E+00	 0.00000E+00
 1.70000E-07	 0.00000E+00	 0.00000E+00
 2.55000E-07	 0.00000E+00	 0.00000E+00
 2.55000E-07	 0.00000E+00	 0.00000E+00
 3.80000E-07	 0.00000E+00	 0.00000E+00
 3.80000E-07	 0.00000E+00	 0.00000E+00
 5.50000E-07	 0.00000E+00	 0.00000E+00
 5.50000E-07	 0.00000E+00	 0.00000E+00
 8.40000E-07	 0.00000E+00	 0.00000E+00
 8.40000E-07	 0.00000E+00	 0.00000E+00
 1.27500E-06	 0.00000E+00	 0.00000E+00
 1.27500E-06	 7.24162E-14	 7.78539E-14
 1.90000E-06	 7.24162E-14	 7.78539E-14
 1.90000E-06	 1.56992E-13	 1.67926E-13
 2.80000E-06	 1.56992E-13	 1.67926E-13
 2.80000E-06	 2.75525E-13	 2.91452E-13
 4.25000E-06	 2.75525E-13	 2.91452E-13
 4.25000E-06	 3.10748E-13	 3.31470E-13
 6.30000E-06	 3.10748E-13	 3.31470E-13
 6.30000E-06	 5.73030E-13	 6.11707E-13
 9.20000E-06	 5.73030E-13	 6.11707E-13
 9.20000E-06	 5.38184E-12	 5.60457E-12
 1.35000E-05	 5.38184E-12	 5.60457E-12
 1.35000E-05	 3.04439E-10	 3.11973E-10
 2.10000E-05	 3.04439E-10	 3.11973E-10
 2.10000E-05	 5.75047E-10	 5.89302E-10
 3.00000E-05	 5.75047E-10	 5.89302E-10
 3.00000E-05	 4.49323E-10	 4.60517E-10
 4.50000E-05	 4.49323E-10	 4.60517E-10
 4.50000E-05	 5.29619E-10	 5.42835E-10
 6.90000E-05	 5.29619E-10	 5.42835E-10
 6.90000E-05	 7.20768E-10	 7.38793E-10
 1.00000E-04	 7.20768E-10	 7.38793E-10
 1.00000E-04	 8.56842E-10	 8.78393E-10
 1.35000E-04	 8.56842E-10	 8.78393E-10
 1.35000E-04	 9.56782E-10	 9.81199E-10
 1.70000E-04	 9.56782E-10	 9.81199E-10
 1.70000E-04	 7.02395E-10	 7.20411E-10
 2.20000E-04	 7.02395E-10	 7.20411E-10
 2.20000E-04	 9.36119E-10	 9.60193E-10
 2.80000E-04	 9.36119E-10	 9.60193E-10
 2.80000E-04	 9.15783E-10	 9.39618E-10
 3.60000E-04	 9.15783E-10	 9.39618E-10
 3.60000E-04	 1.19231E-09	 1.22345E-09
 4.50000E-04	 1.19231E-09	 1.22345E-09
 4.50000E-04	 9.89682E-10	 1.01545E-09
 5.75000E-04	 9.89682E-10	 1.01545E-09
 5.75000E-04	 1.05889E-09	 1.08651E-09
 7.60000E-04	 1.05889E-09	 1.08651E-09
 7.60000E-04	 1.61817E-09	 1.66267E-09
 9.60000E-04	 1.61817E-09	 1.66267E-09
 9.60000E-04	 1.35631E-09	 1.39783E-09
 1.27500E-03	 1.35631E-09	 1.39783E-09
 1.27500E-03	 5.67596E-09	 5.85848E-09
 1.60000E-03	 5.67596E-09	 5.85848E-09
 1.60000E-03	 5.15815E-09	 5.33178E-09
 2.00000E-03	 5.15815E-09	 5.33178E-09
 2.00000E-03	 4.63598E-09	 4.79205E-09
 2.70000E-03	 4.63598E-09	 4.79205E-09
 2.70000E-03	 7.55566E-09	 7.79094E-09
 3.40000E-03	 7.55566E-09	 7.79094E-09
 3.40000E-03	 4.73732E-09	 4.88213E-09
 4.50000E-03	 4.73732E-09	 4.88213E-09
 4.50000E-03	 1.00161E-08	 1.03222E-08
 5.50000E-03	 1.00161E-08	 1.03222E-08
 5.50000E-03	 6.02477E-09	 6.21382E-09
 7.20000E-03	 6.02477E-09	 6.21382E-09
 7.20000E-03	 1.03658E-08	 1.06877E-08
 9.20000E-03	 1.03658E-08	 1.06877E-08
 9.20000E-03	 9.50576E-09	 9.78614E-09
 1.20000E-02	 9.50576E-09	 9.78614E-09
 1.20000E-02	 1.78486E-08	 1.83743E-08
 1.50000E-02	 1.78486E-08	 1.83743E-08
 1.50000E-02	 1.76202E-08	 1.81422E-08
 1.90000E-02	 1.76202E-08	 1.81422E-08
 1.90000E-02	 1.43380E-08	 1.47646E-08
 2.55000E-02	 1.43380E-08	 1.47646E-08
 2.55000E-02	 3.43286E-08	 3.53627E-08
 3.20000E-02	 3.43286E-08	 3.53627E-08
 3.20000E-02	 3.84623E-08	 3.96017E-08
 4.00000E-02	 3.84623E-08	 3.96017E-08
 4.00000E-02	 3.68477E-08	 3.79869E-08
 5.25000E-02	 3.68477E-08	 3.79869E-08
 5.25000E-02	 7.06892E-08	 7.42515E-08
 6.60000E-02	 7.06892E-08	 7.42515E-08
 6.60000E-02	 6.64639E-08	 7.08674E-08
 8.80000E-02	 6.64639E-08	 7.08674E-08
 8.80000E-02	 1.63543E-07	 1.75233E-07
 1.10000E-01	 1.63543E-07	 1.75233E-07
 1.10000E-01	 1.93397E-07	 2.09790E-07
 1.35000E-01	 1.93397E-07	 2.09790E-07
 1.35000E-01	 3.03272E-07	 3.25763E-07
 1.60000E-01	 3.03272E-07	 3.25763E-07
 1.60000E-01	 3.02218E-07	 3.20931E-07
 1.90000E-01	 3.02218E-07	 3.20931E-07
 1.90000E-01	 4.61758E-07	 4.97731E-07
 2.20000E-01	 4.61758E-07	 4.97731E-07
 2.20000E-01	 4.91250E-07	 5.35189E-07
 2.55000E-01	 4.91250E-07	 5.35189E-07
 2.55000E-01	 6.90338E-07	 7.53778E-07
 2.90000E-01	 6.90338E-07	 7.53778E-07
 2.90000E-01	 9.89382E-07	 1.08770E-06
 3.20000E-01	 9.89382E-07	 1.08770E-06
 3.20000E-01	 7.19182E-07	 7.94156E-07
 3.60000E-01	 7.19182E-07	 7.94156E-07
 3.60000E-01	 1.12559E-06	 1.24091E-06
 4.00000E-01	 1.12559E-06	 1.24091E-06
 4.00000E-01	 1.02447E-06	 1.12739E-06
 4.50000E-01	 1.02447E-06	 1.12739E-06
 4.50000E-01	 1.51687E-06	 1.67853E-06
 5.00000E-01	 1.51687E-06	 1.67853E-06
 5.00000E-01	 1.72927E-06	 1.93123E-06
 5.50000E-01	 1.72927E-06	 1.93123E-06
 5.50000E-01	 1.94874E-06	 2.19129E-06
 6.00000E-01	 1.94874E-06	 2.19129E-06
 6.00000E-01	 1.79924E-06	 2.02458E-06
 6.60000E-01	 1.79924E-06	 2.02458E-06
 6.60000E-01	 2.39111E-06	 2.68606E-06
 7.20000E-01	 2.39111E-06	 2.68606E-06
 7.20000E-01	 2.53912E-06	 2.86006E-06
 7.80000E-01	 2.53912E-06	 2.86006E-06
 7.80000E-01	 2.76700E-06	 3.14712E-06
 8.40000E-01	 2.76700E-06	 3.14712E-06
 8.40000E-01	 2.26215E-06	 2.58603E-06
 9.20000E-01	 2.26215E-06	 2.58603E-06
 9.20000E-01	 3.30621E-06	 3.79842E-06
 1.00000E+00	 3.30621E-06	 3.79842E-06
 1.00000E+00	 1.55284E-06	 1.76698E-06
 1.20000E+00	 1.55284E-06	 1.76698E-06
 1.20000E+00	 4.51862E-06	 5.08307E-06
 1.40000E+00	 4.51862E-06	 5.08307E-06
 1.40000E+00	 5.18214E-06	 5.89708E-06
 1.60000E+00	 5.18214E-06	 5.89708E-06
 1.60000E+00	 5.63288E-06	 6.48065E-06
 1.80000E+00	 5.63288E-06	 6.48065E-06
 1.80000E+00	 6.19090E-06	 7.19466E-06
 2.00000E+00	 6.19090E-06	 7.19466E-06
 2.00000E+00	 4.57057E-06	 5.29667E-06
 2.30000E+00	 4.57057E-06	 5.29667E-06
 2.30000E+00	 7.72200E-06	 8.90999E-06
 2.60000E+00	 7.72200E-06	 8.90999E-06
 2.60000E+00	 8.82526E-06	 1.02316E-05
 2.90000E+00	 8.82526E-06	 1.02316E-05
 2.90000E+00	 7.23324E-06	 8.32951E-06
 3.30000E+00	 7.23324E-06	 8.32951E-06
 3.30000E+00	 1.06329E-05	 1.21114E-05
 3.70000E+00	 1.06329E-05	 1.21114E-05
 3.70000E+00	 1.10261E-05	 1.24713E-05
 4.10000E+00	 1.10261E-05	 1.24713E-05
 4.10000E+00	 1.14180E-05	 1.27874E-05
 4.50000E+00	 1.14180E-05	 1.27874E-05
 4.50000E+00	 1.10273E-05	 1.21279E-05
 5.00000E+00	 1.10273E-05	 1.21279E-05
 5.00000E+00	 1.95181E-05	 2.10468E-05
 5.50000E+00	 1.95181E-05	 2.10468E-05
 5.50000E+00	 2.60685E-05	 2.76687E-05
 6.00000E+00	 2.60685E-05	 2.76687E-05
 6.00000E+00	 2.41568E-05	 2.51960E-05
 6.70000E+00	 2.41568E-05	 2.51960E-05
 6.70000E+00	 4.40671E-05	 4.52711E-05
 7.40000E+00	 4.40671E-05	 4.52711E-05
 7.40000E+00	 4.87560E-05	 4.94168E-05
 8.20000E+00	 4.87560E-05	 4.94168E-05
 8.20000E+00	 6.58593E-05	 6.58784E-05
 9.00000E+00	 6.58593E-05	 6.58784E-05
 9.00000E+00	 5.95291E-05	 5.88224E-05
 1.00000E+01	 5.95291E-05	 5.88224E-05
 1.00000E+01	 8.22368E-05	 8.02536E-05
 1.10000E+01	 8.22368E-05	 8.02536E-05
 1.10000E+01	 7.99448E-05	 7.67423E-05
 1.20000E+01	 7.99448E-05	 7.67423E-05
 1.20000E+01	 7.69541E-05	 7.26657E-05
 1.30000E+01	 7.69541E-05	 7.26657E-05
 1.30000E+01	 7.20891E-05	 6.69485E-05
 1.40000E+01	 7.20891E-05	 6.69485E-05
 1.40000E+01	 6.37944E-05	 5.81664E-05
 1.50000E+01	 6.37944E-05	 5.81664E-05
 1.50000E+01	 5.34652E-05	 4.78815E-05
 1.60000E+01	 5.34652E-05	 4.78815E-05
 1.60000E+01	 4.68940E-05	 4.12640E-05
 1.70000E+01	 4.68940E-05	 4.12640E-05
 1.70000E+01	 3.72118E-05	 3.22282E-05
 1.80000E+01	 3.72118E-05	 3.22282E-05
 1.80000E+01	 3.05616E-05	 2.61200E-05
 1.90000E+01	 3.05616E-05	 2.61200E-05
 1.90000E+01	 2.51260E-05	 2.10985E-05
 2.00000E+01	 2.51260E-05	 2.10985E-05
 2.00000E+01	 1.88205E-05	 1.56372E-05
 2.10000E+01	 1.88205E-05	 1.56372E-05
 2.10000E+01	 1.70262E-05	 1.41594E-05
 2.20000E+01	 1.70262E-05	 1.41594E-05
 2.20000E+01	 1.48618E-05	 1.24671E-05
 2.30000E+01	 1.48618E-05	 1.24671E-05
 2.30000E+01	 1.41185E-05	 1.20423E-05
 2.40000E+01	 1.41185E-05	 1.20423E-05
 2.40000E+01	 1.37495E-05	 1.19647E-05
 2.50000E+01	 1.37495E-05	 1.19647E-05
 2.50000E+01	 1.38184E-05	 1.22420E-05
 2.60000E+01	 1.38184E-05	 1.22420E-05
 2.60000E+01	 1.27884E-05	 1.15036E-05
 2.70000E+01	 1.27884E-05	 1.15036E-05
 2.70000E+01	 1.19186E-05	 1.08887E-05
 2.80000E+01	 1.19186E-05	 1.08887E-05
 2.80000E+01	 1.13076E-05	 1.05041E-05
 2.90000E+01	 1.13076E-05	 1.05041E-05
 2.90000E+01	 1.15994E-05	 1.09352E-05
 3.00000E+01	 1.15994E-05	 1.09352E-05
 3.00000E+01	 1.09562E-05	 1.04465E-05
 3.10000E+01	 1.09562E-05	 1.04465E-05
 3.10000E+01	 1.02754E-05	 9.92015E-06
 3.20000E+01	 1.02754E-05	 9.92015E-06
 3.20000E+01	 1.15027E-05	 1.12155E-05
 3.30000E+01	 1.15027E-05	 1.12155E-05
 3.30000E+01	 1.10321E-05	 1.07911E-05
 3.40000E+01	 1.10321E-05	 1.07911E-05
 3.40000E+01	 8.35680E-06	 8.08751E-06
 3.50000E+01	 8.35680E-06	 8.08751E-06
 3.50000E+01	 2.77127E-06	 2.75623E-06
 3.60000E+01	 2.77127E-06	 2.75623E-06
 3.60000E+01	 0.00000E+00	 0.00000E+00
 3.70000E+01	 0.00000E+00	 0.00000E+00
 3.70000E+01	 0.00000E+00	 0.00000E+00
 3.80000E+01	 0.00000E+00	 0.00000E+00
 3.80000E+01	 0.00000E+00	 0.00000E+00
 3.90000E+01	 0.00000E+00	 0.00000E+00
 3.90000E+01	 0.00000E+00	 0.00000E+00
 4.00000E+01	 0.00000E+00	 0.00000E+00
 4.00000E+01	 0.00000E+00	 0.00000E+00
 4.10000E+01	 0.00000E+00	 0.00000E+00
 4.10000E+01	 0.00000E+00	 0.00000E+00
 4.20000E+01	 0.00000E+00	 0.00000E+00
 4.20000E+01	 0.00000E+00	 0.00000E+00
 4.30000E+01	 0.00000E+00	 0.00000E+00
 4.30000E+01	 0.00000E+00	 0.00000E+00
 4.40000E+01	 0.00000E+00	 0.00000E+00
 4.40000E+01	 0.00000E+00	 0.00000E+00
 4.50000E+01	 0.00000E+00	 0.00000E+00
 4.50000E+01	 0.00000E+00	 0.00000E+00
 4.60000E+01	 0.00000E+00	 0.00000E+00
 4.60000E+01	 0.00000E+00	 0.00000E+00
 4.70000E+01	 0.00000E+00	 0.00000E+00
 4.70000E+01	 0.00000E+00	 0.00000E+00
 4.80000E+01	 0.00000E+00	 0.00000E+00
 4.80000E+01	 0.00000E+00	 0.00000E+00
 4.90000E+01	 0.00000E+00	 0.00000E+00
 4.90000E+01	 0.00000E+00	 0.00000E+00
 5.00000E+01	 0.00000E+00	 0.00000E+00
 5.00000E+01	 0.00000E+00	 0.00000E+00
 5.10000E+01	 0.00000E+00	 0.00000E+00
 5.10000E+01	 0.00000E+00	 0.00000E+00
 5.20000E+01	 0.00000E+00	 0.00000E+00
 5.20000E+01	 0.00000E+00	 0.00000E+00
 5.30000E+01	 0.00000E+00	 0.00000E+00
 5.30000E+01	 0.00000E+00	 0.00000E+00
 5.40000E+01	 0.00000E+00	 0.00000E+00
 5.40000E+01	 0.00000E+00	 0.00000E+00
 5.50000E+01	 0.00000E+00	 0.00000E+00
 5.50000E+01	 0.00000E+00	 0.00000E+00
 5.60000E+01	 0.00000E+00	 0.00000E+00
 5.60000E+01	 0.00000E+00	 0.00000E+00
 5.70000E+01	 0.00000E+00	 0.00000E+00
 5.70000E+01	 0.00000E+00	 0.00000E+00
 5.80000E+01	 0.00000E+00	 0.00000E+00
 5.80000E+01	 0.00000E+00	 0.00000E+00
 5.90000E+01	 0.00000E+00	 0.00000E+00
 5.90000E+01	 0.00000E+00	 0.00000E+00
 6.00000E+01	 0.00000E+00	 0.00000E+00
