$SPEC_ID:
Cs137
$SPEC_REM:
DET# 2
DETDESC# DETECTOR 2
AP# GammaVision Version 7.01.03
$DATE_MEA:
03/15/2017 16:22:40
$MEAS_TIM:
54547 62097
$DATA:
0 8191
       0
       0
       0
       0
       0
       0
       0
       0
       0
       0
       0
       0
       0
       0
       0
       0
       0
       0
       0
       0
       0
       0
       0
       0
       0
       0
       0
       0
       0
       0
       0
       0
       0
       0
       0
       0
       0
       0
       0
       0
       0
       0
       0
       0
       0
       0
       0
       0
       0
       0
       0
       0
       0
       0
       0
       0
       0
       0
       0
       0
       0
       0
       0
       0
       0
       0
       0
       0
       0
       0
       0
       0
       0
       0
       0
       0
       0
       0
       0
       0
       0
       0
       0
       0
       0
       0
       0
       0
       0
       0
       0
       0
       0
       2
      11
    2299
  223208
 1007594
 1258261
 1364888
 1461544
 1549530
 1622930
 1680521
 1740834
 1794293
 1849733
 1899117
 1949458
 2010466
 2100270
 2208570
 2336560
 2486855
 2665574
 2846962
 3001625
 3145596
 3278999
 3356441
 3359467
 3345089
 3354367
 3396572
 3465126
 3573845
 3744113
 3967306
 4276008
 4656293
 5124989
 5677901
 6383878
 7507746
 9467022
12133436
14813619
18139743
23684277
29844497
32748225
33223814
35783753
38205983
33927620
24124993
15844146
11676029
 9333344
 6947025
 4857394
 3630591
 3121542
 3029551
 3357087
 4361958
 5924575
 7070156
 7056661
 6847740
 8388767
11755622
14133848
13141746
10036643
 7829203
 7818319
 8958283
 9444496
 8205546
 5763036
 3509856
 2118213
 1403799
 1023686
  823506
  732194
  715370
  792839
 1044876
 1449306
 1735341
 1661010
 1414191
 1426465
 1890588
 2457558
 2509806
 1979822
 1350332
  949662
  758082
  663621
  618076
  596670
  588880
  586936
  590214
  590353
  595199
  599626
  602707
  607282
  608972
  611134
  616371
  629043
  681519
  847521
 1189765
 1604320
 1791732
 1614906
 1252573
  958649
  831407
  823086
  851668
  834361
  769542
  702013
  659758
  641232
  636189
  639483
  641551
  647173
  653240
  659953
  669688
  677745
  686903
  693239
  701373
  708881
  713379
  717014
  717409
  714499
  709159
  702948
  690747
  680203
  668335
  668802
  739047
 1051748
 1834048
 2930725
 3628161
 3372187
 2464599
 1591113
 1065345
  805999
  684933
  627696
  601395
  592227
  588858
  588454
  591160
  592833
  592713
  596739
  597340
  597169
  601268
  602605
  603388
  604444
  608250
  612416
  622256
  631670
  636151
  630193
  623204
  621205
  636771
  698794
  832791
  984100
 1047595
  972415
  827970
  707042
  650743
  646320
  660064
  659793
  633758
  593244
  562854
  546649
  539436
  534856
  534016
  534929
  548457
  611577
  796333
 1134433
 1481129
 1588906
 1384458
 1050665
  779089
  623200
  548076
  511456
  493295
  482410
  477062
  475395
  473063
  473608
  473824
  472655
  472936
  473078
  473748
  474962
  475047
  476219
  474530
  475477
  475064
  476643
  475173
  474001
  472798
  472576
  472424
  474600
  476262
  490191
  524075
  573942
  618803
  623761
  589098
  542039
  509607
  490328
  481124
  477279
  476904
  475293
  474063
  474843
  472889
  472157
  471125
  469331
  465746
  464303
  461454
  458365
  454709
  450870
  448598
  444826
  441474
  438937
  435639
  431525
  427691
  425296
  423427
  421061
  417871
  415905
  414996
  429160
  501426
  743084
 1256884
 1932202
 2387665
 2307312
 1790699
 1205756
  798863
  592595
  525898
  582552
  766323
 1004343
 1145933
 1080831
  873316
  663401
  522999
  450804
  414453
  399078
  390855
  386579
  384557
  384175
  384883
  385314
  384390
  384232
  383694
  383907
  381648
  382268
  381426
  381420
  380536
  380205
  379336
  379233
  378892
  377957
  377408
  376719
  374706
  374142
  373602
  372436
  372791
  371788
  370503
  371305
  370362
  369231
  370259
  368968
  369696
  368100
  366987
  367463
  366901
  365931
  367864
  365476
  366030
  366847
  375524
  415119
  530423
  754875
 1041395
 1232585
 1204955
  990225
  735942
  549854
  450284
  400700
  377480
  365662
  361658
  359726
  359649
  358115
  358634
  357361
  357738
  358251
  356791
  356353
  355845
  356425
  355444
  355803
  354788
  353689
  353601
  353646
  352536
  351656
  353663
  353288
  352181
  352563
  352268
  352503
  351734
  351544
  350526
  350742
  351261
  351447
  350327
  355264
  373879
  425750
  523993
  653240
  746558
  747333
  656046
  537101
  447439
  392976
  366637
  353754
  347783
  343271
  342565
  340904
  341424
  340441
  338059
  337913
  337302
  336744
  335652
  335616
  334315
  335248
  333870
  334678
  333986
  334059
  333920
  335043
  333118
  333319
  332473
  332114
  332950
  332394
  332375
  332791
  331330
  331504
  331105
  331889
  329568
  329572
  328277
  327111
  326298
  325559
  325234
  324159
  322770
  322339
  320122
  318482
  319349
  323780
  352910
  457626
  727173
 1223155
 1839340
 2290097
 2295159
 1861616
 1284692
  827091
  557324
  421354
  358370
  326377
  312779
  307437
  304297
  306905
  322298
  380076
  518320
  761290
 1053321
 1249604
 1229420
 1015983
  743948
  530968
  406315
  345139
  314372
  300242
  294724
  289993
  287998
  286982
  286683
  285140
  285073
  284638
  282773
  282436
  281538
  280072
  278419
  277696
  277393
  276095
  275818
  274632
  274145
  271946
  272881
  271786
  270132
  269295
  269281
  269289
  267793
  266967
  266285
  266134
  264483
  264562
  264091
  263081
  262441
  262299
  261168
  260311
  260232
  258512
  257773
  258617
  256523
  256586
  255769
  257047
  256610
  255595
  254472
  255908
  253989
  255052
  252262
  252725
  251790
  251179
  250864
  250533
  250204
  249611
  248655
  248459
  248075
  247325
  247546
  245958
  245529
  246090
  246303
  245213
  245737
  247879
  263790
  309084
  419348
  615416
  868556
 1076148
 1123576
  984390
  744305
  526554
  387115
  310075
  272842
  255492
  246669
  244248
  241484
  240678
  239232
  238740
  239217
  237835
  238882
  237779
  238294
  237539
  236895
  236534
  236971
  236067
  235860
  236684
  236774
  234862
  235547
  235738
  236059
  235723
  234889
  235100
  235462
  234744
  235072
  233872
  233874
  232916
  232203
  231770
  230549
  230338
  229716
  230130
  230612
  229745
  229297
  229315
  229496
  229623
  229252
  228628
  228871
  228737
  227876
  227536
  227697
  226486
  227142
  225215
  225685
  225165
  226057
  224562
  224757
  224423
  224666
  224048
  224648
  223718
  223621
  224258
  224443
  224616
  224243
  224390
  224045
  223177
  224282
  223093
  223176
  222496
  222141
  222519
  222289
  221494
  222029
  221934
  221277
  221707
  221714
  220449
  220542
  221433
  221713
  220960
  221021
  221780
  219932
  222019
  220122
  220457
  220821
  220304
  220335
  220891
  219850
  220254
  218977
  219562
  219064
  218942
  218676
  219995
  218446
  218987
  219291
  218531
  219195
  218149
  217886
  217881
  218833
  218380
  217759
  217378
  217445
  218249
  216852
  217751
  217399
  217714
  216797
  216882
  217356
  217147
  216780
  216631
  216285
  217305
  215982
  215673
  215273
  214215
  213415
  213109
  212690
  214475
  212791
  213790
  213260
  213135
  213785
  212419
  212434
  211550
  211580
  210615
  210680
  209952
  210361
  210211
  209778
  208796
  208891
  208757
  209140
  209015
  207733
  207207
  208092
  207265
  206023
  206208
  206323
  205529
  205726
  205318
  204023
  204190
  203486
  203012
  203592
  202700
  202449
  202273
  200518
  200929
  200936
  199545
  199349
  199733
  199492
  199350
  199615
  199799
  198827
  197728
  196798
  196050
  195113
  194140
  194583
  193393
  193479
  194240
  193158
  192551
  193145
  192037
  191773
  192321
  192802
  193154
  193500
  192424
  191558
  191283
  189003
  189436
  188351
  187083
  188267
  188328
  186405
  186413
  186658
  186494
  185657
  185485
  185078
  184237
  184755
  184278
  184396
  183815
  183057
  182939
  181561
  182800
  181847
  182039
  180985
  180619
  181180
  180242
  180120
  179512
  180061
  178996
  177979
  177927
  177465
  177579
  177163
  176837
  176699
  175822
  176866
  175668
  175289
  175725
  174984
  174030
  174551
  174500
  173586
  173910
  173696
  173209
  171872
  171938
  171404
  170713
  170895
  170587
  170442
  169873
  169251
  169490
  169333
  169362
  168788
  167839
  167040
  167860
  166487
  166998
  165750
  165994
  164833
  166288
  165661
  165069
  164410
  164414
  163949
  164375
  162978
  162349
  162067
  162557
  161880
  161825
  161919
  160829
  159642
  160356
  159599
  159450
  158996
  158226
  158781
  158634
  158320
  157522
  157905
  157485
  156491
  156971
  156388
  155444
  154968
  155209
  154294
  154738
  154547
  154256
  153668
  152867
  153410
  152054
  152461
  152277
  151964
  151836
  150936
  150771
  150320
  149905
  149800
  149978
  150021
  148942
  149114
  148453
  147551
  147736
  148207
  147696
  147606
  146881
  146926
  145794
  145493
  145980
  145849
  145291
  145284
  144737
  144642
  144974
  143505
  143673
  143323
  143252
  143253
  142206
  141905
  141776
  142014
  141146
  141261
  141671
  140764
  140775
  139685
  140362
  139569
  139808
  138840
  138278
  138097
  138756
  138128
  138320
  137539
  138687
  136853
  136970
  136872
  137009
  136230
  136637
  136074
  135021
  135287
  135726
  135284
  134976
  135464
  135243
  134768
  134495
  133784
  133418
  132542
  132926
  132745
  132614
  131944
  131556
  132012
  132307
  131522
  130907
  131389
  131700
  130681
  131036
  130755
  131092
  129562
  130149
  130264
  129202
  129306
  128774
  128755
  128661
  128186
  128247
  128326
  128506
  127191
  128211
  127307
  127319
  127202
  127151
  127267
  126931
  127244
  126225
  125897
  125387
  125673
  125316
  125551
  124806
  124828
  124996
  124886
  124104
  124567
  124238
  123805
  124119
  124066
  124175
  124098
  123473
  123339
  123430
  123072
  122991
  122961
  122522
  122108
  122559
  121703
  121794
  122047
  121962
  121405
  121496
  120535
  120786
  120807
  120425
  120035
  119858
  120358
  119956
  119620
  119241
  119593
  119574
  119444
  119547
  119101
  119113
  118711
  118892
  119182
  118499
  118484
  118330
  118521
  117678
  117793
  117232
  117611
  117339
  117133
  117570
  116607
  116958
  116723
  116818
  116379
  116485
  116083
  116132
  116549
  115703
  116443
  116197
  116192
  116011
  115629
  115265
  115672
  114972
  114815
  114696
  114791
  114979
  114637
  114953
  114143
  114555
  113110
  114134
  113981
  114152
  114196
  114396
  113413
  113666
  113837
  113254
  112856
  113195
  112832
  112655
  112745
  113270
  112516
  112729
  112491
  112789
  111757
  111807
  112040
  112117
  111549
  111701
  111151
  111269
  111227
  111516
  110795
  111468
  111060
  110888
  111420
  111082
  111283
  111399
  111181
  110721
  111102
  110872
  110439
  111064
  110375
  109873
  110421
  109763
  109930
  110196
  109817
  110002
  109861
  110213
  109977
  109535
  109318
  109748
  109708
  109181
  109386
  109254
  109913
  110004
  109438
  110508
  112539
  113400
  117430
  125220
  136631
  156766
  185259
  226966
  282483
  346395
  413467
  468716
  506199
  511989
  487730
  437915
  372757
  305265
  245881
  198153
  164447
  142711
  128477
  120391
  115110
  112348
  110141
  109635
  108469
  108182
  107864
  107298
  107026
  107156
  106572
  106772
  106459
  106504
  106155
  105872
  106614
  105823
  105400
  105688
  105838
  105370
  105616
  105572
  105024
  105135
  104891
  105111
  104081
  104893
  104565
  104636
  103985
  104529
  104628
  104795
  103977
  104092
  103866
  103818
  103615
  104098
  104045
  103604
  103827
  103450
  103520
  103483
  103148
  103793
  103485
  102898
  103182
  103628
  102972
  103193
  102944
  103033
  102310
  102622
  102648
  102922
  102437
  102461
  102330
  101954
  102305
  102340
  102478
  102343
  101845
  102518
  102545
  102361
  102579
  101862
  101840
  101795
  102699
  101479
  101781
  101332
  101287
  101702
  101593
  101583
  101318
  101133
  101238
  101243
  100843
  101130
  101264
  101336
  100805
  100524
  100671
  100707
  101376
  101202
  100668
  101010
  100883
  100927
  100553
  100651
  101033
  100585
  100660
  100711
  100289
  100227
  100765
  100024
  100417
  100255
  100122
  100104
  100336
  100614
  100093
  100336
  100301
   99801
  100184
  100298
  100065
  100226
   99698
  100012
   99755
   99598
   99300
  100022
   99279
   99471
   99166
   98879
   98921
   97715
   98765
   99292
   98306
   98880
   98996
   98943
   98919
   99469
   98721
   99188
   99064
   98959
   98447
   98093
   97832
   97427
   97513
   98323
   98190
   97676
   97944
   97851
   97711
   98267
   97325
   97318
   97901
   97901
   97930
   97289
   97833
   97861
   97819
   97565
   96491
   97051
   97373
   97555
   97438
   97514
   96920
   97050
   97148
   96624
   97110
   97269
   96473
   96779
   96529
   96743
   97121
   96823
   96794
   96710
   97058
   96509
   97043
   96524
   96930
   96258
   97158
   97563
   96584
   96376
   96337
   96631
   96096
   96408
   96511
   96978
   95981
   96613
   96375
   96577
   96629
   96076
   96295
   96612
   96229
   95933
   96538
   96354
   95892
   96283
   96472
   96076
   95770
   96824
   96920
   96198
   96545
   97148
   97146
   97016
   96783
   97195
   96068
   96682
   96625
   96962
   95345
   96154
   96213
   95950
   95221
   95814
   95905
   96166
   95973
   96033
   96006
   95771
   96105
   95940
   95830
   95631
   96060
   95662
   95855
   95232
   94779
   96052
   94896
   95469
   96000
   95452
   96283
   95033
   95675
   95958
   95485
   95685
   95080
   95824
   95100
   95646
   95347
   95239
   95354
   95237
   95791
   95642
   95106
   95814
   95180
   95315
   95073
   94956
   95328
   95040
   94914
   95303
   95535
   95077
   95188
   95168
   94912
   94923
   94949
   94861
   95347
   94977
   94602
   94476
   94556
   94292
   94239
   94059
   94435
   94596
   94442
   93907
   94198
   93720
   93735
   94494
   94004
   93861
   93992
   93739
   94006
   93584
   93231
   94019
   93955
   93778
   94129
   92986
   92977
   93464
   93388
   92978
   93712
   93222
   93253
   93036
   93742
   92962
   92884
   92754
   93107
   93302
   93060
   92323
   93163
   92663
   93236
   93041
   93275
   93009
   92918
   93295
   92398
   92500
   92887
   92556
   92624
   93224
   92655
   91829
   92691
   92424
   92423
   92699
   93249
   92877
   92746
   92253
   91949
   92807
   92376
   92438
   92327
   92097
   92295
   92503
   92031
   92282
   92635
   92353
   92540
   92199
   92158
   92785
   91873
   92235
   92866
   91504
   92467
   92177
   92529
   92490
   92162
   91834
   92283
   91817
   92331
   91879
   92315
   92975
   92734
   92872
   92242
   92406
   92845
   92669
   92599
   92491
   92027
   92085
   92226
   92690
   92223
   92215
   91817
   92242
   91726
   92544
   91806
   91605
   92473
   91640
   92252
   92026
   92205
   92693
   91904
   91843
   92288
   92640
   92277
   91802
   91746
   91651
   92688
   91876
   92714
   92407
   92449
   92357
   92394
   92130
   91684
   92564
   91525
   91735
   91889
   91870
   91650
   92481
   92271
   91520
   91906
   91924
   91314
   91345
   91885
   91949
   91841
   92016
   91499
   91642
   91927
   91631
   91566
   92051
   91439
   92378
   91351
   92076
   92471
   92282
   91514
   92135
   91864
   91772
   91922
   92030
   92817
   92636
   93186
   93600
   93109
   93066
   93304
   93419
   93000
   92751
   92402
   92105
   92546
   92341
   91626
   92071
   92133
   91581
   92398
   92032
   91899
   91750
   92171
   92741
   92292
   91990
   92299
   92774
   92204
   92579
   92713
   92203
   92559
   92808
   92290
   91977
   92108
   91558
   92343
   91909
   91916
   91895
   91362
   92673
   92426
   91667
   91383
   92165
   91803
   91522
   92052
   92163
   91975
   91552
   91439
   91692
   91741
   91286
   91748
   91561
   91930
   92519
   91746
   91747
   92123
   91966
   91408
   92342
   91927
   91970
   91716
   92096
   91912
   91223
   91495
   92241
   91839
   92337
   91924
   91917
   92317
   91948
   92482
   92200
   92093
   91769
   92459
   92305
   92219
   92382
   92803
   92582
   92014
   92454
   92612
   92784
   92549
   92925
   92648
   92183
   92796
   92425
   92327
   92574
   92942
   92624
   92964
   92870
   92463
   92730
   92519
   92920
   92538
   92581
   92607
   92496
   92632
   92341
   92908
   92958
   93174
   92989
   92898
   93256
   93093
   92846
   93483
   92703
   93115
   93110
   93596
   93651
   93471
   93152
   93587
   93669
   93569
   92879
   93693
   93691
   93864
   93512
   93137
   93508
   93430
   93599
   93896
   93653
   93507
   93319
   94135
   94119
   94106
   93615
   93828
   93646
   93083
   94185
   94113
   94310
   94057
   94406
   94006
   93475
   94307
   94877
   94599
   94179
   94784
   94817
   94966
   94335
   94788
   94853
   94773
   94673
   94893
   94758
   95234
   94444
   95210
   94702
   95353
   94746
   95326
   95631
   95199
   95730
   95362
   95295
   95741
   95682
   95780
   95767
   95279
   96566
   95812
   95819
   96035
   95885
   95832
   96034
   95900
   96327
   95992
   96662
   96938
   96862
   95906
   96543
   96465
   96628
   96876
   96436
   96929
   97057
   96737
   96949
   96604
   96725
   96798
   96614
   96813
   95650
   96449
   96064
   96630
   96737
   96266
   96231
   96563
   97120
   96876
   96743
   96658
   97225
   96381
   96748
   96831
   96726
   97106
   97125
   96814
   97024
   97981
   98146
   97639
   98429
   99657
   99495
  100188
  100771
  103068
  103818
  104769
  104787
  104701
  104045
  102533
  101358
  100225
   99601
   99097
   99012
   98722
   98860
   98643
   98673
   99006
   98361
   99029
   98512
   99044
   99296
   99606
   99382
   99249
   99159
   99254
   99384
   99407
   99614
   99891
  100061
  100391
  100186
   99694
  100129
  100445
  100020
  100926
  100618
  100459
  101029
  100508
  101288
  101121
  101452
  102011
  102312
  102260
  103625
  103665
  105930
  107095
  109878
  114513
  120349
  129027
  141688
  157704
  176516
  194787
  209281
  217438
  219490
  214145
  198436
  177955
  156507
  136801
  124314
  116642
  111553
  108067
  106498
  105199
  104595
  104569
  104421
  104845
  104830
  104744
  105585
  106816
  108172
  108734
  110895
  113875
  117070
  123171
  127845
  132884
  135612
  136941
  137229
  135333
  129883
  123724
  118469
  114389
  110715
  109282
  108757
  107536
  106976
  107638
  107475
  107007
  107835
  107658
  107334
  107495
  107680
  107719
  108330
  108682
  108767
  108367
  109050
  108639
  108093
  108406
  108811
  108788
  109207
  109170
  109986
  110192
  109508
  109951
  109930
  110439
  110267
  110646
  111006
  110269
  110916
  110947
  111279
  111817
  111572
  112042
  112514
  112064
  112156
  112455
  111815
  112170
  112984
  112823
  113145
  113297
  113193
  113257
  112896
  113865
  113618
  113731
  114074
  114240
  114625
  114807
  115159
  115275
  114712
  114788
  114410
  114845
  114922
  115901
  115730
  115681
  115919
  116245
  116447
  116689
  116563
  116879
  116914
  117319
  117286
  117571
  117650
  118132
  119074
  118307
  118572
  118891
  117972
  118845
  119274
  119226
  119733
  119939
  119706
  119691
  120944
  121625
  121033
  121276
  122602
  122832
  123466
  123719
  123976
  124877
  124804
  124977
  124681
  124402
  123979
  123222
  122477
  123575
  122807
  122542
  122835
  122413
  122787
  123134
  123937
  123056
  123224
  123149
  123367
  123696
  123222
  124186
  124167
  123418
  124078
  123802
  124358
  123755
  124629
  124344
  124196
  124115
  124025
  123985
  123842
  123618
  123514
  122353
  122547
  122379
  121821
  122038
  121677
  121599
  120862
  119768
  119566
  119425
  117671
  117536
  117380
  116695
  115121
  114198
  114461
  113813
  113583
  112695
  111632
  111122
  111206
  110634
  110464
  109880
  109031
  108588
  109292
  108463
  108191
  109320
  108811
  108181
  107866
  107680
  108120
  107532
  108519
  108583
  109419
  110617
  111708
  113794
  115885
  119575
  124922
  130116
  135192
  138674
  140965
  142383
  140745
  138336
  132270
  125144
  120101
  116185
  112248
  110098
  108759
  108852
  107455
  106570
  106517
  106974
  107023
  107464
  107039
  107206
  106887
  107135
  107372
  106945
  107058
  107203
  107694
  106935
  107120
  106463
  107473
  107750
  107171
  107061
  107087
  107718
  107839
  107085
  107249
  107116
  107210
  107419
  107395
  108020
  107576
  107557
  107276
  107143
  107728
  107154
  107424
  107504
  107032
  107934
  107634
  106995
  107552
  108038
  107249
  108207
  107709
  108063
  108150
  108159
  108296
  107987
  108018
  108361
  108315
  109030
  109882
  111059
  111719
  113474
  115635
  117504
  121283
  124127
  125826
  126679
  126315
  126390
  123818
  121405
  118001
  114456
  112459
  110834
  110013
  109233
  108840
  108392
  107896
  108283
  107983
  108168
  108165
  108262
  108564
  108077
  107859
  107616
  107888
  107422
  107432
  107978
  107729
  107791
  107740
  106451
  106891
  106799
  107252
  106512
  107159
  106678
  106916
  106126
  106277
  105083
  105629
  105101
  104891
  105018
  104149
  103905
  102573
  103686
  103066
  102017
  101898
  101342
  100443
  100933
  101092
  100631
   99747
   99603
   99053
  100358
   99322
   99139
   98690
   98424
   98501
   97995
   98177
   98132
   98138
   97687
   97992
   98152
   98129
   97337
   97233
   97118
   96877
   96775
   96515
   96430
   96671
   95887
   96487
   96614
   96227
   96327
   95961
   96323
   96139
   96831
   97742
   98734
  101362
  102847
  106094
  111139
  116822
  125063
  137589
  152740
  166526
  179744
  188326
  196227
  198212
  195178
  185806
  170878
  151833
  134057
  118532
  107654
  101503
   96610
   93301
   90858
   89814
   89048
   87982
   87375
   86273
   85608
   84868
   84385
   83615
   82266
   81973
   81208
   80865
   80213
   80080
   79217
   77968
   77352
   76859
   76451
   75440
   75842
   75487
   74335
   73677
   73755
   72560
   71593
   71981
   71009
   70579
   70258
   69452
   68988
   68797
   68450
   67806
   67387
   67163
   66710
   66432
   66211
   65021
   65435
   64671
   64301
   64052
   63378
   63563
   62797
   63336
   62829
   62532
   61876
   61998
   62028
   61258
   61560
   61139
   60526
   60236
   60343
   60611
   59930
   60015
   59265
   59709
   59859
   58929
   59502
   59231
   59631
   59670
   60043
   60308
   60253
   60397
   60469
   60715
   59636
   59778
   59091
   57930
   57760
   58170
   57834
   58101
   58823
   60198
   61498
   62646
   63760
   64623
   65119
   65479
   65213
   64271
   62143
   59695
   57681
   55966
   54023
   53663
   52633
   52736
   52100
   51435
   51606
   51356
   51276
   51064
   50191
   50414
   50034
   50170
   49981
   49708
   49515
   49460
   48961
   48858
   48994
   48800
   48483
   48030
   47917
   47832
   47928
   47616
   46889
   47075
   46608
   46454
   46271
   46089
   45510
   45597
   44928
   44882
   44599
   44718
   44209
   43989
   43827
   43511
   43445
   42883
   42810
   42681
   42472
   42208
   41762
   41667
   41613
   41194
   41174
   41140
   41046
   40729
   39849
   40230
   39886
   39493
   39202
   38990
   39033
   38486
   38688
   38492
   38033
   37975
   37924
   37571
   37446
   37046
   36967
   36836
   36484
   36460
   36060
   35813
   35792
   35512
   35334
   35365
   35068
   34771
   34562
   34439
   33729
   34102
   33822
   34216
   33401
   33663
   33288
   32934
   32892
   32402
   32492
   32084
   31752
   32237
   31803
   31381
   31191
   31375
   31029
   30942
   30627
   30466
   29923
   30132
   29943
   29500
   29537
   29299
   29019
   29057
   28784
   28521
   28581
   28352
   28372
   28296
   27692
   27439
   27239
   27307
   27047
   26938
   26597
   26433
   26442
   26212
   26063
   26150
   26047
   25348
   25310
   25349
   25306
   24927
   25079
   24840
   24755
   24667
   24826
   24607
   24587
   24776
   24910
   25271
   25618
   25737
   26693
   27444
   28729
   30674
   32990
   35487
   38621
   41204
   44750
   47173
   50318
   54147
   58685
   64328
   72566
   85087
  102602
  126946
  159044
  200402
  256479
  336354
  449218
  603001
  790699
  989342
 1177518
 1331453
 1444117
 1522816
 1552628
 1526381
 1412557
 1217222
  960759
  700730
  481767
  323268
  219611
  153643
  108270
   77189
   56716
   44019
   36546
   32473
   30069
   29032
   28009
   27281
   26759
   26166
   25740
   25214
   24759
   24601
   24013
   23738
   23292
   22837
   22878
   22760
   22308
   22066
   21906
   21414
   21360
   21398
   21367
   20842
   20652
   20535
   20074
   20509
   20138
   19978
   19773
   19413
   19594
   19188
   19166
   18683
   18844
   19035
   18573
   18710
   18417
   18473
   18222
   18124
   17978
   18104
   18099
   17667
   17856
   17624
   17717
   17548
   17494
   17599
   17742
   17334
   17533
   17858
   17978
   18746
   19024
   20147
   20834
   22388
   23822
   26363
   30087
   33931
   38973
   43999
   48178
   51969
   55164
   56974
   57476
   56447
   53255
   47813
   41893
   35397
   29493
   25203
   22398
   20098
   18950
   18062
   17370
   16890
   16549
   16963
   16603
   16444
   16254
   16575
   16458
   16454
   16332
   16540
   16667
   16676
   16765
   16763
   17086
   16987
   17256
   17627
   17993
   18563
   18977
   19756
   20240
   20763
   20570
   20895
   21174
   20961
   21072
   20827
   20248
   19991
   19800
   19928
   19674
   19438
   19164
   19198
   19078
   19052
   19046
   19017
   19102
   19746
   20397
   21889
   23849
   27618
   32662
   39637
   48558
   60376
   74601
   93310
  120287
  155495
  206333
  273164
  350756
  432903
  509227
  569395
  613304
  647434
  665227
  659369
  624223
  552583
  452615
  342533
  241337
  164962
  113364
   79514
   57358
   42167
   31269
   24207
   19484
   17298
   15723
   14696
   14185
   13929
   13668
   13459
   13449
   12897
   12945
   12879
   12545
   12298
   12261
   12232
   12104
   11854
   11945
   11843
   11866
   11665
   11553
   11752
   11621
   11572
   11569
   11380
   11241
   11437
   11374
   11289
   11411
   11341
   11433
   11369
   11355
   11383
   11619
   11799
   11780
   11742
   12341
   12931
   13888
   15053
   17249
   20103
   24781
   30991
   39964
   51919
   67165
   86115
  108773
  138307
  177783
  233243
  309409
  408878
  530863
  660321
  779597
  880544
  957087
 1013853
 1049491
 1059126
 1023970
  934174
  793200
  621769
  454633
  319996
  226806
  166199
  130130
  108940
   98316
   96986
  104938
  123451
  153984
  196041
  246634
  299865
  348160
  387868
  417309
  438870
  450620
  453292
  437060
  393975
  331183
  259605
  189171
  133995
   94838
   70244
   54719
   44048
   37543
   33118
   30750
   29399
   29172
   28835
   28676
   28202
   27676
   26359
   24468
   22416
   20309
   18506
   17489
   16640
   16141
   15628
   15713
   15131
   14867
   14861
   14701
   14286
   14024
   13868
   13592
   13388
   13104
   12737
   12709
   12261
   12309
   12230
   12261
   12357
   12708
   12648
   13448
   14069
   15179
   16355
   17672
   19382
   22226
   25844
   30956
   36494
   43249
   49685
   55183
   59199
   62393
   64310
   65127
   64501
   61253
   54392
   46674
   37309
   29368
   22977
   18645
   15915
   14132
   12852
   11719
   11336
   10933
   10543
   10483
   10514
   10460
   10570
   10557
   11039
   11323
   11879
   12394
   13562
   14702
   16000
   17827
   20215
   22866
   26818
   31941
   38296
   47727
   58114
   69332
   80160
   89984
   97241
  102870
  106494
  108508
  106674
  101556
   91100
   77467
   62387
   47998
   36267
   28236
   22592
   18655
   15967
   13963
   12320
   11187
   10475
   10031
    9863
    9727
   10310
   10631
   11297
   11974
   12714
   13551
   15039
   17039
   19563
   23227
   27770
   33048
   38522
   43666
   47807
   50498
   52682
   54058
   54461
   52875
   49938
   43744
   36163
   28017
   21059
   16030
   12505
   10136
    8556
    7621
    6902
    6268
    6013
    5511
    5409
    5333
    5237
    5178
    5124
    4936
    4853
    4730
    4744
    4715
    4603
    4708
    4689
    4608
    4371
    4335
    4378
    4394
    4546
    4351
    4326
    4343
    4453
    4331
    4290
    4227
    4231
    4252
    4398
    4151
    4232
    4154
    4218
    4022
    4216
    4044
    4136
    4111
    4077
    4113
    4082
    3941
    3983
    3998
    3947
    3963
    3927
    3981
    3960
    3882
    3784
    3954
    3836
    3873
    3798
    3879
    3745
    3821
    3760
    3739
    3884
    3760
    3797
    3689
    3704
    3837
    3720
    3692
    3657
    3550
    3694
    3684
    3620
    3586
    3635
    3685
    3776
    3857
    3947
    3921
    4129
    4132
    4251
    4595
    4891
    5218
    5414
    5654
    5903
    5941
    6034
    6169
    5948
    5857
    5673
    5304
    4796
    4504
    4148
    3867
    3769
    3767
    3946
    4084
    4223
    4479
    4691
    5298
    5959
    6556
    7825
    8609
    9515
   10076
   10718
   11014
   11300
   11510
   11309
   10602
    9503
    8325
    7055
    5753
    4712
    4082
    3648
    3310
    3243
    2997
    2794
    2761
    2741
    2717
    2615
    2642
    2654
    2623
    2555
    2542
    2526
    2632
    2506
    2529
    2506
    2582
    2546
    2441
    2509
    2526
    2627
    2629
    2560
    2834
    2736
    2791
    3000
    2943
    2919
    3049
    2915
    3063
    2928
    2918
    2751
    2728
    2547
    2503
    2411
    2388
    2342
    2442
    2463
    2414
    2359
    2509
    2465
    2690
    2719
    2875
    2991
    3001
    3327
    3641
    4121
    4583
    5301
    6062
    7036
    7633
    8278
    8644
    9009
    9178
    9461
    9285
    8996
    8317
    7174
    6079
    4936
    4044
    3429
    3109
    2720
    2537
    2468
    2387
    2258
    2233
    2238
    2249
    2343
    2416
    2364
    2468
    2548
    2704
    2719
    3059
    3119
    3544
    3831
    3936
    4027
    4059
    4230
    4367
    4380
    4250
    4046
    3823
    3472
    3124
    2650
    2531
    2361
    2206
    2152
    2071
    2004
    1969
    1925
    1947
    1867
    1906
    1938
    1956
    1929
    1967
    1901
    1969
    1989
    1973
    1909
    1912
    2000
    1963
    1850
    1918
    1937
    1970
    1848
    1909
    1897
    1901
    1901
    1918
    1923
    1961
    1912
    2090
    2080
    2017
    2200
    2199
    2416
    2392
    2494
    2695
    2727
    2842
    2999
    3051
    3037
    3014
    2886
    2820
    2646
    2427
    2201
    2059
    1973
    1904
    1786
    1868
    1811
    1735
    1766
    1739
    1781
    1768
    1744
    1788
    1731
    1743
    1770
    1707
    1653
    1690
    1719
    1677
    1643
    1701
    1601
    1667
    1705
    1621
    1575
    1705
    1593
    1616
    1672
    1623
    1711
    1671
    1648
    1565
    1695
    1617
    1636
    1613
    1579
    1669
    1652
    1633
    1584
    1622
    1606
    1609
    1603
    1636
    1592
    1609
    1636
    1613
    1631
    1568
    1541
    1549
    1557
    1620
    1557
    1556
    1544
    1585
    1565
    1591
    1595
    1670
    1577
    1554
    1602
    1575
    1606
    1567
    1571
    1562
    1614
    1574
    1602
    1536
    1538
    1569
    1584
    1500
    1580
    1574
    1681
    1734
    1865
    1851
    2010
    2067
    2101
    2351
    2268
    2445
    2490
    2475
    2591
    2505
    2565
    2426
    2294
    2151
    1994
    1876
    1768
    1623
    1620
    1665
    1648
    1699
    1712
    1834
    1799
    1840
    1874
    1808
    1790
    1851
    1737
    1714
    1678
    1588
    1537
    1487
    1449
    1381
    1421
    1334
    1362
    1315
    1396
    1259
    1272
    1338
    1324
    1234
    1332
    1279
    1380
    1378
    1301
    1263
    1314
    1290
    1334
    1288
    1273
    1274
    1331
    1281
    1273
    1280
    1309
    1319
    1289
    1209
    1320
    1252
    1273
    1274
    1237
    1203
    1288
    1267
    1284
    1225
    1215
    1281
    1323
    1293
    1327
    1366
    1279
    1308
    1313
    1321
    1311
    1298
    1300
    1199
    1236
    1314
    1292
    1210
    1166
    1261
    1210
    1230
    1196
    1191
    1174
    1233
    1269
    1231
    1188
    1213
    1208
    1211
    1210
    1202
    1226
    1219
    1214
    1203
    1166
    1157
    1200
    1165
    1161
    1146
    1147
    1129
    1100
    1147
    1123
    1123
    1157
    1183
    1161
    1155
    1138
    1167
    1145
    1094
    1174
    1162
    1204
    1157
    1166
    1165
    1219
    1147
    1121
    1159
    1142
    1194
    1098
    1181
    1099
    1095
    1164
    1180
    1153
    1105
    1141
    1137
    1084
    1120
    1083
    1112
    1093
    1045
    1030
    1091
    1139
    1093
    1065
    1151
    1086
    1054
    1105
    1141
    1131
    1095
    1196
    1108
    1111
    1102
    1093
    1154
    1129
    1127
    1094
    1082
    1130
    1091
    1130
    1119
    1101
    1105
    1070
    1012
    1067
    1060
    1096
    1062
    1101
    1013
    1072
    1037
    1021
    1028
    1027
    1029
    1044
    1066
    1068
    1046
    1084
    1045
    1010
    1010
    1028
    1064
    1082
    1041
     982
     997
    1012
    1020
    1058
    1029
    1044
     997
     990
    1033
    1020
    1104
    1028
    1059
    1001
    1071
    1027
     981
    1012
     999
     996
    1003
    1024
    1002
     971
     952
     992
     976
     967
     975
     997
     977
    1036
    1046
     959
     945
     954
     916
     996
    1018
     945
     927
     896
     990
     998
     961
     947
     927
     992
     915
     963
     965
     919
     925
     942
     927
     919
     928
     944
     915
     939
     955
     913
     903
     972
     958
     936
     933
     978
     868
     949
     921
     886
     892
     871
     898
     946
     962
     968
     979
     952
     922
     932
     976
     993
     921
     941
     930
     953
     985
    1004
    1008
     973
     947
     880
     967
     995
     966
     969
     965
     914
     981
    1009
     935
     924
     952
     923
     941
     895
     912
     890
     841
     800
     932
     910
     866
     841
     916
     838
     874
     834
     849
     868
     832
     879
     861
     890
     834
     904
     894
     849
     867
     846
     815
     837
     862
     871
     896
     810
     832
     848
     841
     854
     897
     800
     838
     829
     862
     862
     851
     838
     863
     843
     855
     818
     887
     868
     803
     856
     841
     824
     818
     875
     851
     834
     882
     807
     844
     799
     865
     845
     822
     843
     800
     834
     804
     861
     787
     800
     818
     778
     805
     783
     790
     753
     787
     801
     778
     763
     748
     818
     794
     808
     786
     783
     835
     761
     786
     758
     795
     830
     773
     780
     741
     760
     828
     758
     816
     765
     860
     790
     800
     739
     788
     787
     774
     823
     756
     755
     815
     751
     761
     756
     770
     779
     769
     777
     747
     811
     792
     742
     754
     753
     799
     836
     759
     744
     753
     730
     710
     758
     749
     765
     723
     731
     725
     815
     731
     743
     771
     729
     751
     684
     756
     747
     752
     775
     750
     720
     721
     772
     716
     752
     725
     766
     694
     731
     696
     719
     723
     751
     742
     752
     732
     644
     709
     715
     726
     790
     677
     790
     721
     704
     668
     713
     667
     661
     729
     712
     723
     707
     656
     708
     689
     701
     740
     711
     710
     733
     697
     694
     698
     668
     720
     692
     660
     688
     714
     736
     696
     697
     692
     642
     707
     653
     708
     705
     685
     698
     696
     669
     732
     753
     640
     704
     681
     734
     699
     690
     672
     690
     630
     717
     682
     676
     675
     680
     672
     670
     681
     657
     699
     685
     700
     610
     671
     670
     667
     683
     627
     689
     622
     636
     692
     677
     682
     633
     654
     637
     677
     637
     663
     646
     637
     659
     665
     686
     637
     664
     648
     667
     690
     683
     615
     665
     635
     658
     594
     667
     624
     589
     633
     650
     629
     688
     602
     692
     645
     624
     643
     620
     677
     616
     648
     600
     640
     651
     673
     667
     649
     679
     659
     672
     603
     596
     649
     599
     613
     669
     641
     630
     589
     605
     635
     621
     586
     598
     592
     674
     625
     606
     596
     661
     647
     617
     591
     572
     614
     596
     597
     634
     597
     670
     629
     625
     671
     581
     618
     626
     603
     578
     601
     642
     586
     578
     635
     612
     564
     620
     552
     587
     606
     619
     638
     620
     620
     603
     571
     575
     590
     648
     628
     622
     647
     624
     618
     600
     606
     649
     647
     581
     612
     642
     610
     610
     624
     607
     659
     652
     577
     630
     596
     611
     594
     555
     547
     632
     575
     641
     588
     572
     573
     576
     569
     579
     562
     579
     622
     589
     583
     603
     597
     582
     583
     580
     580
     574
     572
     621
     606
     582
     556
     581
     586
     548
     543
     566
     580
     587
     549
     556
     533
     577
     625
     513
     588
     545
     541
     556
     575
     573
     566
     572
     564
     575
     544
     603
     622
     565
     567
     516
     571
     562
     530
     486
     519
     580
     570
     521
     597
     603
     591
     615
     648
     602
     611
     607
     676
     693
     665
     711
     684
     712
     729
     757
     812
     797
     852
     966
    1119
    1203
    1365
    1466
    1589
    1764
    1735
    1850
    1925
    2030
    2109
    2122
    2161
    2245
    2202
    2018
    1752
    1585
    1403
    1171
     989
     845
     785
     722
     689
     652
     635
     591
     551
     585
     567
     600
     541
     605
     574
     592
     550
     545
     566
     580
     618
     582
     601
     638
     548
     649
     600
     584
     639
     598
     604
     593
     566
     585
     556
     547
     534
     543
     552
     513
     499
     530
     501
     571
     527
     545
     536
     578
     498
     490
     524
     548
     541
     543
     564
     539
     492
     533
     532
     526
     478
     500
     501
     506
     574
     522
     488
     498
     474
     508
     509
     568
     509
     505
     544
     528
     522
     521
     530
     574
     521
     592
     578
     592
     571
     563
     515
     547
     591
     546
     528
     531
     544
     573
     563
     515
     521
     516
     460
     489
     518
     497
     515
     509
     452
     500
     466
     505
     482
     472
     479
     476
     499
     533
     441
     504
     475
     481
     477
     487
     463
     484
     483
     479
     472
     479
     507
     473
     517
     475
     499
     474
     463
     485
     471
     509
     437
     488
     454
     473
     535
     500
     518
     490
     495
     500
     498
     508
     523
     545
     504
     516
     496
     524
     581
     517
     512
     544
     474
     485
     495
     480
     472
     465
     450
     456
     490
     506
     438
     458
     451
     443
     439
     430
     422
     447
     466
     474
     457
     435
     435
     438
     460
     427
     484
     444
     450
     450
     441
     484
     439
     474
     452
     457
     491
     464
     431
     442
     461
     448
     430
     414
     416
     441
     459
     410
     451
     418
     446
     449
     441
     407
     463
     412
     457
     403
     436
     464
     460
     431
     448
     418
     440
     415
     464
     412
     450
     431
     403
     427
     425
     421
     449
     434
     437
     446
     458
     411
     416
     422
     446
     414
     459
     422
     413
     371
     390
     430
     411
     420
     405
     426
     415
     416
     428
     382
     411
     425
     415
     402
     442
     445
     403
     452
     379
     405
     439
     391
     418
     426
     388
     418
     407
     378
     373
     418
     400
     435
     410
     397
     410
     386
     408
     395
     410
     388
     395
     390
     404
     415
     369
     407
     402
     408
     455
     377
     380
     375
     381
     363
     402
     370
     388
     394
     407
     383
     404
     352
     348
     407
     373
     355
     369
     396
     407
     357
     396
     385
     417
     366
     402
     382
     387
     376
     379
     388
     399
     373
     373
     401
     394
     373
     327
     386
     385
     396
     391
     364
     360
     374
     385
     395
     350
     377
     390
     384
     386
     375
     350
     384
     356
     395
     408
     366
     353
     375
     354
     369
     347
     369
     353
     375
     394
     378
     344
     373
     353
     360
     372
     338
     358
     385
     356
     381
     377
     395
     374
     363
     391
     353
     367
     327
     350
     394
     341
     361
     316
     363
     315
     344
     385
     334
     343
     343
     367
     396
     350
     339
     360
     323
     353
     319
     382
     324
     375
     361
     351
     348
     384
     330
     341
     369
     343
     329
     358
     326
     338
     355
     359
     310
     338
     368
     350
     357
     338
     344
     303
     310
     331
     341
     326
     359
     346
     368
     360
     352
     356
     339
     332
     337
     331
     314
     335
     304
     339
     342
     358
     334
     348
     334
     345
     357
     338
     322
     340
     362
     358
     328
     324
     388
     394
     367
     369
     389
     357
     404
     338
     375
     389
     390
     430
     405
     382
     398
     341
     385
     333
     363
     343
     343
     365
     332
     358
     315
     308
     332
     328
     307
     295
     304
     311
     344
     319
     332
     307
     327
     317
     328
     338
     318
     315
     325
     323
     292
     324
     301
     328
     329
     352
     314
     336
     301
     315
     316
     292
     342
     299
     339
     312
     330
     320
     328
     336
     338
     312
     311
     321
     333
     314
     308
     300
     303
     316
     347
     324
     342
     297
     303
     338
     309
     325
     303
     324
     279
     310
     322
     318
     304
     310
     323
     313
     298
     281
     287
     307
     322
     301
     310
     303
     298
     299
     323
     285
     323
     309
     301
     314
     342
     301
     331
     329
     318
     346
     328
     320
     336
     324
     294
     329
     340
     373
     332
     347
     393
     353
     367
     413
     442
     425
     446
     498
     564
     528
     493
     535
     511
     534
     516
     555
     596
     546
     518
     497
     441
     452
     368
     355
     338
     362
     337
     332
     308
     293
     323
     296
     304
     320
     312
     294
     328
     345
     344
     332
     332
     343
     322
     355
     367
     388
     407
     378
     446
     502
     535
     536
     624
     673
     795
     742
     789
     784
     869
     868
     886
     937
     941
     991
     980
     919
     851
     815
     755
     636
     583
     488
     429
     400
     363
     352
     350
     305
     307
     304
     303
     290
     322
     318
     298
     273
     273
     302
     300
     308
     291
     293
     266
     271
     266
     290
     288
     288
     325
     276
     281
     275
     294
     284
     266
     301
     246
     273
     274
     252
     281
     269
     273
     285
     278
     281
     278
     257
     260
     259
     261
     275
     274
     265
     263
     263
     257
     287
     258
     282
     296
     275
     246
     272
     279
     273
     279
     254
     246
     249
     274
     290
     237
     294
     296
     273
     285
     264
     252
     268
     247
     280
     283
     251
     287
     259
     269
     266
     253
     241
     279
     254
     260
     269
     267
     250
     258
     249
     265
     279
     274
     245
     262
     289
     304
     278
     317
     285
     314
     308
     347
     334
     340
     390
     373
     343
     371
     381
     409
     395
     378
     372
     391
     410
     395
     382
     387
     368
     339
     366
     289
     344
     285
     306
     265
     260
     245
     257
     242
     262
     242
     216
     269
     221
     238
     253
     244
     253
     240
     216
     276
     235
     235
     240
     228
     237
     251
     237
     248
     269
     252
     273
     246
     282
     254
     261
     263
     258
     240
     232
     227
     258
     255
     255
     269
     229
     266
     288
     257
     264
     258
     257
     281
     272
     269
     259
     252
     262
     264
     278
     300
     292
     249
     270
     240
     259
     213
     238
     215
     245
     222
     236
     236
     231
     223
     249
     228
     195
     240
     223
     253
     246
     231
     217
     234
     233
     202
     242
     226
     204
     217
     215
     218
     204
     207
     202
     225
     223
     235
     230
     205
     237
     206
     212
     235
     220
     199
     221
     202
     239
     222
     209
     222
     197
     204
     203
     217
     222
     228
     227
     223
     213
     235
     239
     230
     212
     196
     219
     224
     223
     205
     222
     190
     212
     228
     218
     219
     211
     204
     207
     210
     203
     204
     180
     200
     214
     204
     218
     194
     210
     211
     231
     203
     186
     214
     208
     213
     202
     205
     227
     198
     204
     211
     191
     201
     186
     213
     189
     219
     238
     194
     198
     217
     199
     193
     187
     189
     193
     196
     194
     201
     191
     209
     192
     211
     202
     205
     196
     193
     214
     206
     192
     193
     221
     175
     193
     216
     205
     192
     197
     204
     224
     202
     204
     213
     181
     191
     191
     188
     199
     219
     213
     208
     204
     206
     214
     208
     230
     217
     227
     200
     213
     201
     205
     191
     190
     217
     181
     216
     198
     217
     200
     207
     167
     205
     197
     177
     210
     198
     188
     194
     180
     166
     196
     169
     178
     189
     199
     186
     169
     176
     185
     201
     179
     215
     167
     176
     193
     187
     196
     186
     190
     185
     183
     172
     208
     178
     180
     169
     169
     184
     208
     189
     193
     204
     186
     192
     205
     206
     211
     191
     172
     200
     178
     187
     217
     181
     212
     198
     179
     212
     202
     182
     185
     181
     198
     231
     174
     213
     207
     184
     212
     245
     218
     195
     227
     207
     200
     207
     211
     198
     219
     196
     195
     181
     165
     158
     177
     187
     186
     178
     173
     196
     187
     191
     197
     209
     194
     191
     218
     213
     201
     183
     209
     207
     197
     202
     197
     233
     214
     223
     226
     235
     229
     231
     231
     232
     235
     216
     218
     242
     239
     229
     243
     246
     225
     242
     214
     233
     219
     198
     201
     199
     185
     211
     226
     210
     201
     229
     168
     188
     194
     207
     203
     196
     183
     171
     203
     207
     187
     184
     158
     174
     173
     162
     171
     154
     159
     175
     161
     154
     175
     180
     187
     174
     177
     185
     177
     188
     163
     169
     163
     180
     150
     165
     158
     162
     170
     158
     172
     178
     164
     165
     156
     162
     163
     152
     156
     172
     148
     158
     160
     162
     166
     173
     159
     164
     144
     159
     156
     154
     173
     159
     162
     156
     165
     187
     150
     179
     173
     163
     159
     153
     167
     166
     162
     167
     165
     164
     167
     160
     159
     166
     177
     172
     145
     186
     200
     184
     178
     171
     173
     182
     171
     179
     163
     155
     181
     159
     172
     158
     147
     174
     145
     195
     156
     158
     170
     179
     172
     155
     159
     179
     159
     157
     168
     162
     167
     129
     169
     164
     175
     176
     150
     143
     147
     154
     148
     157
     148
     165
     130
     164
     167
     180
     161
     164
     164
     177
     157
     175
     166
     161
     172
     179
     164
     164
     159
     176
     160
     188
     159
     160
     163
     154
     191
     182
     167
     188
     177
     193
     180
     178
     174
     178
     191
     189
     192
     173
     175
     192
     176
     199
     198
     176
     174
     178
     195
     174
     167
     159
     164
     151
     188
     134
     144
     155
     163
     168
     167
     164
     163
     148
     172
     161
     166
     154
     175
     133
     152
     173
     150
     167
     171
     162
     151
     178
     191
     150
     165
     177
     177
     168
     162
     153
     158
     165
     173
     155
     165
     180
     144
     169
     166
     190
     163
     168
     163
     162
     176
     186
     177
     182
     165
     195
     181
     161
     185
     185
     171
     201
     198
     188
     213
     183
     207
     199
     185
     219
     222
     200
     207
     191
     197
     207
     212
     194
     190
     189
     170
     175
     181
     160
     146
     185
     157
     158
     166
     162
     165
     154
     199
     180
     153
     158
     152
     180
     134
     157
     152
     137
     152
     149
     168
     149
     153
     137
     141
     132
     127
     140
     139
     123
     151
     123
     156
     130
     141
     143
     136
     126
     131
     113
     130
     127
     132
     109
     130
     116
     132
     115
     136
     142
     133
     113
     116
     149
     129
     122
     128
     121
     136
     160
     135
     120
     123
     120
     112
     137
     136
     124
     146
     124
     151
     139
     127
     127
     125
     145
     122
     129
     126
     150
     131
     114
     130
     107
     124
     121
     136
     127
      93
     105
     110
     109
     121
     116
     108
      88
     112
     108
      98
     111
     117
     112
     113
     113
     107
     121
     123
     108
     102
     101
     111
     117
     122
     106
     132
     116
     124
     127
     111
     112
     130
     114
     129
     110
     121
     114
     106
     110
     114
     111
     104
     119
     100
     121
     125
     127
      89
     111
     130
     109
     120
     110
     125
     113
     110
     130
     116
     138
     128
     147
     133
     135
     128
     126
     122
     136
     116
     131
     114
     108
     126
      90
     131
      97
     128
     106
     123
     117
      93
     105
      84
     119
     106
     114
     107
     106
     103
      96
     100
      97
      88
      95
      95
     109
     101
     109
      97
     103
      93
     108
      93
      91
      92
     111
      84
      95
      90
      88
     110
     102
      87
     105
     101
     103
     118
      91
      92
     106
     101
     101
     104
      85
     107
      93
      89
     102
      90
      84
      95
     117
      97
      87
      96
     103
      97
      86
     115
      89
     107
     105
      89
      84
     104
      93
      88
     107
     113
      93
     102
      90
      97
      95
     106
      95
      94
      95
      84
      98
     105
      76
      81
      89
      89
     102
     111
      80
      88
      82
     104
      88
     102
      92
      79
      83
      90
      93
      94
      81
      74
      90
      67
      79
      64
      68
      65
      66
      57
      76
      75
      61
      67
      79
      80
      50
      66
      63
      75
      59
      63
      60
      66
      55
      76
      81
      61
      63
      75
      88
      57
      55
      52
      62
      58
      62
      67
      69
      62
      60
      64
      49
      57
      66
      52
      56
      66
      54
      64
      61
      63
      55
      70
      64
      67
      60
      66
      53
      61
      63
      56
      57
      64
      62
      53
      60
      64
      65
      57
      58
      40
      53
      54
      64
      56
      43
      47
      68
      75
      52
      54
      73
      54
      63
      46
      57
      55
      58
      64
      55
      56
      63
      58
      57
      57
      46
      50
      71
      59
      68
      54
      64
      63
      60
      69
      56
      53
      74
      54
      65
      53
      54
      67
      59
      54
      64
      63
      59
      61
      61
      53
      46
      44
      62
      53
      54
      52
      62
      52
      58
      42
      41
      49
      47
      55
      49
      43
      45
      38
      49
      52
      39
      49
      48
      57
      52
      41
      40
      43
      47
      48
      35
      44
      52
      42
      38
      53
      52
      35
      42
      47
      45
      45
      38
      43
      52
      58
      40
      48
      42
      47
      46
      50
      44
      45
      45
      44
      48
      44
      46
      47
      48
      41
      48
      41
      33
      41
      41
      41
      39
      39
      36
      48
      43
      33
      41
      50
      40
      36
      41
      36
      44
      40
      43
      34
      51
      41
      58
      32
      36
      55
      33
      35
      41
      43
      39
      39
      48
      39
      39
      41
      46
      33
      53
      38
      41
      30
      43
      44
      54
      48
      41
      35
      42
      44
      42
      49
      40
      39
      41
      42
      35
      42
      42
      45
      40
      40
      44
      49
      30
      39
      53
      33
      31
      46
      45
      42
      55
      31
      28
      45
      42
      47
      36
      34
      46
      49
      43
      35
      33
      46
      46
      33
      48
      50
      35
      30
      43
      44
      41
      38
      38
      39
      44
      40
      44
      36
      45
      41
      32
      42
      38
      41
      59
      38
      39
      38
      37
      40
      41
      34
      49
      34
      47
      45
      39
      42
      45
      40
      34
      41
      50
      41
      45
      36
      34
      56
      51
      55
      55
      43
      55
      57
      48
      46
      56
      70
      66
      73
      86
      88
      99
     107
     127
     127
     132
     137
     149
     174
     187
     196
     226
     273
     351
     369
     426
     511
     536
     624
     648
     685
     747
     769
     848
     788
     782
     850
     880
     892
     972
     955
    1034
     970
    1012
     951
     932
     800
     652
     580
     481
     340
     238
     231
     200
     165
     148
     127
     124
      97
      67
      81
      75
      84
      98
      77
      76
      79
      72
      91
      79
      95
      79
      68
      82
      85
      71
      84
      98
     102
     111
      87
      83
     126
      75
      97
      83
      76
      75
      56
      55
      57
      55
      50
      43
      37
      49
      39
      50
      53
      45
      39
      30
      38
      42
      38
      40
      37
      44
      41
      43
      34
      38
      46
      41
      34
      35
      51
      38
      45
      42
      45
      36
      40
      49
      32
      41
      44
      54
      30
      40
      45
      38
      33
      39
      54
      47
      41
      42
      30
      34
      43
      44
      41
      35
      44
      37
      46
      31
      39
      39
      42
      38
      36
      45
      40
      44
      46
      46
      44
      32
      35
      34
      32
      48
      43
      37
      45
      35
      42
      34
      52
      46
      35
      42
      44
      37
      48
      30
      44
      40
      45
      40
      46
      31
      38
      39
      36
      35
      45
      38
      36
      49
      43
      39
      33
      34
      32
      47
      43
      35
      37
      29
      37
      31
      33
      33
      39
      29
      33
      37
      36
      41
      35
      37
      26
      32
      37
      26
      30
      30
      33
      35
      23
      45
      33
      37
      33
      34
      28
      30
      37
      32
      36
      29
      37
      40
      34
      33
      29
      40
      44
      46
      38
      44
      47
      40
      33
      36
      43
      34
      43
      38
      50
      43
      54
      61
      66
      48
      51
      64
      66
      51
      72
      66
      68
      59
      66
      52
      65
      65
      81
      53
      73
      54
      60
      54
      46
      54
      45
      47
      38
      43
      33
      38
      43
      41
      45
      37
      48
      41
      39
      31
      35
      42
      38
      37
      34
      30
      37
      38
      39
      30
      39
      37
      31
      37
      43
      36
      35
      36
      25
      20
      27
      33
      43
      31
      28
      36
      34
      37
      34
      34
      34
      43
      34
      33
      26
      27
      34
      36
      29
      27
      34
      33
      41
      31
      32
      59
      27
      33
      31
      31
      40
      44
      40
      38
      45
      24
      34
      31
      30
      25
      39
      41
      32
      49
      33
      36
      33
      57
      40
      46
      33
      30
      43
      51
      45
      62
      54
      43
      37
      60
      49
      59
      57
      56
      57
      55
      80
      64
      58
      71
      98
      88
      97
      93
     116
     109
      99
      88
     105
     121
     106
     107
     116
     117
     101
     110
     102
     103
     101
     111
      95
      92
      88
      71
      77
      69
      65
      59
      67
      66
      40
      65
      47
      57
      53
      43
      42
      42
      43
      42
      43
      37
      43
      39
      49
      44
      59
      52
      53
      57
      44
      59
      78
      55
      54
      47
      63
      46
      56
      52
      39
      52
      60
      56
      60
      67
      66
      56
      64
      47
      50
      46
      32
      41
      41
      38
      38
      35
      39
      40
      45
      34
      46
      42
      40
      31
      35
      38
      34
      37
      34
      45
      41
      42
      34
      32
      36
      32
      33
      44
      31
      42
      25
      38
      39
      34
      35
      35
      33
      27
      33
      30
      31
      37
      47
      32
      37
      44
      37
      33
      25
      31
      37
      35
      31
      37
      33
      35
      30
      43
      44
      36
      39
      32
      41
      36
      45
      43
      40
      42
      38
      37
      38
      38
      31
      46
      41
      41
      31
      40
      40
      50
      34
      36
      44
      47
      36
      30
      30
      42
      29
      44
      41
      34
      41
      41
      36
      22
      38
      46
      48
      31
      32
      33
      29
      30
      50
      30
      27
      44
      39
      36
      25
      40
      37
      38
      24
      47
      37
      28
      36
      42
      31
      42
      33
      38
      32
      43
      39
      37
      39
      50
      38
      30
      33
      38
      40
      39
      47
      36
      26
      42
      33
      38
      38
      35
      34
      39
      29
      32
      27
      45
      44
      44
      36
      36
      42
      38
      36
      33
      38
      42
      44
      42
      47
      36
      41
      39
      40
      39
      46
      35
      41
      32
      45
      36
      35
      35
      43
      37
      45
      39
      41
      26
      42
      43
      49
      43
      41
      39
      32
      34
      40
      26
      37
      49
      29
      29
      30
      35
      29
      45
      34
      36
      33
      39
      35
      39
      37
      29
      26
      45
      37
      38
      39
      35
      35
      32
      51
      29
      36
      42
      33
      32
      40
      37
      45
      40
      38
      37
      36
      43
      35
      43
      45
      47
      35
      39
      37
      36
      39
      41
      43
      38
      33
      50
      41
      42
      31
      42
      43
      40
      38
      36
      33
      38
      34
      39
      33
      38
      34
      28
      44
      37
      34
      27
      50
      52
      38
      48
      33
      42
      34
      37
      40
      25
      29
      51
      40
      30
      38
      31
      40
      36
      35
      40
      31
      29
      57
      33
      42
      42
      45
      48
      34
      44
      40
      38
      42
      32
      58
      38
      43
      29
      37
      28
      39
      35
      52
      34
      45
      39
      29
      44
      30
      29
      37
      35
      47
      26
      31
      34
      33
      27
      41
      46
      38
      34
      29
      40
      36
      39
      27
      45
      41
      37
      35
      33
      38
      31
      37
      41
      26
      57
      41
      37
      45
      43
      38
      50
      25
      36
      25
      33
      32
      45
      33
      47
      23
      42
      41
      29
      45
      41
      34
      44
      38
      44
      43
      33
      45
      33
      42
      32
      42
      34
      45
      39
      42
      30
      49
      36
      47
      47
      37
      36
      53
      39
      47
      37
      36
      37
      36
      44
      40
      31
      32
      45
      37
      42
      40
      40
      50
      52
      45
      38
      37
      36
      35
      34
      36
      48
      47
      41
      41
      56
      43
      41
      44
      53
      55
      56
      40
      51
      49
      55
      36
      36
      48
      65
      56
      45
      49
      37
      50
      51
      55
      51
      56
      57
      53
      45
      46
      59
      39
      41
      55
      52
      56
      39
      40
      54
      47
      50
      49
      49
      46
      44
      39
      50
      45
      46
      52
      40
      42
      49
      50
      45
      52
      40
      50
      45
      34
      54
      48
      50
      41
      40
      39
      39
      37
      41
      39
      47
      55
      46
      47
      40
      44
      29
      44
      60
      48
      54
      38
      50
      46
      43
      46
      43
      38
      35
      45
      44
      41
      39
      42
      40
      44
      38
      39
      31
      46
      51
      48
      56
      53
      49
      47
      50
      42
      49
      37
      36
      25
      41
      47
      42
      43
      35
      37
      51
      34
      57
      38
      44
      42
      44
      48
      44
      45
      44
      40
      50
      41
      42
      55
      49
      45
      42
      40
      49
      41
      52
      37
      45
      53
      38
      43
      44
      41
      52
      38
      34
      39
      47
      41
      59
      46
      38
      48
      42
      39
      44
      42
      41
      49
      58
      38
      48
      39
      42
      45
      62
      46
      64
      67
      49
      56
      55
      67
      53
      73
      63
      73
      71
      68
      72
      65
      69
      79
      61
      82
      86
      91
      64
      71
      76
      87
      84
      86
      82
     100
      81
      68
      75
      66
      47
      60
      56
      49
      50
      40
      41
      44
      47
      40
      42
      35
      43
      43
      30
      41
      31
      43
      32
      36
      35
      32
      37
      39
      38
      33
      25
      50
      40
      41
      38
      39
      41
      45
      35
      31
      38
      31
      26
      28
      36
      38
      39
      43
      28
      38
      46
      31
      27
      35
      34
      43
      27
      35
      34
      36
      38
      33
      26
      37
      27
      39
      24
      33
      28
      44
      34
      24
      25
      35
      32
      25
      34
      31
      36
      36
      24
      34
      29
      25
      39
      29
      22
      22
      28
      31
      31
      25
      29
      35
      31
      36
      25
      20
      29
      35
      31
      22
      25
      30
      33
      27
      27
      33
      35
      26
      35
      30
      35
      26
      37
      21
      24
      36
      29
      25
      41
      33
      31
      27
      35
      23
      32
      21
      26
      30
      28
      35
      14
      25
      28
      25
      23
      23
      28
      19
      34
      29
      34
      29
      38
      23
      17
      25
      24
      30
      26
      25
      25
      39
      27
      29
      18
      31
      29
      23
      33
      27
      28
      22
      27
      16
      29
      26
      22
      28
      18
      23
      26
      26
      31
      27
      23
      26
      19
      33
      31
      16
      23
      34
      26
      19
      21
      26
      31
      20
      20
      19
      33
      21
      19
      29
      30
      26
      22
      26
      24
      18
      23
      19
      25
      18
      33
      28
      18
      22
      17
      22
      33
      21
      20
      21
      25
      28
      23
      19
      18
      26
      21
      12
      18
      24
      16
      21
      21
      21
      17
      25
      14
      20
      18
      14
      19
      18
      21
      30
      26
      23
      20
      24
      20
      21
      19
      25
      18
      18
      21
      24
      24
      16
      21
      32
      15
      10
      19
      19
      27
      15
      17
      13
      15
      18
      23
      21
      22
      19
      14
      19
      18
      22
      18
      12
      19
      31
      18
      12
      18
      19
      20
      10
      19
      23
      15
      18
      23
      16
      31
      15
      20
      17
      19
      14
      12
      12
      14
      16
      10
      20
      20
      14
      22
      18
      23
      15
       9
      14
      15
      17
       8
      18
      18
      16
      18
      12
      14
      11
      13
      15
      15
      19
      18
      10
      12
      11
       7
      15
      19
      11
      12
      16
       6
      15
      11
      15
      13
       9
      18
       9
      12
      10
      13
      18
      15
      21
      10
      17
      12
      16
      14
      10
      11
      15
       9
      13
      13
      10
      11
       9
       7
      14
       8
      15
      12
      13
      11
      14
      13
      16
      15
      13
      13
      11
      10
      14
       9
       9
      15
       8
       6
      13
      13
       7
       8
      12
      12
      19
      12
      11
       6
       8
      11
      12
      11
      14
       8
       9
      14
       6
      16
       8
       7
      10
       8
      10
       9
      14
       7
       7
       9
       9
      10
      11
      13
      14
      10
       9
      19
      16
      12
      13
       8
       8
      10
      11
      11
      10
      18
      14
      21
      14
      15
      18
      21
      23
      24
      17
      18
      18
      25
      23
      29
      31
      36
      30
      34
      47
      37
      42
      65
      64
      67
      79
      97
      91
      85
      90
      86
     100
     116
     104
      89
     107
     124
     106
     117
      99
     125
     123
     135
     157
     135
     146
     131
     124
     112
      94
      76
      56
      50
      46
      32
      24
      31
      18
      22
      19
      17
      16
      12
      19
      17
      14
      10
      14
       6
      15
      10
      12
      15
       9
      10
      15
       4
      12
      12
      12
       5
       8
      17
      12
       9
       6
      12
      11
      17
       5
       6
      10
      14
      18
       7
      10
      13
       7
      13
       5
       3
       6
       1
       2
       3
       0
       1
       0
       1
       0
       0
       0
       1
       0
       0
       0
       0
       0
       1
       2
       1
       0
       1
       2
       0
       0
       0
       0
       0
       1
       0
       0
       0
       1
       0
       0
       1
       0
       0
       0
       0
       1
       1
       0
       0
       0
       0
       0
       0
       0
       0
       0
       0
       0
       0
       0
       0
       0
       0
       0
       0
       0
       0
       0
       0
       0
       0
       0
       0
       0
       0
       0
       0
       0
       0
       0
       0
       0
       0
       0
       0
       0
       0
       0
       0
       0
       0
       0
       0
       0
       0
       0
       0
       0
       0
       0
       0
       0
       0
       0
       0
       0
       0
       0
       0
       0
       0
       0
       0
       0
       0
       0
       0
       0
       0
       0
       0
       0
       0
       0
       0
       0
       0
       0
       0
       0
       0
       0
       0
       0
       0
       0
       0
       0
       0
       0
       0
       0
       0
       0
       0
       0
       0
       0
       0
       0
       0
       0
       0
       0
       0
       0
       0
       0
       0
       0
       0
       0
       0
       0
       0
       0
       0
       0
       0
       0
       0
       0
       0
       0
       0
       0
       0
       0
       0
       0
       0
       0
       0
       0
       0
       0
       0
       0
       0
       0
$ROI:
3
794 798
1741 1747
2150 2168
$PRESETS:
None
0
0
$ENER_FIT:
0.089641 0.383673
$MCA_CAL:
3
8.964116E-002 3.836726E-001 4.212444E-008 keV
$SHAPE_CAL:
3
2.481216E+000 9.895641E-004 3.457022E-008
