 probability of flux obtained by MIEKE
           1           1
           1          11          11  5.9437635E+09
  5.6657265E+09  0.0000000E+00  0.0000000E+00
  5.6910024E+09  1.3390253E-05  1.3390253E-05
  5.7162788E+09  1.5245210E-03  1.5245210E-03
  5.7415547E+09  3.9026640E-02  3.9026640E-02
  5.7668306E+09  0.2689346      0.2689346    
  5.7921070E+09  0.3794783      0.3794783    
  5.8173829E+09  0.2701252      0.2701252    
  5.8426588E+09  3.9347984E-02  3.9347984E-02
  5.8679352E+09  1.5337042E-03  1.5337042E-03
  5.8932111E+09  1.5584264E-05  1.5584264E-05
  5.9184870E+09  2.2618671E-08  2.2618671E-08
