 probability of flux obtained by MIEKE
           1           1
           1           9           9  5.8764227E+09
  5.6505549E+09  0.0000000E+00  0.0000000E+00
  5.6756511E+09  4.7249778E-06  4.7249778E-06
  5.7007473E+09  2.5580130E-03  2.5580130E-03
  5.7258440E+09  0.1249117      0.1249117    
  5.7509402E+09  0.4194284      0.4194284    
  5.7760369E+09  0.4194284      0.4194284    
  5.8011331E+09  3.3415940E-02  3.3415940E-02
  5.8262298E+09  2.5264881E-04  2.5264881E-04
  5.8513260E+09  1.9999905E-07  1.9999905E-07
