2.5 0.197788208383 0.00874415235852
3.5 0.00958357661824 0.00629933083851
4.5 0.0738478842743 0.00496415698022
5.5 0.0452798705109 0.008817652748
6.5 0.0809283288604 0.0159287743807
7.5 0.0521501523825 0.029667484538
8.5 0.0724637902778 0.0411034712325
9.5 0.104210907192 0.0620008802374
10.5 0.0593544988674 0.0370695346078
11.5 0.0644485921259 0.0380333116721
12.5 0.0514114461249 0.0320529519161
13.5 0.0432041216108 0.0267630401392
14.5 0.0300697361449 0.0196542838615
15.5 0.0270890328697 0.0157007145295
16.5 0.0174521313836 0.00996005875777
17.5 0.0125219336748 0.00760944955657
18.5 0.00918442429857 0.00630340406482
19.5 0.00864647048463 0.00537359717249
20.5 0.00888721657921 0.00571204898329
21.5 0.00551583022808 0.00354270975721
22.5 0.00423368083189 0.00294845424807
23.5 0.00338667804117 0.00231222389347
24.5 0.00353488980624 0.00226390258631
25.5 0.00340087186629 0.00214807756373
26.5 0.0028038686031 0.00184580136664
27.5 0.00194031941957 0.00138839231715
28.5 0.00152540489631 0.00114837554449
29.5 0.00147749093416 0.00103869900914
30.5 0.00142793017463 0.00092559643349
31.5 0.000900798172111 0.000643277337222
32.5 0.000483625183864 0.000384921427973
33.5 0.000272827276103 0.000233209587398
34.5 0.000178983350573 0.000154762210791
35.5 0.000138777968589 0.000120099206468
36.5 0.00012794831528 0.000110389527794
37.5 0.000127752267971 0.000109292631869
