2.5 3462604071.85 153080599.743
3.5 167776085.806 110280025.233
4.5 1292827246.25 86905636.658
5.5 792697731.0 154367343.529
6.5 1416781937.26 278859086.096
7.5 912973182.088 519377538.239
8.5 1268596431.15 719583073.33
9.5 1824381314.36 1085426184.52
10.5 1039096977.22 648962455.971
11.5 1128277359.63 665834940.0
12.5 900040928.358 561139022.021
13.5 756358372.589 468530518.166
14.5 526419606.435 344080184.984
15.5 474237550.781 274866527.712
16.5 305527926.489 174367017.591
17.5 219216802.075 133215782.854
18.5 160788275.67 110351333.681
19.5 151370519.769 94073552.7262
20.5 155585171.463 99998701.7923
21.5 96563573.5492 62020892.6051
22.5 74117464.3688 51617484.0172
23.5 59289303.8026 40479237.534
24.5 61883991.6528 39633294.5109
25.5 59537789.7819 37605589.2291
26.5 49086277.2932 32313753.0806
27.5 33968445.2263 24306064.1987
28.5 26704692.0964 20104180.4709
29.5 25865880.3099 18184114.452
30.5 24998238.6584 16204070.0287
31.5 15769936.1563 11261615.3683
32.5 8466644.92582 6738675.24629
33.5 4776284.92046 4082712.88526
34.5 3133394.47054 2709364.04972
35.5 2429533.90927 2102531.81795
36.5 2239943.22561 1932548.1107
37.5 2236511.09882 1913345.16464
