#adc channel for pulse height psd
#tdc channel 
#x loc y loc z loc
#adc calib a adc calib b
#target = 1 for target
//
0 1
1
45.5 4.0 4.5
0.005381944 -0.549166667
1
//
2 3
2
45.5 4 -4.5
0.005535714 -0.685714286
1
//
4 5
3 
73.5 -3.5 4.5
0.005535714 -0.774285714
1
//
6 7
4
73.5 -3.5 -4.5
0.005871212 -0.983636364
1
//
8 9
5
96 131.5 0
0.0024021 -0.230394
0
//
10 11
6
132.5 126 0
0.00264689 -0.163583
0
//
12 13
7
189.5 89.5 0
0.00284453 -0.448333
0
//
14 15
8
147 108.75 0
0.00271056 -0.324169
0
///
8 0 9 10 11 12 13 14 15 

