PSD values
 peak window - tail offset - tail window - fom
10  24  12  0
10  24  13  0
10  24  14  1.6898
10  24  15  1.72144
10  24  16  1.73012
10  24  17  1.72629
10  27  12  0.039926
10  27  13  1.63257
10  27  14  1.7168
10  27  15  1.73917
10  27  16  1.74076
10  27  17  1.73024
10  30  12  1.50114
10  30  13  1.66137
10  30  14  1.73203
10  30  15  1.7466
10  30  16  1.74239
10  30  17  1.72982
10  33  12  1.53892
10  33  13  1.68656
10  33  14  1.74358
10  33  15  1.74944
10  33  16  1.74027
10  33  17  1.72326
11  24  12  0
11  24  13  0
11  24  14  1.7416
11  24  15  1.75334
11  24  16  1.74565
11  24  17  1.72956
11  27  12  1.55259
11  27  13  1.70615
11  27  14  1.76273
11  27  15  1.76522
11  27  16  1.7511
11  27  17  1.73064
11  30  12  1.59952
11  30  13  1.72912
11  30  14  1.77154
11  30  15  1.76678
11  30  16  1.74781
11  30  17  1.72516
11  33  12  1.63367
11  33  13  1.74387
11  33  14  1.77252
11  33  15  1.76529
11  33  16  1.74265
11  33  17  1.71872
12  24  12  0
12  24  13  0
12  24  14  1.75899
12  24  15  1.75728
12  24  16  1.74621
12  24  17  0
12  27  12  1.60804
12  27  13  1.73744
12  27  14  1.77371
12  27  15  1.76758
12  27  16  1.74707
12  27  17  1.71861
12  30  12  1.65071
12  30  13  1.7542
12  30  14  1.78088
12  30  15  1.76895
12  30  16  1.74297
12  30  17  1.71586
12  33  12  1.67991
12  33  13  1.76405
12  33  14  1.77891
12  33  15  1.76277
12  33  16  1.73529
12  33  17  1.70474
13  24  12  0
13  24  13  0
13  24  14  1.75972
13  24  15  0
13  24  16  0
13  24  17  0
13  27  12  1.63938
13  27  13  1.75178
13  27  14  1.77731
13  27  15  1.76456
13  27  16  1.73752
13  27  17  1.71339
13  30  12  1.67788
13  30  13  1.76558
13  30  14  1.78021
13  30  15  1.76229
13  30  16  1.73705
13  30  17  1.7044
13  33  12  1.70716
13  33  13  1.77301
13  33  14  1.77811
13  33  15  1.75768
13  33  16  1.72761
13  33  17  1.69221
14  24  12  0
14  24  13  1.72711
14  24  14  0
14  24  15  0
14  24  16  0
14  24  17  0
14  27  12  1.65592
14  27  13  1.76134
14  27  14  1.776
14  27  15  1.75814
14  27  16  1.74069
14  27  17  0
14  30  12  1.69559
14  30  13  1.77304
14  30  14  1.7788
14  30  15  1.75885
14  30  16  1.7314
14  30  17  1.69545
14  33  12  1.71808
14  33  13  1.77831
14  33  14  1.77383
14  33  15  1.75255
14  33  16  1.71965
14  33  17  1.68509
